197,160,915.30078125,345.75848388671875,126.1627197265625,138.76242065429688,0.6825452446937561,1,13,-1
198,160,913.6231689453125,346.73492431640625,126.353759765625,136.88653564453125,0.6732285618782043,1,13,-1
215,160,877.260986328125,321.14044189453125,129.9090576171875,150.06719970703125,0.6357840299606323,1,13,-1
216,160,871.6337280273438,319.4061584472656,133.42816162109375,151.76202392578125,0.681339681148529,1,13,-1
217,160,866.9390869140625,316.3835754394531,136.34002685546875,153.64639282226562,0.6432485580444336,1,13,-1
219,160,862.5933837890625,324.0589294433594,134.77490234375,143.71160888671875,0.6680900454521179,1,13,-1
222,160,859.63671875,311.8363037109375,127.9844970703125,151.820068359375,0.5423553586006165,1,13,-1
223,160,856.92431640625,298.86328125,129.85955810546875,164.3189697265625,0.7028542160987854,1,13,-1
224,160,853.2022705078125,287.82806396484375,133.9306640625,174.28631591796875,0.7924025654792786,1,13,-1
225,160,850.1701049804688,281.66998291015625,135.05194091796875,180.12896728515625,0.787519097328186,1,13,-1
226,160,846.4542846679688,283.720947265625,137.57098388671875,177.33773803710938,0.7931880950927734,1,13,-1
227,160,843.0385131835938,287.4472351074219,140.26129150390625,173.13363647460938,0.7474881410598755,1,13,-1
228,160,841.2015991210938,289.55108642578125,141.28582763671875,170.20098876953125,0.664021372795105,1,13,-1
229,160,838.8173217773438,286.36334228515625,142.66131591796875,172.45901489257812,0.6402691006660461,1,13,-1
231,160,837.5742797851562,286.0474548339844,142.52545166015625,172.4661865234375,0.5240504741668701,1,13,-1
232,160,837.488037109375,287.6897277832031,142.6767578125,171.04220581054688,0.511478066444397,1,13,-1
233,160,838.1521606445312,288.1656494140625,141.23199462890625,171.202392578125,0.6705480217933655,1,13,-1
234,160,837.356201171875,286.54620361328125,143.78045654296875,172.206787109375,0.5523974895477295,1,13,-1
235,160,836.5960083007812,288.8945617675781,144.14593505859375,168.12603759765625,0.5314411520957947,1,13,-1
236,160,835.6535034179688,289.5846862792969,144.87286376953125,167.70840454101562,0.6156469583511353,1,13,-1
237,160,834.9226684570312,290.97259521484375,145.402587890625,165.99978637695312,0.6946958303451538,1,13,-1
238,160,832.7720947265625,294.63916015625,146.93792724609375,162.09576416015625,0.6642823219299316,1,13,-1
239,160,832.4284057617188,295.9920349121094,146.8140869140625,160.99822998046875,0.5289307832717896,1,13,-1
240,160,832.355712890625,294.7362976074219,148.27496337890625,162.23471069335938,0.65598064661026,1,13,-1
241,160,835.0863647460938,296.9796447753906,145.1365966796875,159.89434814453125,0.6755938529968262,1,13,-1
242,160,837.0689697265625,297.38677978515625,143.1934814453125,160.259765625,0.7339183688163757,1,13,-1
243,160,838.7339477539062,291.7289123535156,142.18768310546875,166.16119384765625,0.70798259973526,1,13,-1
244,160,837.9552612304688,282.9832458496094,145.1072998046875,175.40316772460938,0.7369703650474548,1,13,-1
245,160,838.4525146484375,279.1162414550781,146.4483642578125,178.73712158203125,0.7742401361465454,1,13,-1
246,160,838.8748779296875,276.60626220703125,148.36224365234375,181.81942749023438,0.7498375177383423,1,13,-1
247,160,838.57373046875,274.7842712402344,150.115234375,183.66940307617188,0.7217876315116882,1,13,-1
248,160,839.8178100585938,273.44622802734375,149.19525146484375,184.52041625976562,0.7771438360214233,1,13,-1
249,160,840.9929809570312,270.4881286621094,150.8939208984375,185.72470092773438,0.7533502578735352,1,13,-1
250,160,844.2832641601562,267.2291259765625,147.51531982421875,186.01742553710938,0.7388246059417725,1,13,-1
251,160,844.6016235351562,263.8119201660156,148.12298583984375,187.36798095703125,0.6169018149375916,1,13,-1
252,160,845.9942626953125,260.1189270019531,147.70709228515625,189.29412841796875,0.6732281446456909,1,13,-1
253,160,846.6478271484375,258.06878662109375,148.9921875,189.20773315429688,0.5956682562828064,1,13,-1
254,160,848.391357421875,256.7312316894531,148.6610107421875,188.735107421875,0.7632659077644348,1,13,-1
255,160,850.327880859375,254.62477111816406,146.6953125,187.54249572753906,0.7676444053649902,1,13,-1
256,160,852.0977783203125,255.37440490722656,147.30499267578125,182.6772918701172,0.7708537578582764,1,13,-1
257,160,853.0159912109375,255.18447875976562,148.25140380859375,178.82647705078125,0.7500676512718201,1,13,-1
258,160,851.3035888671875,251.73822021484375,153.57720947265625,179.151123046875,0.62030428647995,1,13,-1
259,160,851.4959716796875,249.53919982910156,155.91790771484375,176.5041961669922,0.6824085712432861,1,13,-1
260,160,854.6018676757812,246.66156005859375,152.1204833984375,175.1346435546875,0.7449566721916199,1,13,-1
261,160,855.6614379882812,244.8051300048828,150.95062255859375,172.2581024169922,0.7698803544044495,1,13,-1
262,160,858.2816162109375,241.23971557617188,148.1544189453125,169.29702758789062,0.7576289176940918,1,13,-1
263,160,859.1998901367188,237.98269653320312,148.547119140625,168.2183837890625,0.7645024061203003,1,13,-1
264,160,861.97705078125,235.53822326660156,146.56390380859375,165.3463592529297,0.7620713114738464,1,13,-1
265,160,862.773193359375,229.86453247070312,146.88665771484375,167.35040283203125,0.7398340106010437,1,13,-1
266,160,863.0103759765625,222.51002502441406,147.8701171875,172.04978942871094,0.769058883190155,1,13,-1
267,160,863.5040893554688,207.20159912109375,150.3831787109375,183.15078735351562,0.7624551653862,1,13,-1
268,160,863.5607299804688,192.37803649902344,152.8792724609375,196.95985412597656,0.7625066041946411,1,13,-1
269,160,863.793212890625,186.34381103515625,155.29449462890625,197.22430419921875,0.7855512499809265,1,13,-1
270,160,862.8329467773438,182.39349365234375,157.56170654296875,194.80819702148438,0.7451186180114746,1,13,-1
271,160,862.8074340820312,175.15965270996094,158.49627685546875,198.6669158935547,0.7244324088096619,1,13,-1
272,160,863.3880615234375,172.2139892578125,159.0838623046875,197.74099731445312,0.751532256603241,1,13,-1
273,160,865.5748291015625,169.2261505126953,158.5689697265625,198.0457305908203,0.7444450855255127,1,13,-1
274,160,866.7830200195312,167.59030151367188,157.98089599609375,197.8055419921875,0.6943045258522034,1,13,-1
275,160,868.3240356445312,167.384521484375,155.13909912109375,194.5111083984375,0.7334789037704468,1,13,-1
276,160,867.956298828125,169.0537109375,156.0079345703125,191.23641967773438,0.6335296034812927,1,13,-1
277,160,868.8731079101562,169.03184509277344,157.15850830078125,188.5607452392578,0.6299529075622559,1,13,-1
278,160,869.0592651367188,168.91883850097656,157.09027099609375,185.8422393798828,0.7077691555023193,1,13,-1
279,160,868.0720825195312,170.30429077148438,157.57635498046875,183.2318115234375,0.5136842131614685,1,13,-1
280,160,866.8475341796875,171.3496551513672,158.6575927734375,181.62318420410156,0.6757564544677734,1,13,-1
281,160,866.2330932617188,173.0438232421875,157.58428955078125,178.36373901367188,0.593221127986908,1,13,-1
282,160,866.0523681640625,174.0385284423828,156.73089599609375,176.7332305908203,0.6240246295928955,1,13,-1
283,160,867.0667724609375,173.0917205810547,155.26409912109375,178.1197967529297,0.6509614586830139,1,13,-1
284,160,866.3427734375,175.2810821533203,156.33416748046875,176.9912872314453,0.7478059530258179,1,13,-1
285,160,864.8235473632812,176.3406524658203,158.3148193359375,177.85069274902344,0.7486215829849243,1,13,-1
286,160,864.1961059570312,178.2150421142578,158.7110595703125,176.9210662841797,0.6543822288513184,1,13,-1
287,160,863.6369018554688,177.90196228027344,157.07147216796875,178.4822540283203,0.6595998406410217,1,13,-1
289,160,860.0822143554688,167.21063232421875,161.560546875,195.3350830078125,0.6801929473876953,1,13,-1
290,160,858.1849975585938,159.59707641601562,164.1497802734375,204.08480834960938,0.6060097217559814,1,13,-1
291,160,856.2969970703125,159.3300323486328,165.10198974609375,204.55784606933594,0.6661539077758789,1,13,-1
292,160,854.9583740234375,160.99407958984375,165.5260009765625,203.67672729492188,0.610338032245636,1,13,-1
293,160,852.8094482421875,162.69488525390625,167.8607177734375,204.29727172851562,0.6768265962600708,1,13,-1
294,160,851.2376098632812,167.8729248046875,169.93035888671875,203.73056030273438,0.6994864344596863,1,13,-1
295,160,851.6695556640625,173.55703735351562,169.31768798828125,201.49258422851562,0.732649564743042,1,13,-1
296,160,850.5519409179688,176.2512664794922,170.61773681640625,202.1420440673828,0.7414810657501221,1,13,-1
297,160,851.8021240234375,181.40298461914062,168.90875244140625,199.5943603515625,0.719440221786499,1,13,-1
298,160,852.4915771484375,189.09091186523438,165.928955078125,195.76907348632812,0.6810160279273987,1,13,-1
300,160,855.7630615234375,204.0823516845703,160.43731689453125,185.74034118652344,0.6651155948638916,1,13,-1
301,160,857.5241088867188,211.25555419921875,156.91131591796875,180.09429931640625,0.6556627154350281,1,13,-1
302,160,857.7836303710938,217.3772735595703,157.0059814453125,178.11338806152344,0.7378117442131042,1,13,-1
303,160,857.4237670898438,222.75535583496094,159.6561279296875,176.31907653808594,0.6722033023834229,1,13,-1
304,160,857.8001708984375,223.4062042236328,161.3970947265625,180.8448944091797,0.6912175416946411,1,13,-1
305,160,857.6849365234375,225.5498809814453,163.17730712890625,183.0802764892578,0.6929773092269897,1,13,-1
306,160,858.5608520507812,228.24124145507812,162.05706787109375,183.3592529296875,0.6874880194664001,1,13,-1
307,160,856.753173828125,228.01026916503906,165.12908935546875,190.0469207763672,0.6391711831092834,1,13,-1
308,160,856.5001220703125,228.33450317382812,167.25030517578125,195.32412719726562,0.6554266810417175,1,13,-1
309,160,854.6229858398438,229.40682983398438,170.53729248046875,197.22183227539062,0.56800776720047,1,13,-1
