105,621,1844.330322265625,398.294677734375,74.4888916015625,309.8743896484375,0.5564956068992615,1,6,-1
106,621,1838.8468017578125,394.4857482910156,79.5126953125,321.3771057128906,0.6313247084617615,1,6,-1
107,621,1832.3421630859375,387.23455810546875,86.3507080078125,330.34906005859375,0.6380914449691772,1,6,-1
108,621,1826.04296875,378.2830505371094,92.9896240234375,343.3329162597656,0.6240798830986023,1,6,-1
109,621,1819.9195556640625,370.8545227050781,99.3369140625,354.4535827636719,0.6511092185974121,1,6,-1
110,621,1814.571044921875,368.1116027832031,104.80615234375,370.3455505371094,0.6685413718223572,1,6,-1
111,621,1809.4378662109375,359.8041076660156,110.0860595703125,379.3404846191406,0.6345326900482178,1,6,-1
112,621,1804.9573974609375,348.54827880859375,114.6258544921875,384.91558837890625,0.6862271428108215,1,6,-1
163,622,1546.7740478515625,1.134566068649292,347.9080810546875,1078.858642578125,0.5278382301330566,1,6,-1
176,622,1487.60205078125,12.242831230163574,331.5849609375,1067.7572021484375,0.5101951360702515,1,6,-1
177,622,1482.9820556640625,12.628772735595703,330.3907470703125,1067.3231201171875,0.5205919742584229,1,6,-1
179,622,1478.51953125,13.630948066711426,321.8455810546875,1066.1644287109375,0.748763918876648,1,6,-1
180,622,1474.272216796875,14.984549522399902,319.38720703125,1064.75537109375,0.7781004905700684,1,6,-1
181,622,1469.83837890625,15.570290565490723,317.280029296875,1064.1754150390625,0.8226104378700256,1,6,-1
182,622,1464.462158203125,16.7395076751709,316.8465576171875,1063.0155029296875,0.8031979203224182,1,6,-1
183,622,1458.970703125,17.713525772094727,316.8662109375,1062.0877685546875,0.7904757857322693,1,6,-1
184,622,1454.3319091796875,18.650630950927734,316.18994140625,1061.1220703125,0.7807015180587769,1,6,-1
185,622,1449.2615966796875,18.843769073486328,315.6038818359375,1060.935546875,0.7929725646972656,1,6,-1
186,622,1445.5689697265625,19.06342887878418,313.2984619140625,1060.7396240234375,0.7875030040740967,1,6,-1
187,622,1443.316650390625,20.06015396118164,310.339111328125,1059.7542724609375,0.7759206891059875,1,6,-1
188,622,1440.0751953125,22.37598991394043,308.435546875,1057.436279296875,0.7510796189308167,1,6,-1
189,622,1437.3421630859375,24.01721954345703,307.0482177734375,1055.849853515625,0.7211968302726746,1,6,-1
190,622,1434.91796875,25.46141242980957,305.3984375,1054.4385986328125,0.7181095480918884,1,6,-1
191,622,1431.6031494140625,27.127635955810547,304.2308349609375,1052.80419921875,0.7240753173828125,1,6,-1
192,622,1426.7069091796875,27.94374656677246,305.079833984375,1052.021240234375,0.7485032677650452,1,6,-1
193,622,1422.2540283203125,28.33251953125,305.8154296875,1051.6251220703125,0.7845551371574402,1,6,-1
194,622,1418.7152099609375,28.361886978149414,305.4388427734375,1051.5560302734375,0.7695559859275818,1,6,-1
195,622,1413.7427978515625,28.16952896118164,305.6038818359375,1051.7742919921875,0.7692238092422485,1,6,-1
196,622,1409.772705078125,28.123817443847656,304.7769775390625,1051.7991943359375,0.778028666973114,1,6,-1
197,622,1407.179443359375,27.68932342529297,302.182861328125,1052.260986328125,0.7790384292602539,1,6,-1
198,622,1402.746337890625,27.53885269165039,301.779052734375,1052.443359375,0.7701035141944885,1,6,-1
199,622,1398.9945068359375,28.608247756958008,300.8388671875,1051.3826904296875,0.7727973461151123,1,6,-1
200,622,1395.54736328125,30.268108367919922,299.3515625,1049.73193359375,0.7894195318222046,1,6,-1
201,622,1390.9443359375,32.74506759643555,298.8272705078125,1047.2548828125,0.7769446969032288,1,6,-1
202,622,1388.492431640625,33.57911682128906,297.0843505859375,1046.4208984375,0.5595052242279053,1,6,-1
203,622,1386.015869140625,36.32403564453125,294.862548828125,1043.676025390625,0.8036154508590698,1,6,-1
204,622,1381.0421142578125,37.67699432373047,295.1456298828125,1042.322998046875,0.8293007612228394,1,6,-1
205,622,1376.479248046875,37.845821380615234,294.615966796875,1042.1541748046875,0.8506751656532288,1,6,-1
206,622,1372.5958251953125,38.345054626464844,292.55322265625,1041.6549072265625,0.8370444774627686,1,6,-1
207,622,1367.3238525390625,38.06978225708008,292.0887451171875,1041.93017578125,0.8230896592140198,1,6,-1
208,622,1362.63037109375,38.17851257324219,291.1806640625,1041.821533203125,0.8323753476142883,1,6,-1
209,622,1359.0509033203125,38.89670944213867,290.3831787109375,1040.955810546875,0.8015245795249939,1,6,-1
210,622,1354.2061767578125,39.30655288696289,290.8636474609375,1040.490478515625,0.7988561391830444,1,6,-1
211,622,1350.207275390625,39.52581024169922,290.54345703125,1040.24609375,0.8064382076263428,1,6,-1
212,622,1347.2818603515625,39.16175079345703,288.8675537109375,1040.54736328125,0.796743631362915,1,6,-1
213,622,1344.28515625,38.55243682861328,287.169921875,1041.1851806640625,0.7862465977668762,1,6,-1
214,622,1340.6771240234375,38.51173400878906,286.2791748046875,1041.27587890625,0.7971453666687012,1,6,-1
215,622,1335.6307373046875,38.839515686035156,286.161376953125,1040.964599609375,0.8125860095024109,1,6,-1
216,622,1330.22021484375,39.75463104248047,285.92236328125,1040.095947265625,0.8229332566261292,1,6,-1
217,622,1325.1400146484375,39.28645706176758,285.430908203125,1040.6475830078125,0.8255118727684021,1,6,-1
218,622,1320.2674560546875,39.58655548095703,285.193359375,1040.360107421875,0.8129227161407471,1,6,-1
219,622,1316.521240234375,40.71570587158203,284.04052734375,1039.1962890625,0.801891565322876,1,6,-1
220,622,1313.286376953125,40.974735260009766,282.365478515625,1038.9735107421875,0.7783980369567871,1,6,-1
221,622,1310.1845703125,42.455528259277344,281.0986328125,1037.54443359375,0.7689813375473022,1,6,-1
222,622,1306.3800048828125,44.81672668457031,281.56494140625,1035.1832275390625,0.756991446018219,1,6,-1
223,622,1302.056640625,45.816654205322266,282.8629150390625,1034.183349609375,0.762188732624054,1,6,-1
224,622,1299.979736328125,48.019920349121094,282.20703125,1031.9801025390625,0.6551772952079773,1,6,-1
225,622,1295.5518798828125,49.13843536376953,283.1400146484375,1030.861572265625,0.7707427740097046,1,6,-1
226,622,1292.224609375,49.90719223022461,281.7562255859375,1030.0927734375,0.7743867039680481,1,6,-1
227,622,1289.2568359375,50.67015838623047,279.8056640625,1029.329833984375,0.750129759311676,1,6,-1
228,622,1285.756591796875,50.980194091796875,278.3289794921875,1029.019775390625,0.7857115864753723,1,6,-1
229,622,1281.8294677734375,51.2591667175293,276.6829833984375,1028.7408447265625,0.8161230683326721,1,6,-1
230,622,1277.901611328125,52.1759033203125,276.0491943359375,1027.8240966796875,0.8238632082939148,1,6,-1
231,622,1273.7542724609375,52.70743179321289,276.14599609375,1027.2926025390625,0.8256253004074097,1,6,-1
232,622,1269.409912109375,54.37977981567383,276.19384765625,1025.6202392578125,0.8212222456932068,1,6,-1
233,622,1265.6158447265625,56.71458435058594,276.1544189453125,1023.285400390625,0.7956415414810181,1,6,-1
234,622,1262.270751953125,58.607635498046875,276.291748046875,1021.392333984375,0.7813283205032349,1,6,-1
235,622,1257.3192138671875,59.257423400878906,277.6636962890625,1020.7425537109375,0.7786927223205566,1,6,-1
236,622,1253.40625,60.386112213134766,277.7508544921875,1019.6138916015625,0.7953366637229919,1,6,-1
237,622,1251.1490478515625,61.04450988769531,275.6748046875,1018.9555053710938,0.8138612508773804,1,6,-1
238,622,1247.241455078125,61.525054931640625,274.91650390625,1018.4749755859375,0.8120030760765076,1,6,-1
239,622,1244.54931640625,62.292396545410156,272.4368896484375,1017.7075805664062,0.8046374917030334,1,6,-1
240,622,1241.9244384765625,62.71612548828125,269.7830810546875,1017.2838745117188,0.7928113341331482,1,6,-1
241,622,1236.2471923828125,62.80730438232422,271.16455078125,1017.1904907226562,0.827104926109314,1,6,-1
242,622,1231.224853515625,64.69998168945312,271.7750244140625,1015.266845703125,0.8058848977088928,1,6,-1
243,622,1227.2099609375,64.79485321044922,271.2020263671875,1015.1536254882812,0.8183959722518921,1,6,-1
244,622,1223.05908203125,65.42743682861328,271.1141357421875,1014.5143432617188,0.815727949142456,1,6,-1
245,622,1219.581787109375,67.32221221923828,271.278564453125,1012.6068725585938,0.7980698347091675,1,6,-1
246,622,1216.396728515625,68.29924011230469,271.07421875,1011.6256713867188,0.78466796875,1,6,-1
247,622,1213.169921875,69.15482330322266,270.6177978515625,1010.7296752929688,0.578762412071228,1,6,-1
248,622,1209.3656005859375,69.73006439208984,271.243896484375,1010.2593383789062,0.8209620118141174,1,6,-1
249,622,1205.086669921875,70.13311004638672,271.018310546875,1009.8668823242188,0.8422646522521973,1,6,-1
250,622,1202.3448486328125,70.91216278076172,268.8876953125,1009.0657348632812,0.8290215730667114,1,6,-1
251,622,1198.3695068359375,71.39571380615234,268.109130859375,1008.5786743164062,0.8401429653167725,1,6,-1
252,622,1195.537841796875,71.72044372558594,266.3133544921875,1008.2406005859375,0.8432364463806152,1,6,-1
253,622,1193.2664794921875,71.18061065673828,264.5833740234375,1008.7420043945312,0.826222836971283,1,6,-1
254,622,1190.1824951171875,70.30313110351562,263.417724609375,1009.60693359375,0.828644335269928,1,6,-1
255,622,1186.520751953125,69.51516723632812,262.45556640625,1010.4599609375,0.8291995525360107,1,6,-1
256,622,1183.56396484375,69.09860229492188,261.836181640625,1010.89501953125,0.8150210976600647,1,6,-1
257,622,1181.1929931640625,69.69575500488281,260.8826904296875,1010.2200317382812,0.7910321950912476,1,6,-1
258,622,1176.5662841796875,70.20631408691406,262.119384765625,1009.675537109375,0.7500653862953186,1,6,-1
259,622,1173.0416259765625,71.01968383789062,262.335693359375,1008.8463134765625,0.7589699625968933,1,6,-1
260,622,1169.26708984375,71.81831359863281,261.905517578125,1008.1394653320312,0.7446712255477905,1,6,-1
261,622,1165.182861328125,72.21145629882812,261.57373046875,1007.762451171875,0.7355455756187439,1,6,-1
262,622,1161.0787353515625,72.543212890625,260.640869140625,1007.456787109375,0.747957170009613,1,6,-1
263,622,1157.75439453125,73.0390853881836,258.99365234375,1006.9609375,0.7502157092094421,1,6,-1
264,622,1155.392578125,73.67345428466797,257.1981201171875,1006.3265380859375,0.7571423053741455,1,6,-1
265,622,1152.2677001953125,74.37427520751953,256.1329345703125,1005.625732421875,0.7604427337646484,1,6,-1
266,622,1150.0010986328125,75.15802001953125,254.2794189453125,1004.8419799804688,0.7672539949417114,1,6,-1
267,622,1147.3931884765625,75.17998504638672,252.5672607421875,1004.8200073242188,0.7611817717552185,1,6,-1
268,622,1143.0321044921875,75.42996978759766,252.7247314453125,1004.5700073242188,0.784729540348053,1,6,-1
269,622,1138.00341796875,75.54822540283203,254.0057373046875,1004.4517822265625,0.7734073400497437,1,6,-1
270,622,1134.1353759765625,75.3504638671875,254.8330078125,1004.6495361328125,0.7553461194038391,1,6,-1
271,622,1130.539794921875,75.2850112915039,255.43408203125,1004.7149658203125,0.8155133128166199,1,6,-1
272,622,1125.919189453125,75.58161163330078,256.498291015625,1004.4183959960938,0.6877797245979309,1,6,-1
273,622,1123.0030517578125,76.6190185546875,255.1669921875,1003.3809814453125,0.8103729486465454,1,6,-1
274,622,1120.290771484375,77.63612365722656,253.009765625,1002.3638916015625,0.8295691013336182,1,6,-1
275,622,1116.391357421875,79.28714752197266,252.374267578125,1000.7128295898438,0.8291683197021484,1,6,-1
276,622,1112.7572021484375,81.63914489746094,251.8634033203125,998.36083984375,0.78985995054245,1,6,-1
277,622,1109.8492431640625,82.45508575439453,251.2435302734375,997.544921875,0.7520061731338501,1,6,-1
278,622,1107.0638427734375,84.16246032714844,249.488525390625,995.8375244140625,0.7476778030395508,1,6,-1
279,622,1103.535888671875,85.18984985351562,248.6148681640625,994.8101806640625,0.7758921980857849,1,6,-1
280,622,1100.8548583984375,84.91070556640625,247.5283203125,995.0892944335938,0.8151460289955139,1,6,-1
281,622,1099.0528564453125,85.45181274414062,245.5047607421875,994.5482177734375,0.7899280190467834,1,6,-1
282,622,1095.4072265625,85.90003967285156,245.90625,994.0999755859375,0.7844638824462891,1,6,-1
283,622,1092.3544921875,86.5008773803711,245.2200927734375,993.4991455078125,0.7815707325935364,1,6,-1
284,622,1088.9998779296875,87.88304138183594,244.5997314453125,992.116943359375,0.7932739853858948,1,6,-1
285,622,1086.2158203125,88.98137664794922,243.0352783203125,991.0186157226562,0.7882408499717712,1,6,-1
286,622,1081.4833984375,90.63050842285156,243.3226318359375,989.3695068359375,0.8215652108192444,1,6,-1
287,622,1077.8638916015625,91.9418716430664,242.8087158203125,988.05810546875,0.7912375330924988,1,6,-1
288,622,1073.7938232421875,92.99826049804688,242.9605712890625,987.001708984375,0.7237924337387085,1,6,-1
289,622,1070.5440673828125,94.7082748413086,242.231201171875,985.291748046875,0.6895439028739929,1,6,-1
290,622,1066.397216796875,96.04562377929688,242.783203125,983.954345703125,0.7357054352760315,1,6,-1
291,622,1063.24853515625,98.05823516845703,241.832763671875,981.9417724609375,0.7423352599143982,1,6,-1
292,622,1060.83056640625,100.79862976074219,239.994140625,979.2013549804688,0.742161750793457,1,6,-1
293,622,1057.91650390625,102.36449432373047,239.486083984375,977.612060546875,0.7692617774009705,1,6,-1
294,622,1055.462890625,103.64358520507812,238.9879150390625,976.3564453125,0.7364653944969177,1,6,-1
295,622,1052.0701904296875,102.9744644165039,238.759033203125,977.01123046875,0.7427881360054016,1,6,-1
296,622,1049.0181884765625,102.54757690429688,238.4058837890625,977.452392578125,0.7503352165222168,1,6,-1
297,622,1043.5380859375,97.65656280517578,239.8983154296875,982.3434448242188,0.6378448009490967,1,6,-1
298,622,1038.6341552734375,96.98234558105469,239.71826171875,983.0176391601562,0.8004144430160522,1,6,-1
299,622,1035.0048828125,98.26895904541016,239.1993408203125,981.7310180664062,0.8101511597633362,1,6,-1
300,622,1030.853515625,100.169189453125,239.2587890625,979.830810546875,0.8060612082481384,1,6,-1
301,622,1026.56494140625,100.28604888916016,239.8116455078125,979.7139282226562,0.8666973114013672,1,6,-1
302,622,1023.85595703125,101.14580535888672,238.242919921875,978.8541870117188,0.8511373400688171,1,6,-1
303,622,1020.096923828125,103.03971099853516,237.353515625,976.9186401367188,0.8132121562957764,1,6,-1
304,622,1016.8912353515625,104.36531066894531,236.73046875,975.6045532226562,0.7774107456207275,1,6,-1
305,622,1013.2557983398438,104.55152893066406,236.43963623046875,975.448486328125,0.8123462200164795,1,6,-1
306,622,1009.4920654296875,103.73617553710938,236.603271484375,976.2462158203125,0.7796580791473389,1,6,-1
307,622,1006.3565063476562,101.40609741210938,235.25616455078125,978.5938720703125,0.7500858902931213,1,6,-1
308,622,1003.3662719726562,104.397705078125,232.44744873046875,975.602294921875,0.7608652114868164,1,6,-1
309,622,999.78662109375,105.20719146728516,230.6712646484375,974.7927856445312,0.7824331521987915,1,6,-1
310,622,995.4686889648438,104.92872619628906,230.19696044921875,975.0400390625,0.8126215934753418,1,6,-1
311,622,991.5470581054688,105.85198974609375,228.90838623046875,974.1480102539062,0.793379545211792,1,6,-1
312,622,986.6325073242188,102.64715576171875,229.66156005859375,977.3528442382812,0.811898410320282,1,6,-1
313,622,981.52685546875,103.636474609375,230.908447265625,976.363525390625,0.7867778539657593,1,6,-1
314,622,977.1642456054688,107.30176544189453,230.73968505859375,972.6982421875,0.784703254699707,1,6,-1
315,622,973.5753173828125,108.93293762207031,229.7369384765625,971.0670776367188,0.7615731358528137,1,6,-1
316,622,969.4960327148438,108.50042724609375,230.33294677734375,971.4995727539062,0.7990051507949829,1,6,-1
317,622,966.1469116210938,106.89379119873047,230.49957275390625,973.0499267578125,0.786243200302124,1,6,-1
318,622,963.8804321289062,103.55322265625,229.48931884765625,976.3612060546875,0.7653027772903442,1,6,-1
319,622,960.7745971679688,93.00172424316406,228.39788818359375,986.90380859375,0.7076109051704407,1,6,-1
320,622,958.0042724609375,94.4406509399414,226.5213623046875,985.406982421875,0.6643904447555542,1,6,-1
321,622,955.5914306640625,99.0628890991211,224.3511962890625,980.872802734375,0.7434675097465515,1,6,-1
322,622,949.7024536132812,106.16842651367188,225.72760009765625,973.753662109375,0.8051987290382385,1,6,-1
323,622,944.2432861328125,103.36450958251953,227.6689453125,976.4569091796875,0.7929445505142212,1,6,-1
324,622,939.9537963867188,102.89128112792969,228.13043212890625,976.9347534179688,0.8080964684486389,1,6,-1
325,622,935.3500366210938,106.04600524902344,227.97247314453125,973.8408203125,0.8359701037406921,1,6,-1
326,622,931.9573364257812,101.2568359375,226.51776123046875,978.7320556640625,0.8188631534576416,1,6,-1
327,622,928.7947387695312,99.6236572265625,225.73016357421875,980.3763427734375,0.8290675282478333,1,6,-1
328,622,925.1777954101562,104.14215850830078,225.39117431640625,975.8053588867188,0.8097208738327026,1,6,-1
329,622,920.1866455078125,107.4304428100586,226.525634765625,972.566650390625,0.8477679491043091,1,6,-1
330,622,915.638671875,109.6068115234375,226.322265625,970.3931884765625,0.8507201075553894,1,6,-1
331,622,911.2078857421875,109.14208221435547,224.674072265625,970.85791015625,0.8800215125083923,1,6,-1
332,622,907.0586547851562,109.66425323486328,222.98687744140625,970.3357543945312,0.8547676801681519,1,6,-1
333,622,902.6992797851562,109.89132690429688,221.57196044921875,970.108642578125,0.8167046904563904,1,6,-1
334,622,897.6637573242188,103.32273864746094,221.83465576171875,976.67724609375,0.8308521509170532,1,6,-1
335,622,893.2919921875,104.12726593017578,222.179443359375,975.8727416992188,0.8693850040435791,1,6,-1
336,622,889.5820922851562,106.8685531616211,220.82122802734375,973.1314697265625,0.8630272746086121,1,6,-1
337,622,885.1483764648438,110.25274658203125,220.89178466796875,969.7472534179688,0.8710500001907349,1,6,-1
338,622,880.6207885742188,112.07117462158203,221.78228759765625,967.9288330078125,0.8569081425666809,1,6,-1
339,622,875.907470703125,112.44212341308594,223.119140625,967.557861328125,0.8293426036834717,1,6,-1
340,622,871.31396484375,114.13666534423828,224.8177490234375,965.8633422851562,0.8488577008247375,1,6,-1
341,622,867.8697509765625,114.94120025634766,223.884033203125,965.0587768554688,0.8630452156066895,1,6,-1
342,622,865.3364868164062,116.671142578125,221.99298095703125,963.328857421875,0.8478675484657288,1,6,-1
343,622,861.1708374023438,114.81475067138672,219.13739013671875,965.1852416992188,0.8575806617736816,1,6,-1
344,622,855.5785522460938,115.17912292480469,220.02447509765625,964.8208618164062,0.7944189310073853,1,6,-1
345,622,851.465576171875,115.59455108642578,219.7449951171875,964.3759155273438,0.7971962690353394,1,6,-1
346,622,845.310546875,116.3385009765625,221.0244140625,963.6614990234375,0.8567841053009033,1,6,-1
347,622,840.8486328125,117.093505859375,220.75830078125,962.906494140625,0.848624587059021,1,6,-1
348,622,836.6090087890625,118.35594940185547,220.8082275390625,961.64404296875,0.8691118955612183,1,6,-1
349,622,833.284423828125,118.01136779785156,220.075927734375,961.9886474609375,0.8713914155960083,1,6,-1
350,622,829.9384765625,118.51017761230469,218.9635009765625,961.4898071289062,0.8646453022956848,1,6,-1
351,622,824.6046142578125,119.00016784667969,218.8253173828125,960.9998168945312,0.8706623315811157,1,6,-1
352,622,819.4144897460938,119.19941711425781,218.13116455078125,960.8005981445312,0.8423292636871338,1,6,-1
353,622,814.4623413085938,120.42317962646484,217.20404052734375,959.5768432617188,0.8511788845062256,1,6,-1
354,622,809.4818725585938,121.55561065673828,216.69683837890625,958.4443969726562,0.8429603576660156,1,6,-1
355,622,804.5349731445312,122.30940246582031,216.94927978515625,957.6906127929688,0.8292081356048584,1,6,-1
356,622,799.325927734375,123.84406280517578,216.75970458984375,956.1546020507812,0.8597086668014526,1,6,-1
357,622,794.978271484375,124.88681030273438,216.79791259765625,955.0504150390625,0.8498309254646301,1,6,-1
358,622,791.5322265625,125.87846374511719,216.73736572265625,954.1055297851562,0.8354871273040771,1,6,-1
359,622,787.2133178710938,127.29005432128906,217.7484130859375,952.708740234375,0.8467414379119873,1,6,-1
360,622,782.625,127.56407165527344,219.091796875,952.4188232421875,0.8432672023773193,1,6,-1
361,622,777.5819702148438,127.16192626953125,220.26739501953125,952.7892456054688,0.8644562363624573,1,6,-1
362,622,773.8850708007812,127.24850463867188,219.8232421875,952.73486328125,0.8129714727401733,1,6,-1
363,622,770.7560424804688,127.24176788330078,218.82501220703125,952.6337280273438,0.8228462338447571,1,6,-1
364,622,768.1347045898438,124.88900756835938,214.66357421875,955.1109619140625,0.8705575466156006,1,6,-1
365,622,763.37939453125,124.1411361694336,214.62493896484375,955.85888671875,0.863998293876648,1,6,-1
366,622,758.97607421875,124.37203216552734,214.5736083984375,955.6279907226562,0.8447916507720947,1,6,-1
367,622,752.397216796875,124.86534118652344,215.5556640625,955.1346435546875,0.8291528820991516,1,6,-1
368,622,747.6979370117188,125.0557861328125,215.6231689453125,954.9442138671875,0.8476434946060181,1,6,-1
369,622,743.3577270507812,124.83316040039062,215.9847412109375,955.1668701171875,0.8624323606491089,1,6,-1
370,622,739.5804443359375,124.66893768310547,216.56903076171875,955.30859375,0.8809565901756287,1,6,-1
371,622,735.8775634765625,124.55355834960938,216.10150146484375,955.4464111328125,0.8876553773880005,1,6,-1
372,622,730.5528564453125,124.51167297363281,215.05780029296875,955.4883422851562,0.8785965442657471,1,6,-1
373,622,724.6964111328125,124.13497161865234,214.7474365234375,955.8650512695312,0.8759713172912598,1,6,-1
374,622,718.3927612304688,123.7589111328125,214.5513916015625,956.2410888671875,0.8679892420768738,1,6,-1
375,622,713.5332641601562,123.93799591064453,214.340087890625,956.06201171875,0.8598615527153015,1,6,-1
376,622,708.5432739257812,124.70494079589844,214.53228759765625,955.232421875,0.8735005855560303,1,6,-1
377,622,703.2456665039062,125.42224884033203,214.48260498046875,954.5777587890625,0.8594481348991394,1,6,-1
378,622,698.709228515625,125.77530670166016,215.25677490234375,954.1008911132812,0.8728243112564087,1,6,-1
379,622,692.8734130859375,126.9557113647461,217.32220458984375,952.8485107421875,0.8683223724365234,1,6,-1
380,622,688.029296875,127.23690795898438,219.08837890625,952.629150390625,0.8670139312744141,1,6,-1
381,622,683.6510620117188,128.16371154785156,220.404052734375,951.6446533203125,0.8712839484214783,1,6,-1
382,622,678.4603881835938,127.47817993164062,220.97442626953125,952.4061279296875,0.8647016286849976,1,6,-1
383,622,674.8418579101562,126.62247467041016,219.9664306640625,953.3464965820312,0.8707132339477539,1,6,-1
384,622,671.5671997070312,123.72991180419922,216.09393310546875,956.2700805664062,0.8968738317489624,1,6,-1
385,622,666.5374145507812,122.2886962890625,215.8421630859375,957.7113037109375,0.8926008939743042,1,6,-1
386,622,659.89306640625,122.1645736694336,218.183349609375,957.83544921875,0.8969950675964355,1,6,-1
387,622,653.4830932617188,122.06204223632812,218.71246337890625,957.86572265625,0.8829053044319153,1,6,-1
388,622,648.700927734375,122.65038299560547,218.084716796875,957.349609375,0.8687045574188232,1,6,-1
389,622,644.1090087890625,122.0220947265625,218.52520751953125,957.9779052734375,0.8909170031547546,1,6,-1
390,622,639.7805786132812,122.27854919433594,218.925537109375,957.719970703125,0.8929086327552795,1,6,-1
391,622,634.1746215820312,122.01081085205078,220.2110595703125,957.9891967773438,0.8903312087059021,1,6,-1
392,622,628.3656616210938,122.02220153808594,219.515869140625,957.977783203125,0.8862606883049011,1,6,-1
393,622,623.0706176757812,121.73103332519531,218.8477783203125,958.2689819335938,0.8886169791221619,1,6,-1
394,622,618.1895141601562,121.97997283935547,218.1572265625,958.02001953125,0.8868178725242615,1,6,-1
395,622,613.321044921875,123.1704330444336,217.6026611328125,956.82958984375,0.8862820267677307,1,6,-1
396,622,607.636474609375,123.62332916259766,219.08868408203125,956.3766479492188,0.8891536593437195,1,6,-1
397,622,602.96728515625,124.68778991699219,218.80828857421875,955.3121948242188,0.884643018245697,1,6,-1
398,622,597.70556640625,125.61936950683594,220.5040283203125,954.380615234375,0.8791524171829224,1,6,-1
399,622,593.1113891601562,126.62117004394531,221.760498046875,953.3788452148438,0.8763858675956726,1,6,-1
400,622,587.9466552734375,127.2413101196289,223.56854248046875,952.654541015625,0.8802900910377502,1,6,-1
401,622,583.2200317382812,127.45011901855469,224.997802734375,952.3002319335938,0.8809921145439148,1,6,-1
402,622,579.6708374023438,126.73710632324219,224.1041259765625,953.1200561523438,0.8800982236862183,1,6,-1
403,622,575.6229858398438,126.34656524658203,224.1365966796875,953.6181640625,0.7745870351791382,1,6,-1
404,622,570.8973999023438,123.80370330810547,222.459228515625,956.044189453125,0.8986799120903015,1,6,-1
405,622,562.3262329101562,123.36812591552734,226.093017578125,956.3740844726562,0.8839221000671387,1,6,-1
406,622,555.4401245117188,124.0309829711914,227.75091552734375,955.6568603515625,0.890879213809967,1,6,-1
407,622,550.2982177734375,123.99146270751953,227.28631591796875,955.697265625,0.8886443376541138,1,6,-1
408,622,546.3389282226562,125.05238342285156,226.52032470703125,954.7403564453125,0.8934679627418518,1,6,-1
409,622,541.4596557617188,124.8244400024414,227.2813720703125,954.946044921875,0.886089563369751,1,6,-1
410,622,535.4993286132812,124.44769287109375,228.45062255859375,955.3815307617188,0.8837884664535522,1,6,-1
411,622,529.9542846679688,124.24906921386719,228.2091064453125,955.5756225585938,0.8749448657035828,1,6,-1
412,622,524.9832153320312,124.34170532226562,226.51715087890625,955.557861328125,0.8829674124717712,1,6,-1
413,622,519.5079956054688,125.49761962890625,225.66473388671875,954.4008178710938,0.8690481185913086,1,6,-1
414,622,513.1661376953125,126.7680892944336,225.639404296875,953.1651611328125,0.897311270236969,1,6,-1
415,622,507.2047119140625,128.28480529785156,226.547119140625,951.7152099609375,0.9102684259414673,1,6,-1
416,622,500.3521728515625,129.73985290527344,227.86456298828125,950.2601318359375,0.9026966094970703,1,6,-1
417,622,493.7865905761719,130.3861846923828,229.53903198242188,949.6138305664062,0.8922028541564941,1,6,-1
418,622,487.83392333984375,131.54681396484375,230.809814453125,948.4531860351562,0.8954993486404419,1,6,-1
419,622,482.7178649902344,132.57861328125,231.56820678710938,947.42138671875,0.8817658424377441,1,6,-1
420,622,477.61309814453125,133.65269470214844,231.93646240234375,946.3472900390625,0.8601214289665222,1,6,-1
421,622,469.5126037597656,132.62905883789062,233.79940795898438,947.3709716796875,0.8304562568664551,1,6,-1
422,622,462.0094299316406,132.32728576660156,234.72958374023438,947.6727294921875,0.9010104537010193,1,6,-1
423,622,455.0880432128906,132.3572235107422,235.20394897460938,947.6427612304688,0.8916886448860168,1,6,-1
424,622,449.6434020996094,133.0082550048828,234.15695190429688,946.9917602539062,0.8606330752372742,1,6,-1
425,622,441.9324645996094,133.99937438964844,236.10464477539062,946.0006103515625,0.8594453930854797,1,6,-1
426,622,434.4834289550781,134.29238891601562,238.32009887695312,945.7076416015625,0.8512696027755737,1,6,-1
427,622,428.1131286621094,134.6534881591797,238.27627563476562,945.3464965820312,0.8593092560768127,1,6,-1
428,622,420.25439453125,134.8308563232422,238.19195556640625,945.1691284179688,0.8783490657806396,1,6,-1
429,622,412.8785705566406,134.4335479736328,238.61764526367188,945.5664672851562,0.8957954049110413,1,6,-1
430,622,404.42205810546875,135.9158477783203,240.313720703125,944.0757446289062,0.8941048383712769,1,6,-1
431,622,395.8599853515625,136.81591796875,242.05548095703125,943.1051025390625,0.8781934380531311,1,6,-1
432,622,389.04656982421875,136.51100158691406,241.63055419921875,943.4515380859375,0.8775407075881958,1,6,-1
433,622,382.9908142089844,136.01116943359375,241.84970092773438,943.9091186523438,0.8847830891609192,1,6,-1
434,622,375.0243835449219,135.7857208251953,244.90603637695312,944.1073608398438,0.8452511429786682,1,6,-1
435,622,366.01531982421875,133.56419372558594,247.5732421875,946.25439453125,0.6056549549102783,1,6,-1
436,622,358.2613220214844,133.1140899658203,248.28640747070312,946.6902465820312,0.8700091242790222,1,6,-1
437,622,351.82342529296875,133.556396484375,246.97607421875,946.2376708984375,0.8371875882148743,1,6,-1
438,622,343.11572265625,134.68043518066406,249.0296630859375,945.1314697265625,0.8391727805137634,1,6,-1
439,622,334.9205017089844,134.3065185546875,249.90023803710938,945.5699462890625,0.8416343331336975,1,6,-1
440,622,327.8271484375,134.08197021484375,250.27679443359375,945.8075561523438,0.8231146931648254,1,6,-1
441,622,319.2161560058594,133.99771118164062,252.76156616210938,945.958740234375,0.8597079515457153,1,6,-1
442,622,310.7380676269531,133.03338623046875,254.16561889648438,946.9624633789062,0.8820505738258362,1,6,-1
443,622,302.4956359863281,131.96058654785156,255.02407836914062,947.953369140625,0.8851454854011536,1,6,-1
444,622,293.51593017578125,131.4111328125,256.66741943359375,948.4940185546875,0.892109751701355,1,6,-1
445,622,286.50006103515625,130.02647399902344,256.5399169921875,949.8499755859375,0.8938677310943604,1,6,-1
446,622,278.1971435546875,128.48800659179688,257.51751708984375,951.3662109375,0.8729188442230225,1,6,-1
447,622,268.55755615234375,126.85360717773438,261.39056396484375,952.9498291015625,0.8601559400558472,1,6,-1
448,622,260.64581298828125,126.3553695678711,263.51611328125,953.258544921875,0.7881340980529785,1,6,-1
449,622,253.08290100097656,123.73385620117188,263.29754638671875,955.83837890625,0.8682883977890015,1,6,-1
450,622,243.7220458984375,122.82523345947266,264.49462890625,956.8367309570312,0.8839742541313171,1,6,-1
451,622,235.66873168945312,122.49930572509766,264.28814697265625,957.2511596679688,0.876123309135437,1,6,-1
452,622,227.42662048339844,121.18364715576172,265.0089111328125,958.5640258789062,0.8803907632827759,1,6,-1
453,622,219.7586212158203,118.84561920166016,265.87738037109375,960.9035034179688,0.8943564295768738,1,6,-1
454,622,210.59034729003906,117.00643157958984,268.88995361328125,962.8112182617188,0.8882659077644348,1,6,-1
455,622,199.99964904785156,114.52555847167969,273.41619873046875,965.2799682617188,0.9010340571403503,1,6,-1
456,622,192.17068481445312,113.25928497314453,273.0688171386719,966.6099853515625,0.9133018255233765,1,6,-1
457,622,183.54368591308594,112.15206146240234,273.4580078125,967.7219848632812,0.9062036275863647,1,6,-1
458,622,172.94032287597656,110.46110534667969,275.9620361328125,969.3939819335938,0.8996918201446533,1,6,-1
459,622,164.21914672851562,108.95906066894531,277.1872863769531,970.9945678710938,0.8932934403419495,1,6,-1
460,622,155.804931640625,107.33683776855469,279.0486755371094,972.6282348632812,0.8471353054046631,1,6,-1
461,622,146.25331115722656,104.34420013427734,281.01947021484375,975.6558227539062,0.8538303375244141,1,6,-1
462,622,137.7490997314453,102.85948181152344,279.90911865234375,977.1405029296875,0.817004382610321,1,6,-1
463,622,129.04971313476562,100.44940948486328,279.06695556640625,979.5505981445312,0.8249058127403259,1,6,-1
464,622,119.05470275878906,99.38101196289062,281.28143310546875,980.6190185546875,0.8629453182220459,1,6,-1
465,622,108.04875946044922,97.2345962524414,285.3821105957031,982.765380859375,0.8522372841835022,1,6,-1
466,622,97.81678009033203,96.15480041503906,288.7036437988281,983.84521484375,0.8770906329154968,1,6,-1
467,622,88.51024627685547,94.9837875366211,290.4253845214844,985.0162353515625,0.8723612427711487,1,6,-1
468,622,75.78018951416016,94.35748291015625,294.66595458984375,985.6425170898438,0.8793070912361145,1,6,-1
469,622,64.90170288085938,93.72635650634766,296.7306823730469,986.2736206054688,0.8801135420799255,1,6,-1
470,622,53.648597717285156,92.39334869384766,300.6144104003906,987.6066284179688,0.8453854918479919,1,6,-1
471,622,43.52365493774414,91.41943359375,303.4690246582031,988.58056640625,0.800265371799469,1,6,-1
472,622,33.90673065185547,89.25196838378906,303.27435302734375,990.748046875,0.7922075390815735,1,6,-1
473,622,25.03302574157715,88.27967834472656,302.5728759765625,991.7203369140625,0.8075157999992371,1,6,-1
474,622,13.986328125,86.79700469970703,302.97369384765625,993.2030029296875,0.8132109642028809,1,6,-1
475,622,2.4312100410461426,86.5198974609375,306.160400390625,993.4801025390625,0.7685832381248474,1,6,-1
476,622,0.0,85.65570068359375,299.9373779296875,994.3442993164062,0.6545937657356262,1,6,-1
477,622,0.0,84.99817657470703,291.6713562011719,994.9586181640625,0.6499139070510864,1,6,-1
486,624,0.0,761.393798828125,201.71238708496094,318.606201171875,0.7344239354133606,1,6,-1
487,624,0.0,767.9984130859375,191.7638702392578,312.0015869140625,0.7218148708343506,1,6,-1
488,624,0.0,776.0554809570312,182.26687622070312,303.94451904296875,0.7256945371627808,1,6,-1
489,624,1.1219383478164673,784.3616333007812,173.4241943359375,295.63836669921875,0.7531192898750305,1,6,-1
490,624,0.0,788.7718505859375,160.80526733398438,291.2281494140625,0.7827096581459045,1,6,-1
491,624,0.0,792.6974487304688,149.2584686279297,287.30255126953125,0.7948077321052551,1,6,-1
492,624,0.0,802.801513671875,140.30343627929688,276.72509765625,0.7769174575805664,1,6,-1
493,624,1.1257511377334595,807.0966186523438,132.03855895996094,267.00762939453125,0.7784512042999268,1,6,-1
494,624,0.0,819.1085205078125,120.71697235107422,259.5679931640625,0.7622378468513489,1,6,-1
495,624,2.220546007156372,829.021728515625,112.31633758544922,250.978271484375,0.5467421412467957,1,6,-1
496,624,1.599480390548706,831.1923217773438,100.33460235595703,246.66094970703125,0.6448336243629456,1,6,-1
497,624,0.0,840.421630859375,90.4287338256836,238.484619140625,0.622521162033081,1,6,-1
