2,1092,1428.1583251953125,536.3961181640625,137.343994140625,543.6038818359375,0.7195640206336975,1,6,-1
2,1093,645.2206420898438,422.9375915527344,44.58074951171875,114.08016967773438,0.5664031505584717,1,2,-1
3,1092,1428.19970703125,536.5289916992188,137.4854736328125,543.4710083007812,0.7232118844985962,1,6,-1
3,1093,645.2052001953125,423.3644104003906,44.6734619140625,113.90957641601562,0.6164159774780273,1,2,-1
4,1092,1428.825927734375,537.6885375976562,137.7276611328125,542.3114624023438,0.718214750289917,1,6,-1
5,1092,1428.5123291015625,537.8767700195312,138.189453125,542.0971069335938,0.7244045734405518,1,6,-1
6,1092,1428.64111328125,537.7247924804688,137.5487060546875,542.1181030273438,0.7190706729888916,1,6,-1
7,1092,1428.535400390625,536.3215942382812,138.8330078125,543.3937377929688,0.7081785202026367,1,6,-1
8,1092,1427.901611328125,536.2299194335938,139.656494140625,543.4551391601562,0.724001944065094,1,6,-1
9,1092,1427.7044677734375,535.7047119140625,139.68603515625,543.9288330078125,0.7319417595863342,1,6,-1
10,1092,1427.8729248046875,535.40380859375,139.3553466796875,544.236083984375,0.7051104307174683,1,6,-1
11,1092,1427.866455078125,533.43994140625,139.732666015625,546.2142333984375,0.6810337901115417,1,6,-1
12,1092,1427.8033447265625,531.6715698242188,138.9678955078125,548.0864868164062,0.6403659582138062,1,6,-1
12,1093,644.5859985351562,424.23016357421875,43.3544921875,116.6229248046875,0.6290513873100281,1,2,-1
13,1092,1427.62646484375,531.7564697265625,138.090576171875,548.0147705078125,0.5951235294342041,1,6,-1
13,1093,643.105712890625,425.2744445800781,44.3135986328125,114.88168334960938,0.6974644660949707,1,2,-1
14,1092,1426.75341796875,531.7053833007812,136.729736328125,548.1215209960938,0.6442561149597168,1,6,-1
14,1093,641.8927001953125,424.4938049316406,44.69488525390625,116.10934448242188,0.5524979829788208,1,2,-1
15,1092,1424.59326171875,532.5263671875,135.939208984375,547.4404296875,0.6863275170326233,1,6,-1
15,1093,640.8218383789062,423.6903381347656,44.072509765625,117.15237426757812,0.538008451461792,1,2,-1
16,1092,1422.537353515625,532.0850830078125,134.210693359375,547.7010498046875,0.5367181897163391,1,6,-1
16,1093,638.7098388671875,423.678466796875,44.860107421875,117.3404541015625,0.552605926990509,1,2,-1
17,1092,1416.545654296875,530.9592895507812,135.708984375,549.0407104492188,0.6867535710334778,1,6,-1
18,1092,1411.7701416015625,531.891845703125,136.4017333984375,548.016845703125,0.5807907581329346,1,6,-1
18,1093,630.5462646484375,427.98687744140625,46.76104736328125,115.49664306640625,0.676258385181427,1,2,-1
19,1092,1408.88330078125,535.0900268554688,134.3182373046875,544.9099731445312,0.701461911201477,1,6,-1
19,1093,627.2095947265625,430.2354431152344,45.78533935546875,112.40048217773438,0.666580080986023,1,2,-1
20,1092,1404.7152099609375,535.6470947265625,134.642578125,544.3529052734375,0.6755930185317993,1,6,-1
20,1093,625.0570068359375,432.0412902832031,45.57147216796875,107.25418090820312,0.6382119655609131,1,2,-1
21,1092,1399.6070556640625,536.4908447265625,135.0360107421875,543.5091552734375,0.7086601257324219,1,6,-1
21,1093,619.2676391601562,431.754638671875,45.31982421875,110.7152099609375,0.5335426926612854,1,2,-1
22,1092,1395.9549560546875,538.9644775390625,135.5697021484375,541.0355224609375,0.7210589647293091,1,6,-1
23,1092,1392.2196044921875,541.9686889648438,136.16650390625,538.0313110351562,0.6864110827445984,1,6,-1
24,1092,1390.3990478515625,545.5448608398438,136.639892578125,534.4551391601562,0.724216639995575,1,6,-1
24,1093,604.3145141601562,437.83123779296875,48.37042236328125,116.93023681640625,0.686342716217041,1,2,-1
25,1092,1388.8095703125,549.3594360351562,137.403564453125,530.6405639648438,0.7060819268226624,1,6,-1
25,1093,601.6603393554688,439.75830078125,49.87042236328125,118.06597900390625,0.8277776837348938,1,2,-1
26,1092,1388.1741943359375,554.0842895507812,138.640380859375,525.9157104492188,0.6759306788444519,1,6,-1
26,1093,600.7312622070312,447.4427490234375,49.10833740234375,113.257568359375,0.7329249978065491,1,2,-1
27,1092,1387.1480712890625,557.842041015625,139.6043701171875,522.157958984375,0.7150302529335022,1,6,-1
27,1093,600.8759765625,450.4736633300781,47.66754150390625,113.71914672851562,0.8082278966903687,1,2,-1
28,1092,1387.25390625,565.2344360351562,140.3079833984375,514.7655639648438,0.7495777010917664,1,6,-1
28,1093,600.018798828125,456.0479431152344,46.72967529296875,114.11416625976562,0.7167786359786987,1,2,-1
29,1092,1388.0611572265625,568.0140991210938,141.009765625,511.98590087890625,0.6913697719573975,1,6,-1
29,1093,600.2822265625,460.5485534667969,46.39605712890625,116.02951049804688,0.6985007524490356,1,2,-1
30,1092,1388.849853515625,573.8845825195312,142.5765380859375,506.11541748046875,0.7380480170249939,1,6,-1
30,1093,600.0813598632812,465.13427734375,44.41668701171875,116.95294189453125,0.5020327568054199,1,2,-1
31,1092,1390.1011962890625,578.0425415039062,142.884033203125,501.95745849609375,0.6214579343795776,1,6,-1
31,1093,599.3179321289062,466.74847412109375,43.4718017578125,118.605712890625,0.6895564198493958,1,2,-1
32,1092,1391.0552978515625,583.7362060546875,144.0091552734375,496.2637939453125,0.6233000755310059,1,6,-1
32,1093,597.992919921875,472.26812744140625,44.0361328125,116.14862060546875,0.7173125147819519,1,2,-1
33,1092,1392.1026611328125,585.7752685546875,145.0699462890625,494.2247314453125,0.6786943674087524,1,6,-1
33,1093,596.3107299804688,475.9072265625,44.39910888671875,116.34344482421875,0.7437362670898438,1,2,-1
34,1092,1393.1474609375,586.7793579101562,145.3765869140625,493.03155517578125,0.7522574067115784,1,6,-1
34,1093,594.8364868164062,478.1614074707031,44.62420654296875,121.25827026367188,0.7286125421524048,1,2,-1
35,1092,1394.57861328125,587.970458984375,145.5250244140625,491.7501220703125,0.740348756313324,1,6,-1
35,1093,593.76904296875,480.135009765625,43.9635009765625,123.0635986328125,0.720637321472168,1,2,-1
36,1092,1395.6263427734375,589.79736328125,145.573486328125,489.564697265625,0.7243088483810425,1,6,-1
36,1093,592.5780029296875,483.0041809082031,44.228271484375,121.64682006835938,0.610417902469635,1,2,-1
37,1092,1396.8785400390625,590.9664306640625,145.6470947265625,488.344970703125,0.6608030796051025,1,6,-1
37,1093,590.673828125,484.5389099121094,45.05657958984375,120.75485229492188,0.7744516730308533,1,2,-1
38,1092,1397.61083984375,591.318115234375,145.625732421875,487.735595703125,0.7147859930992126,1,6,-1
38,1093,589.4224853515625,487.287109375,44.92022705078125,118.65380859375,0.7810954451560974,1,2,-1
39,1092,1397.7431640625,591.3541259765625,146.6173095703125,487.6268310546875,0.6966254711151123,1,6,-1
39,1093,587.6771850585938,490.8118591308594,44.88824462890625,115.30282592773438,0.641098141670227,1,2,-1
40,1092,1397.4788818359375,590.7711181640625,147.851318359375,488.01806640625,0.6980056762695312,1,6,-1
40,1093,584.3056640625,490.7824401855469,47.01715087890625,116.13833618164062,0.8177162408828735,1,2,-1
41,1092,1397.34521484375,588.972900390625,148.5029296875,489.9954833984375,0.6255187392234802,1,6,-1
41,1093,581.9849853515625,489.937255859375,47.66400146484375,118.02178955078125,0.8393974304199219,1,2,-1
42,1092,1397.278076171875,587.5001220703125,148.799560546875,491.363525390625,0.6619998812675476,1,6,-1
42,1093,580.3224487304688,489.4860534667969,48.1890869140625,118.54788208007812,0.8221240043640137,1,2,-1
43,1092,1397.4111328125,586.6077270507812,149.8570556640625,492.34344482421875,0.7048633098602295,1,6,-1
43,1093,579.1805419921875,489.3396911621094,47.51763916015625,117.23190307617188,0.83713698387146,1,2,-1
44,1092,1398.0743408203125,585.263916015625,150.70068359375,493.8350830078125,0.6821735501289368,1,6,-1
44,1093,577.659423828125,488.1402282714844,47.26690673828125,116.96395874023438,0.8537523150444031,1,2,-1
45,1092,1398.3060302734375,584.7221069335938,152.002685546875,494.28753662109375,0.671537458896637,1,6,-1
45,1093,577.1713256835938,488.306884765625,46.2724609375,116.2042236328125,0.8307273387908936,1,2,-1
46,1092,1398.6788330078125,583.5094604492188,152.20458984375,495.79437255859375,0.6583512425422668,1,6,-1
46,1093,574.1327514648438,484.0242614746094,45.94085693359375,120.49746704101562,0.7871199250221252,1,2,-1
47,1092,1399.1500244140625,579.84423828125,152.7403564453125,499.2674560546875,0.6835352182388306,1,6,-1
47,1093,571.653076171875,481.48553466796875,47.344970703125,123.502197265625,0.7824886441230774,1,2,-1
48,1092,1399.392333984375,577.1102294921875,153.4244384765625,502.233642578125,0.6612120270729065,1,6,-1
48,1093,569.510009765625,477.7565002441406,46.96954345703125,126.01144409179688,0.773263692855835,1,2,-1
49,1092,1399.81103515625,574.0055541992188,152.807861328125,505.20831298828125,0.6192396879196167,1,6,-1
49,1093,568.2084350585938,475.216552734375,47.10308837890625,128.6712646484375,0.7396878600120544,1,2,-1
50,1092,1400.1466064453125,572.0634155273438,152.4483642578125,507.40545654296875,0.671492874622345,1,6,-1
50,1093,566.6296997070312,473.4443054199219,46.6844482421875,129.19924926757812,0.5629274845123291,1,2,-1
51,1092,1400.434326171875,570.34423828125,153.131591796875,509.015625,0.7083711624145508,1,6,-1
51,1093,564.72509765625,473.2796325683594,47.7967529296875,122.80172729492188,0.6196097731590271,1,2,-1
52,1092,1400.9683837890625,567.7946166992188,152.9014892578125,511.75103759765625,0.6866524815559387,1,6,-1
52,1093,563.678955078125,472.2944030761719,47.59466552734375,120.83822631835938,0.5135596394538879,1,2,-1
53,1092,1401.7950439453125,565.0864868164062,153.0877685546875,514.3958129882812,0.5700436234474182,1,6,-1
53,1093,560.8179931640625,470.6949768066406,49.423828125,119.39083862304688,0.7026733160018921,1,2,-1
54,1092,1401.91015625,562.672607421875,153.4888916015625,516.8861083984375,0.5183092951774597,1,6,-1
54,1093,558.7848510742188,468.44805908203125,49.8104248046875,119.21319580078125,0.7852786183357239,1,2,-1
55,1092,1401.598876953125,562.0180053710938,154.5345458984375,517.6194458007812,0.6703841090202332,1,6,-1
55,1093,556.5197143554688,464.0454406738281,50.70758056640625,121.96749877929688,0.828514575958252,1,2,-1
56,1092,1402.0609130859375,561.8807373046875,154.9990234375,517.6221923828125,0.7451367378234863,1,6,-1
56,1093,556.6084594726562,461.1266784667969,50.56378173828125,122.61746215820312,0.8183321356773376,1,2,-1
57,1092,1402.6004638671875,559.2388916015625,155.27099609375,520.46630859375,0.7119854092597961,1,6,-1
57,1093,554.9857788085938,455.3055419921875,50.80828857421875,126.671142578125,0.8218356370925903,1,2,-1
58,1092,1404.2547607421875,555.5328369140625,155.2125244140625,524.0003662109375,0.678091287612915,1,6,-1
58,1093,554.410400390625,453.0984191894531,50.7547607421875,125.06759643554688,0.7582635283470154,1,2,-1
59,1092,1406.3480224609375,553.6885375976562,154.088134765625,525.9933471679688,0.6743787527084351,1,6,-1
59,1093,553.3501586914062,448.7948303222656,51.15118408203125,124.98904418945312,0.7698158621788025,1,2,-1
60,1092,1407.5843505859375,552.3665771484375,154.3167724609375,527.323974609375,0.7095734477043152,1,6,-1
60,1093,552.0224609375,448.36236572265625,51.61419677734375,121.68450927734375,0.7726308703422546,1,2,-1
61,1092,1407.44775390625,550.6226806640625,155.5908203125,529.2835693359375,0.7341563701629639,1,6,-1
61,1093,551.732421875,444.2478332519531,51.19476318359375,121.32589721679688,0.7863566875457764,1,2,-1
62,1092,1408.3052978515625,549.5789184570312,156.13720703125,530.2017211914062,0.685541033744812,1,6,-1
62,1093,550.82177734375,439.4454040527344,51.7303466796875,123.83480834960938,0.7689902782440186,1,2,-1
63,1092,1408.6768798828125,545.9287109375,156.8592529296875,534.0712890625,0.6594876050949097,1,6,-1
63,1093,550.1307983398438,435.3261413574219,52.001708984375,123.77352905273438,0.840059220790863,1,2,-1
64,1092,1411.292724609375,544.2374267578125,157.177001953125,535.7625732421875,0.5296950340270996,1,6,-1
64,1093,549.4384155273438,432.2345886230469,52.0614013671875,124.92520141601562,0.8046398758888245,1,2,-1
65,1092,1413.4586181640625,541.5657348632812,156.68115234375,538.4342651367188,0.6291549205780029,1,6,-1
65,1093,547.5944213867188,428.8294677734375,52.53228759765625,126.762939453125,0.8480284810066223,1,2,-1
66,1092,1414.609619140625,540.44091796875,156.3946533203125,539.55908203125,0.6947603225708008,1,6,-1
66,1093,545.5791625976562,426.874755859375,53.93695068359375,127.52008056640625,0.858070969581604,1,2,-1
67,1092,1416.637451171875,538.9475708007812,156.4530029296875,541.0524291992188,0.7029436230659485,1,6,-1
67,1093,544.6185913085938,425.3551330566406,53.958984375,123.67782592773438,0.8621239066123962,1,2,-1
68,1092,1419.388671875,536.6952514648438,155.1549072265625,543.3047485351562,0.7101672887802124,1,6,-1
68,1093,544.572265625,418.5676574707031,52.6353759765625,128.18161010742188,0.8437741994857788,1,2,-1
69,1092,1421.830322265625,534.3004150390625,154.1087646484375,545.6995849609375,0.6989195346832275,1,6,-1
69,1093,545.1888427734375,418.7728271484375,51.08319091796875,125.00811767578125,0.8274067640304565,1,2,-1
70,1092,1422.802978515625,533.0615234375,154.2764892578125,546.9384765625,0.7660763263702393,1,6,-1
70,1093,544.112060546875,415.2689514160156,50.56243896484375,125.90115356445312,0.8193055987358093,1,2,-1
71,1092,1424.7691650390625,529.4093017578125,153.772705078125,550.5906982421875,0.747778058052063,1,6,-1
71,1093,543.1681518554688,411.8644714355469,50.97772216796875,125.87985229492188,0.8409794569015503,1,2,-1
72,1092,1426.27490234375,530.1995239257812,153.41845703125,549.8004760742188,0.7434564828872681,1,6,-1
72,1093,541.7686767578125,408.2360534667969,52.07891845703125,127.82229614257812,0.8547142744064331,1,2,-1
73,1092,1427.715576171875,531.3885498046875,155.0709228515625,548.6114501953125,0.7735950350761414,1,6,-1
73,1093,540.3961791992188,406.1062316894531,52.906494140625,129.02871704101562,0.855089545249939,1,2,-1
74,1092,1429.9482421875,531.6007690429688,155.1513671875,548.3992309570312,0.7590855360031128,1,6,-1
74,1093,538.8212280273438,402.5582580566406,53.3145751953125,131.67373657226562,0.8348162770271301,1,2,-1
75,1092,1433.04296875,533.2992553710938,153.8607177734375,546.7007446289062,0.7985102534294128,1,6,-1
75,1093,536.7926025390625,402.0449523925781,55.07110595703125,131.76126098632812,0.8442391753196716,1,2,-1
76,1092,1434.7855224609375,534.3453369140625,154.3482666015625,545.6546630859375,0.8033269047737122,1,6,-1
76,1093,535.5908203125,401.15850830078125,55.0537109375,131.6962890625,0.823176920413971,1,2,-1
77,1092,1435.875732421875,540.0236206054688,155.49755859375,539.9763793945312,0.7904438972473145,1,6,-1
77,1093,535.3096923828125,400.3844299316406,54.13372802734375,133.00491333007812,0.8004317283630371,1,2,-1
78,1092,1437.5526123046875,537.1361694335938,155.6412353515625,542.8638305664062,0.8294523358345032,1,6,-1
78,1093,533.958740234375,400.4095458984375,55.23284912109375,132.44610595703125,0.8289375901222229,1,2,-1
79,1092,1439.3829345703125,531.6991577148438,156.49609375,548.3008422851562,0.8246625065803528,1,6,-1
79,1093,532.7962036132812,399.4866943359375,55.20318603515625,132.34588623046875,0.8251349925994873,1,2,-1
80,1092,1440.7364501953125,528.53369140625,158.1259765625,551.46630859375,0.7670979499816895,1,6,-1
80,1093,532.6607055664062,398.0601501464844,54.6591796875,133.34463500976562,0.8266118764877319,1,2,-1
81,1092,1441.76416015625,527.4443359375,159.0543212890625,552.5556640625,0.6770787835121155,1,6,-1
81,1093,532.138916015625,397.1225891113281,54.20697021484375,130.42025756835938,0.8431581854820251,1,2,-1
82,1092,1443.4527587890625,524.2940063476562,161.44921875,555.7059936523438,0.7949561476707458,1,6,-1
82,1093,530.7863159179688,397.347412109375,54.357666015625,128.79290771484375,0.8544434309005737,1,2,-1
83,1092,1446.1295166015625,530.4716796875,159.982421875,549.5283203125,0.8080056309700012,1,6,-1
83,1093,528.8336791992188,396.6232604980469,55.009765625,129.54562377929688,0.8645941615104675,1,2,-1
84,1092,1448.437255859375,527.8347778320312,161.251220703125,552.1261596679688,0.8064006567001343,1,6,-1
84,1093,527.3986206054688,396.1770324707031,56.27752685546875,128.62692260742188,0.8617650270462036,1,2,-1
85,1092,1449.96533203125,525.0245361328125,165.3592529296875,554.9754638671875,0.7106231451034546,1,6,-1
85,1093,527.1085815429688,393.9324645996094,55.5849609375,130.26223754882812,0.8473120331764221,1,2,-1
86,1092,1452.08251953125,522.7470703125,167.622802734375,557.00341796875,0.7831066846847534,1,6,-1
86,1093,527.0537109375,392.54803466796875,54.64739990234375,130.7454833984375,0.827202558517456,1,2,-1
87,1092,1455.415771484375,520.531982421875,166.7978515625,559.468017578125,0.731096088886261,1,6,-1
87,1093,526.5839233398438,389.745361328125,54.23004150390625,133.4737548828125,0.8256075978279114,1,2,-1
88,1092,1457.4171142578125,519.7264404296875,167.2696533203125,560.2735595703125,0.7468154430389404,1,6,-1
88,1093,524.6426391601562,387.6629638671875,55.476806640625,135.11138916015625,0.8331978917121887,1,2,-1
89,1092,1459.189208984375,517.1361083984375,167.91796875,562.8638916015625,0.7478740811347961,1,6,-1
89,1093,523.1715087890625,386.0495910644531,56.0159912109375,137.26559448242188,0.8188372850418091,1,2,-1
90,1092,1461.3883056640625,514.3255004882812,167.3865966796875,565.6744995117188,0.5676335096359253,1,6,-1
90,1093,521.8409423828125,386.885009765625,56.13140869140625,135.504638671875,0.8331654667854309,1,2,-1
91,1092,1462.948974609375,514.1390380859375,168.7032470703125,565.8609619140625,0.700831413269043,1,6,-1
91,1093,519.534423828125,386.2681579589844,58.08087158203125,135.60922241210938,0.6147518157958984,1,2,-1
92,1092,1464.6011962890625,512.8824462890625,169.7454833984375,567.1175537109375,0.6390506029129028,1,6,-1
92,1093,516.7350463867188,385.34814453125,58.56298828125,136.830078125,0.856812059879303,1,2,-1
93,1092,1467.9010009765625,513.8450317382812,168.5899658203125,566.1549682617188,0.7253504395484924,1,6,-1
93,1093,513.84423828125,383.5285339355469,60.3118896484375,138.37448120117188,0.8578435182571411,1,2,-1
94,1092,1468.9429931640625,514.7426147460938,168.5443115234375,565.2573852539062,0.7699359655380249,1,6,-1
94,1093,510.5826416015625,382.5455322265625,60.52923583984375,138.6220703125,0.8467665314674377,1,2,-1
95,1092,1469.091064453125,516.37158203125,168.9727783203125,563.62841796875,0.774008572101593,1,6,-1
95,1093,508.1827697753906,382.3575439453125,60.793121337890625,139.108642578125,0.8309920430183411,1,2,-1
96,1092,1469.0697021484375,518.1221313476562,169.1160888671875,561.8778686523438,0.7697835564613342,1,6,-1
96,1093,505.6249694824219,383.8251647949219,60.026458740234375,137.46853637695312,0.8167757391929626,1,2,-1
97,1092,1469.1768798828125,518.2920532226562,169.6688232421875,561.7079467773438,0.7817045450210571,1,6,-1
97,1093,502.64349365234375,384.4392395019531,60.36785888671875,137.11026000976562,0.8613860607147217,1,2,-1
98,1092,1469.0277099609375,519.0587768554688,170.2445068359375,560.9412231445312,0.7903021574020386,1,6,-1
98,1093,500.3196105957031,381.575927734375,59.310577392578125,140.34466552734375,0.8004523515701294,1,2,-1
99,1092,1469.9005126953125,518.2467041015625,169.8074951171875,561.7532958984375,0.7600116729736328,1,6,-1
99,1093,495.512939453125,379.7002258300781,59.55780029296875,141.52951049804688,0.7955290675163269,1,2,-1
100,1092,1469.9705810546875,518.2330322265625,169.6859130859375,561.7669677734375,0.7650889158248901,1,6,-1
100,1093,490.0220031738281,380.45770263671875,62.071380615234375,140.59429931640625,0.8564160466194153,1,2,-1
101,1092,1469.908935546875,517.39013671875,170.625,562.60986328125,0.7890669107437134,1,6,-1
101,1093,485.34796142578125,380.1690368652344,61.48333740234375,140.50827026367188,0.8393331170082092,1,2,-1
102,1092,1469.9476318359375,516.4910278320312,171.3658447265625,563.3916625976562,0.7829640507698059,1,6,-1
102,1093,482.1529541015625,380.9569091796875,61.51214599609375,139.86260986328125,0.8365499973297119,1,2,-1
103,1092,1470.0316162109375,515.8135986328125,172.3643798828125,564.1864013671875,0.7786506414413452,1,6,-1
103,1093,478.15570068359375,378.60345458984375,61.645263671875,142.45733642578125,0.8515642881393433,1,2,-1
104,1092,1470.3895263671875,515.7445068359375,173.2010498046875,564.1239013671875,0.7793769836425781,1,6,-1
104,1093,477.5074768066406,378.42822265625,60.956146240234375,142.24188232421875,0.8482977747917175,1,2,-1
105,1092,1470.56689453125,514.4038696289062,175.24609375,565.5961303710938,0.7627654075622559,1,6,-1
105,1093,472.7893981933594,378.6546325683594,60.938018798828125,142.38650512695312,0.7835390567779541,1,2,-1
106,1092,1470.6612548828125,512.7867431640625,177.0228271484375,567.1517333984375,0.7552387714385986,1,6,-1
106,1093,467.06640625,376.4202575683594,63.96026611328125,142.09066772460938,0.8203455209732056,1,2,-1
107,1092,1471.2703857421875,512.8341674804688,177.3087158203125,567.1658325195312,0.7590660452842712,1,6,-1
107,1093,462.0432434082031,372.58502197265625,64.93606567382812,145.77880859375,0.8265951871871948,1,2,-1
108,1092,1472.02099609375,512.4609375,178.5938720703125,567.5390625,0.7524420022964478,1,6,-1
108,1093,458.2334289550781,371.2684631347656,65.12478637695312,146.88131713867188,0.789950966835022,1,2,-1
109,1092,1472.7747802734375,511.6385803222656,179.371826171875,568.3614501953125,0.785269558429718,1,6,-1
109,1093,455.80511474609375,372.96380615234375,64.41741943359375,145.35107421875,0.7208921909332275,1,2,-1
110,1092,1474.8624267578125,508.7194519042969,179.0399169921875,571.280517578125,0.7560175061225891,1,6,-1
110,1093,454.4585876464844,373.5503845214844,63.363739013671875,144.48928833007812,0.7274932265281677,1,2,-1
111,1092,1476.6478271484375,508.59442138671875,180.3739013671875,571.3120727539062,0.7551383376121521,1,6,-1
111,1093,454.060302734375,373.73004150390625,63.2457275390625,144.3822021484375,0.7946104407310486,1,2,-1
112,1092,1479.103271484375,508.53875732421875,181.1021728515625,571.4612426757812,0.7437440156936646,1,6,-1
112,1093,451.72503662109375,371.7978820800781,62.60906982421875,145.18838500976562,0.7513843774795532,1,2,-1
113,1092,1483.40234375,507.8634033203125,179.4400634765625,571.98193359375,0.6981254816055298,1,6,-1
113,1093,450.6730651855469,372.3955383300781,61.431671142578125,144.39614868164062,0.6270825266838074,1,2,-1
114,1092,1485.8525390625,505.6048583984375,180.2537841796875,574.3951416015625,0.6787126660346985,1,6,-1
114,1093,445.392822265625,371.5372619628906,63.71044921875,144.09805297851562,0.7607011795043945,1,2,-1
115,1092,1487.7757568359375,502.3369445800781,182.1885986328125,577.510498046875,0.6225597262382507,1,6,-1
115,1093,441.5932922363281,369.8714599609375,66.59719848632812,145.8829345703125,0.7155342698097229,1,2,-1
116,1092,1489.4500732421875,502.39410400390625,183.49951171875,577.5861206054688,0.6793047785758972,1,6,-1
116,1093,436.9182434082031,366.4990539550781,68.41799926757812,148.34353637695312,0.5572265386581421,1,2,-1
117,1092,1490.864990234375,503.79345703125,184.6373291015625,576.009033203125,0.6538576483726501,1,6,-1
117,1093,434.3325500488281,364.8166198730469,68.70513916015625,148.57852172851562,0.664750337600708,1,2,-1
117,1095,434.7710266113281,365.93267822265625,68.69448852539062,147.7503662109375,0.5016574859619141,1,2,-1
118,1092,1493.7412109375,504.2912292480469,184.051025390625,575.62548828125,0.6991631984710693,1,6,-1
119,1092,1496.26220703125,503.50311279296875,185.54443359375,576.3853149414062,0.6475993394851685,1,6,-1
119,1093,430.51739501953125,360.8516845703125,67.77645874023438,150.7520751953125,0.6870001554489136,1,2,-1
120,1092,1499.1563720703125,503.5134582519531,186.530517578125,576.3719482421875,0.6266642808914185,1,6,-1
120,1093,429.1301574707031,358.8564453125,67.86398315429688,152.6448974609375,0.5954422354698181,1,2,-1
121,1092,1501.807373046875,502.1922912597656,188.066162109375,577.7882080078125,0.692615807056427,1,6,-1
121,1093,426.6135559082031,357.88616943359375,69.22100830078125,151.73129272460938,0.7133880853652954,1,2,-1
122,1092,1503.9825439453125,496.5191345214844,191.5430908203125,583.265380859375,0.5122007727622986,1,6,-1
122,1093,424.66021728515625,355.71295166015625,70.076416015625,153.19979858398438,0.5805678367614746,1,2,-1
123,1092,1506.3721923828125,494.0795593261719,193.9403076171875,585.9146728515625,0.508190393447876,1,6,-1
125,1093,413.18048095703125,345.792236328125,76.54241943359375,158.98117065429688,0.5804888010025024,1,2,-1
125,1092,1509.908447265625,491.64208984375,198.6309814453125,588.35791015625,0.5162087082862854,1,6,-1
126,1093,409.08270263671875,344.2201843261719,79.80938720703125,159.6129150390625,0.6133663654327393,1,2,-1
126,1092,1512.8157958984375,491.5032653808594,199.7081298828125,588.4364013671875,0.561423122882843,1,6,-1
127,1093,406.398681640625,341.77447509765625,79.43020629882812,160.82345581054688,0.6205800771713257,1,2,-1
128,1093,404.2488708496094,340.5724792480469,79.72769165039062,161.5614013671875,0.5205550789833069,1,2,-1
134,1093,396.7973327636719,332.1850891113281,75.04666137695312,156.927001953125,0.6129342913627625,1,2,-1
136,1093,387.7745361328125,321.3440246582031,80.42086791992188,164.76272583007812,0.5763237476348877,1,2,-1
139,1093,379.17205810546875,314.404052734375,81.26535034179688,168.60406494140625,0.5106435418128967,1,2,-1
140,1093,374.9647216796875,313.2408142089844,82.8662109375,169.57736206054688,0.5348134636878967,1,2,-1
141,1093,372.0557556152344,311.4817199707031,83.68508911132812,170.79281616210938,0.6028178334236145,1,2,-1
176,1096,1710.77001953125,456.9081115722656,209.158447265625,541.41552734375,0.5351907014846802,1,6,-1
180,1096,1736.6317138671875,452.6141052246094,181.190673828125,524.499755859375,0.527839720249176,1,6,-1
