6,459,442.35797119140625,5.351090908050537,499.0701904296875,598.8375854492188,0.5078575015068054,1,3,-1
7,459,438.1493835449219,4.531783103942871,503.0753479003906,603.13916015625,0.5992570519447327,1,3,-1
8,459,436.1355285644531,3.509359836578369,504.1432189941406,608.309326171875,0.5528542995452881,1,3,-1
9,459,435.8011779785156,2.3898706436157227,505.2494201660156,611.6030883789062,0.5310899615287781,1,3,-1
12,459,427.7557678222656,2.9222164154052734,517.4937744140625,611.5045166015625,0.6325958371162415,1,3,-1
13,459,427.1280212402344,2.8821070194244385,520.04443359375,613.106689453125,0.7047567963600159,1,3,-1
14,459,426.1608581542969,3.2722246646881104,522.53466796875,606.3211669921875,0.7277368307113647,1,3,-1
15,459,424.17694091796875,4.467165946960449,525.0472412109375,605.8154907226562,0.6530110836029053,1,3,-1
16,459,420.4502258300781,3.7909724712371826,526.972412109375,605.5162963867188,0.6297467947006226,1,3,-1
17,459,417.29998779296875,5.04354190826416,530.66015625,604.3258056640625,0.5962164402008057,1,3,-1
18,459,414.97174072265625,3.8106069564819336,532.4485473632812,600.9555053710938,0.7128393054008484,1,3,-1
19,459,410.65789794921875,3.8797945976257324,536.8729248046875,605.4466552734375,0.7477710843086243,1,3,-1
20,459,408.4053649902344,2.927319049835205,537.4384765625,596.7047729492188,0.7593500018119812,1,3,-1
21,459,402.7738037109375,0.17905445396900177,540.7687377929688,592.51904296875,0.779522180557251,1,3,-1
22,459,401.3834533691406,2.9574105739593506,543.374755859375,590.2650146484375,0.7935519218444824,1,3,-1
23,459,398.100830078125,0.8464357256889343,544.1998291015625,585.8042602539062,0.7867400050163269,1,3,-1
24,459,397.5864562988281,1.9882653951644897,543.0653076171875,579.9013671875,0.7796351313591003,1,3,-1
25,459,397.7571716308594,2.3751049041748047,542.8057861328125,581.0094604492188,0.809465229511261,1,3,-1
26,459,394.9840087890625,3.9361488819122314,545.010009765625,582.819091796875,0.7676316499710083,1,3,-1
28,459,392.6361083984375,2.124464511871338,543.0263671875,577.9214477539062,0.6056022644042969,1,3,-1
29,459,390.23809814453125,0.0,544.3359375,577.2302856445312,0.6286924481391907,1,3,-1
30,459,387.9696350097656,0.0,546.1842041015625,575.0963745117188,0.5410155057907104,1,3,-1
31,459,388.5145263671875,0.0,545.0906982421875,572.574951171875,0.6433369517326355,1,3,-1
32,459,387.0534973144531,0.0,547.0015869140625,570.215576171875,0.728865921497345,1,3,-1
33,459,385.487548828125,0.0,549.4453735351562,573.0852661132812,0.6148586273193359,1,3,-1
35,459,384.664794921875,0.1335851401090622,549.809814453125,566.7999877929688,0.5897248983383179,1,3,-1
36,459,384.815673828125,0.07220882922410965,550.0734252929688,564.1942138671875,0.6474924683570862,1,3,-1
37,459,383.6462097167969,1.0727237462997437,551.55126953125,563.1963500976562,0.5330802202224731,1,3,-1
38,459,383.1445007324219,2.2588460445404053,552.773193359375,563.3688354492188,0.562321662902832,1,3,-1
39,459,382.7838439941406,1.794025182723999,551.3603515625,558.8857421875,0.7077113389968872,1,3,-1
40,459,381.5419006347656,0.8218029737472534,552.7601318359375,553.7129516601562,0.5343154072761536,1,3,-1
41,459,382.8445129394531,1.849991798400879,548.5013427734375,542.2297973632812,0.6925071477890015,1,3,-1
42,459,384.02008056640625,0.0,548.9842529296875,546.95361328125,0.7094714641571045,1,3,-1
43,459,384.1231994628906,0.0,549.3016357421875,541.7906494140625,0.5188058018684387,1,3,-1
44,459,384.77532958984375,0.0,545.5197143554688,532.7476806640625,0.6270845532417297,1,3,-1
45,459,385.26251220703125,0.36832430958747864,547.3093872070312,532.3526000976562,0.7392628788948059,1,3,-1
46,459,384.6918640136719,0.0,546.952392578125,526.43701171875,0.698112964630127,1,3,-1
47,459,384.0803527832031,1.4148796796798706,549.82666015625,527.0038452148438,0.7927737236022949,1,3,-1
48,459,383.6163024902344,1.4226057529449463,550.677734375,526.48388671875,0.7282488346099854,1,3,-1
49,459,384.8493957519531,2.0525665283203125,550.710205078125,521.2235717773438,0.741467297077179,1,3,-1
50,459,382.38262939453125,0.18789872527122498,552.1658935546875,521.579345703125,0.8577064871788025,1,3,-1
51,459,379.8736877441406,0.0,555.32958984375,524.1618041992188,0.8071088790893555,1,3,-1
52,459,379.23095703125,2.0359034538269043,557.5196533203125,525.5214233398438,0.7519495487213135,1,3,-1
53,459,376.9465026855469,0.6161055564880371,558.1177978515625,523.65087890625,0.773774266242981,1,3,-1
54,459,375.9882507324219,1.4087836742401123,559.6295166015625,522.7467041015625,0.7332834601402283,1,3,-1
55,459,374.73370361328125,1.3851364850997925,562.0438842773438,525.52197265625,0.6546024084091187,1,3,-1
56,459,374.9960632324219,1.3884844779968262,562.112060546875,522.5305786132812,0.5898880362510681,1,3,-1
58,459,372.9479675292969,1.902207851409912,559.998779296875,504.46270751953125,0.7163988351821899,1,3,-1
59,459,370.824951171875,0.9452782869338989,564.3080444335938,514.7308349609375,0.5304594039916992,1,3,-1
60,459,370.5643310546875,0.790325939655304,564.5714721679688,507.9112854003906,0.6627655625343323,1,3,-1
61,459,369.517822265625,0.3825885057449341,566.4469604492188,508.1972351074219,0.6382297277450562,1,3,-1
62,459,366.60028076171875,0.0336313359439373,570.7073974609375,506.4668273925781,0.7041893601417542,1,3,-1
63,459,363.9795227050781,0.4863896369934082,575.1475830078125,507.296142578125,0.6304821372032166,1,3,-1
64,459,360.61737060546875,0.712609052658081,579.8135375976562,506.4134216308594,0.7314152717590332,1,3,-1
65,459,355.8009033203125,0.26816126704216003,584.8642578125,504.1098327636719,0.8029739856719971,1,3,-1
66,459,351.9657287597656,0.0,590.31591796875,504.9656677246094,0.775784969329834,1,3,-1
67,459,347.505859375,0.6736853718757629,596.1195068359375,500.335205078125,0.8399159908294678,1,3,-1
68,459,341.2941589355469,2.018296718597412,603.7135009765625,500.84906005859375,0.8445485234260559,1,3,-1
69,459,334.2872314453125,2.0819764137268066,610.2900390625,497.64398193359375,0.8626129627227783,1,3,-1
70,459,325.3487548828125,2.0176000595092773,620.0457153320312,502.7933349609375,0.8617876172065735,1,3,-1
71,459,317.0842590332031,1.2244406938552856,627.7481689453125,503.3708801269531,0.7558021545410156,1,3,-1
72,459,308.1478576660156,1.957749605178833,635.3609619140625,499.77935791015625,0.8169032335281372,1,3,-1
73,459,296.5052185058594,1.3825186491012573,641.0479736328125,489.5538635253906,0.8342412710189819,1,3,-1
74,459,287.0777587890625,1.3656805753707886,649.7342529296875,492.4781799316406,0.8170186281204224,1,3,-1
75,459,276.9010314941406,1.8611385822296143,659.390869140625,498.49737548828125,0.8104817271232605,1,3,-1
75,461,846.4642944335938,115.55807495117188,46.4296875,111.97152709960938,0.7348314523696899,1,6,-1
76,459,267.8505554199219,1.9960442781448364,665.3038330078125,497.6426086425781,0.8394445776939392,1,3,-1
77,459,255.09402465820312,1.5072803497314453,677.48388671875,499.5904235839844,0.8642604351043701,1,3,-1
78,459,245.61529541015625,1.697255253791809,685.4026489257812,502.62750244140625,0.8542356491088867,1,3,-1
78,462,847.336181640625,671.06201171875,41.876708984375,94.27630615234375,0.7630898952484131,1,2,-1
79,459,234.7000732421875,2.2427661418914795,695.4174194335938,507.20989990234375,0.8708973526954651,1,3,-1
79,462,846.0892944335938,671.1023559570312,40.73968505859375,97.874755859375,0.5064765214920044,1,2,-1
80,459,219.51148986816406,3.027190923690796,709.4541015625,513.4508056640625,0.855212926864624,1,3,-1
81,459,203.0030517578125,2.207443952560425,722.6324462890625,512.9574584960938,0.8436129689216614,1,3,-1
82,459,190.4962158203125,2.5923385620117188,735.653564453125,522.9037475585938,0.8305997252464294,1,3,-1
83,459,172.31561279296875,2.560032606124878,753.2283935546875,523.5797729492188,0.8556616306304932,1,3,-1
84,459,155.26600646972656,2.162099838256836,768.3543701171875,527.5538940429688,0.8620965480804443,1,3,-1
84,462,824.1262817382812,683.0328369140625,41.83087158203125,105.4046630859375,0.5316691398620605,1,2,-1
85,459,140.28269958496094,1.6438640356063843,782.2303466796875,533.0281372070312,0.8124000430107117,1,3,-1
85,462,819.301513671875,684.43701171875,43.59423828125,105.3201904296875,0.8061491250991821,1,2,-1
86,459,122.3207778930664,1.214665412902832,790.8162231445312,516.5477905273438,0.8625103831291199,1,3,-1
87,459,105.41714477539062,5.250196933746338,807.2298583984375,520.3096313476562,0.8478685617446899,1,3,-1
87,462,811.21484375,691.3359985351562,43.0791015625,101.96697998046875,0.6593955159187317,1,2,-1
88,459,67.06639099121094,1.6970350742340088,841.2896728515625,526.9933471679688,0.8433268070220947,1,3,-1
88,462,806.0167236328125,693.8224487304688,42.0751953125,102.0645751953125,0.5749397873878479,1,2,-1
89,459,29.648775100708008,2.149806022644043,876.0031127929688,533.9505615234375,0.825959324836731,1,3,-1
89,462,802.348876953125,699.5623779296875,40.602783203125,98.0394287109375,0.680633008480072,1,2,-1
90,459,17.880475997924805,1.5265717506408691,885.066650390625,539.6473999023438,0.8076026439666748,1,3,-1
90,462,798.7374877929688,703.1650390625,41.2490234375,95.38214111328125,0.6865761280059814,1,2,-1
91,459,2.471919059753418,2.2799973487854004,896.6992797851562,541.346923828125,0.8048953413963318,1,3,-1
91,462,792.7743530273438,705.9798583984375,42.07275390625,98.87799072265625,0.603148877620697,1,2,-1
92,459,0.0,1.1084868907928467,895.9102783203125,565.669189453125,0.7634138464927673,1,3,-1
92,462,787.697509765625,706.96435546875,45.14990234375,102.00177001953125,0.7548486590385437,1,2,-1
93,459,0.0,0.587657630443573,891.7955322265625,561.2943725585938,0.5425633192062378,1,3,-1
93,462,782.98974609375,710.021240234375,46.4637451171875,104.77337646484375,0.7733243703842163,1,2,-1
94,459,0.0,0.15118427574634552,888.1018676757812,558.7416381835938,0.5513571500778198,1,3,-1
94,462,780.1411743164062,711.7113037109375,45.60546875,104.18206787109375,0.6927792429924011,1,2,-1
95,459,0.0,0.7901890873908997,886.5504150390625,565.9476318359375,0.7513872981071472,1,3,-1
95,462,776.2965087890625,714.8834228515625,44.29864501953125,104.75750732421875,0.7792465686798096,1,2,-1
96,459,0.0,0.0,884.2777099609375,560.7335205078125,0.7225103974342346,1,3,-1
96,462,772.7510375976562,718.1730346679688,44.749755859375,102.34716796875,0.7987000346183777,1,2,-1
97,459,0.0,0.10596674680709839,883.7825927734375,567.0449829101562,0.6072947978973389,1,3,-1
97,462,770.1351928710938,720.0213623046875,45.9102783203125,102.64227294921875,0.7757556438446045,1,2,-1
98,462,767.3211669921875,721.3353881835938,45.49639892578125,104.60491943359375,0.6740525960922241,1,2,-1
99,462,764.5562133789062,722.98046875,46.27777099609375,106.1097412109375,0.7622830867767334,1,2,-1
99,459,0.0,3.77636981010437,882.4426879882812,574.7838745117188,0.6934595704078674,1,3,-1
100,462,762.1783447265625,725.7294921875,46.96636962890625,105.25408935546875,0.7460770010948181,1,2,-1
100,459,0.0,7.685785293579102,881.1766967773438,560.8442993164062,0.6464298963546753,1,3,-1
101,462,760.5504760742188,726.8760375976562,47.80859375,109.64837646484375,0.7588617205619812,1,2,-1
101,459,0.0,12.61174488067627,880.6342163085938,561.3612670898438,0.6506781578063965,1,3,-1
102,462,759.0196533203125,729.1155395507812,48.30535888671875,110.98040771484375,0.8064922094345093,1,2,-1
103,462,756.630126953125,730.7971801757812,49.118896484375,111.13262939453125,0.7978181838989258,1,2,-1
103,459,0.0,26.607460021972656,880.051513671875,549.7747192382812,0.515224039554596,1,3,-1
104,462,754.799072265625,734.166015625,48.18304443359375,109.81439208984375,0.8086888790130615,1,2,-1
105,462,752.5172729492188,736.25439453125,49.0303955078125,108.79058837890625,0.8081879019737244,1,2,-1
106,462,751.1218872070312,739.8395385742188,48.3614501953125,104.4556884765625,0.8087462186813354,1,2,-1
107,462,749.1962890625,741.8206787109375,47.99407958984375,105.38677978515625,0.8404108285903931,1,2,-1
108,462,747.2808837890625,743.1979370117188,47.76446533203125,107.27691650390625,0.8441616296768188,1,2,-1
109,462,743.6746215820312,743.914306640625,49.52008056640625,108.675537109375,0.8401806950569153,1,2,-1
110,462,739.575439453125,743.2932739257812,49.63763427734375,109.88800048828125,0.7116933465003967,1,2,-1
111,462,734.1685180664062,744.3513793945312,49.9349365234375,109.68194580078125,0.7974973917007446,1,2,-1
112,462,729.5369873046875,745.6118774414062,51.31982421875,108.89215087890625,0.815385103225708,1,2,-1
113,462,721.787109375,747.792724609375,50.4464111328125,106.8406982421875,0.7613487839698792,1,2,-1
114,462,717.4488525390625,746.9746704101562,50.8822021484375,113.95843505859375,0.8198143243789673,1,2,-1
115,462,709.79345703125,749.4183959960938,51.392578125,113.91107177734375,0.78461092710495,1,2,-1
116,462,705.1854248046875,752.6334228515625,51.15234375,111.2340087890625,0.7956221103668213,1,2,-1
117,462,699.07470703125,755.9019165039062,50.52850341796875,112.8768310546875,0.8556029796600342,1,2,-1
118,462,694.0545043945312,757.4556884765625,51.06597900390625,115.1009521484375,0.8468468189239502,1,2,-1
119,462,688.5647583007812,761.204833984375,52.59564208984375,114.31964111328125,0.8250317573547363,1,2,-1
120,462,683.3560180664062,764.370361328125,53.18359375,116.34393310546875,0.8300681114196777,1,2,-1
121,462,680.4890747070312,766.7967529296875,52.59320068359375,116.572265625,0.8346573710441589,1,2,-1
122,462,675.7088623046875,769.7962036132812,51.51666259765625,117.9268798828125,0.8234716057777405,1,2,-1
123,462,672.9886474609375,771.5252075195312,51.6243896484375,119.8778076171875,0.8410418033599854,1,2,-1
124,462,669.6742553710938,774.6769409179688,51.75811767578125,119.00927734375,0.8531838059425354,1,2,-1
125,462,666.3578491210938,776.7638549804688,53.635498046875,118.83514404296875,0.8244310021400452,1,2,-1
126,462,661.4631958007812,778.2818603515625,55.0015869140625,121.2615966796875,0.8251730799674988,1,2,-1
127,462,657.2025146484375,779.9153442382812,56.3194580078125,120.4046630859375,0.8231196403503418,1,2,-1
128,462,655.6629638671875,781.2734985351562,54.69183349609375,117.8253173828125,0.8136990070343018,1,2,-1
129,462,652.9948120117188,781.5313720703125,54.65234375,118.746826171875,0.8181381821632385,1,2,-1
130,462,650.4468994140625,781.7660522460938,53.07574462890625,118.97674560546875,0.8259038329124451,1,2,-1
131,462,645.6004638671875,780.5690307617188,52.81475830078125,118.16668701171875,0.8416756391525269,1,2,-1
132,462,641.4051513671875,780.110107421875,54.8197021484375,120.01470947265625,0.8303369879722595,1,2,-1
133,462,634.3670654296875,778.739990234375,57.2691650390625,121.0775146484375,0.8320280313491821,1,2,-1
134,462,630.4910278320312,777.2633666992188,58.19525146484375,123.1087646484375,0.8352304100990295,1,2,-1
135,462,626.9107055664062,776.8970336914062,56.1688232421875,122.3482666015625,0.7919580936431885,1,2,-1
136,462,623.9852294921875,776.6123046875,56.0909423828125,122.44964599609375,0.8205855488777161,1,2,-1
137,462,619.0440673828125,774.57470703125,55.68212890625,122.3480224609375,0.8461791276931763,1,2,-1
138,462,611.4647216796875,773.8379516601562,60.2392578125,124.83154296875,0.831424355506897,1,2,-1
139,462,606.2203979492188,768.1665649414062,62.02020263671875,129.5283203125,0.8376100659370422,1,2,-1
140,462,602.0175170898438,767.0626220703125,61.6441650390625,130.6827392578125,0.8272324204444885,1,2,-1
141,462,598.730224609375,764.5628051757812,61.85382080078125,130.25787353515625,0.8318272233009338,1,2,-1
142,462,594.5714721679688,762.7695922851562,61.30828857421875,129.455078125,0.8411513566970825,1,2,-1
143,462,590.4165649414062,762.9808349609375,61.97113037109375,129.1490478515625,0.8050981760025024,1,2,-1
144,462,583.0508422851562,758.8837890625,64.9088134765625,131.69891357421875,0.8325469493865967,1,2,-1
145,462,578.8444213867188,757.4476318359375,66.0029296875,127.37353515625,0.7348468899726868,1,2,-1
146,462,567.1043090820312,752.7506713867188,71.8575439453125,125.78387451171875,0.6956393718719482,1,2,-1
149,462,552.543701171875,740.728515625,73.17498779296875,127.850830078125,0.5792479515075684,1,2,-1
150,462,548.0092163085938,733.388427734375,72.6077880859375,128.02398681640625,0.7477959990501404,1,2,-1
151,462,545.1871948242188,731.2743530273438,71.1553955078125,124.7142333984375,0.8167149424552917,1,2,-1
152,462,540.2645263671875,729.8834228515625,71.19073486328125,127.28350830078125,0.8438414931297302,1,2,-1
153,462,532.8143310546875,728.4212646484375,72.223876953125,130.24420166015625,0.8587387800216675,1,2,-1
154,462,529.5396728515625,726.4280395507812,70.71954345703125,131.6649169921875,0.8451024889945984,1,2,-1
155,462,523.9342041015625,720.677978515625,71.6129150390625,133.353515625,0.8373314738273621,1,2,-1
156,462,520.5191040039062,716.7606201171875,72.38751220703125,132.24530029296875,0.8407015204429626,1,2,-1
157,462,511.8092041015625,715.3529663085938,77.378173828125,134.97479248046875,0.802991509437561,1,2,-1
158,462,506.751220703125,714.7628784179688,80.44268798828125,135.81573486328125,0.7984461784362793,1,2,-1
159,462,496.0411682128906,712.2588500976562,88.42788696289062,138.78240966796875,0.7740586400032043,1,2,-1
160,462,488.5887145996094,710.7508544921875,96.19088745117188,140.866943359375,0.6400133967399597,1,2,-1
168,462,439.5086975097656,710.0731201171875,90.98074340820312,148.1180419921875,0.6846110820770264,1,2,-1
169,462,435.8726806640625,711.4059448242188,89.730224609375,148.24395751953125,0.5994972586631775,1,2,-1
