3,1,966.8585205078125,1005.633544921875,58.41650390625,73.5155029296875,0.605724573135376,1,2,-1
4,1,966.890625,1002.964599609375,57.2000732421875,75.7677001953125,0.6228167414665222,1,2,-1
6,2,251.2433624267578,182.0592498779297,75.62528991699219,159.2527618408203,0.5816628336906433,1,6,-1
7,1,966.4657592773438,988.708251953125,56.753662109375,90.69970703125,0.526155948638916,1,2,-1
8,1,965.0325927734375,985.71435546875,56.9774169921875,93.8909912109375,0.5476377010345459,1,2,-1
8,2,257.46954345703125,191.14903259277344,67.12603759765625,149.91075134277344,0.5614151358604431,1,6,-1
9,1,963.5247192382812,982.0618286132812,57.27752685546875,97.37640380859375,0.5494493842124939,1,2,-1
10,2,249.348876953125,193.90492248535156,75.01809692382812,137.07713317871094,0.6331721544265747,1,6,-1
11,2,246.70333862304688,194.8539581298828,71.77182006835938,125.85215759277344,0.5363093614578247,1,6,-1
12,2,245.87844848632812,192.8858184814453,71.00057983398438,125.63398742675781,0.615821361541748,1,6,-1
13,2,244.7978973388672,195.2924041748047,72.35160827636719,121.17677307128906,0.6636619567871094,1,6,-1
14,2,244.6632080078125,196.80723571777344,69.64382934570312,113.01075744628906,0.656413733959198,1,6,-1
22,1,941.8757934570312,925.8724365234375,48.23358154296875,88.902099609375,0.56390780210495,1,2,-1
25,1,932.0537109375,911.7907104492188,47.97906494140625,88.5018310546875,0.5107622146606445,1,2,-1
47,3,128.6315155029297,673.1539916992188,71.74468994140625,91.12078857421875,0.5789380669593811,1,13,-1
48,3,124.61968231201172,668.8510131835938,71.82715606689453,91.88262939453125,0.6710968017578125,1,13,-1
49,3,124.39649200439453,666.8092651367188,69.7059097290039,90.23419189453125,0.6095607280731201,1,13,-1
50,3,120.38035583496094,661.791259765625,69.52546691894531,91.32080078125,0.6445629596710205,1,13,-1
51,3,116.03713989257812,661.1145629882812,71.1417236328125,88.89935302734375,0.5835491418838501,1,13,-1
52,3,109.52320098876953,656.0726928710938,73.16802215576172,91.3848876953125,0.5882346630096436,1,13,-1
53,3,105.25580596923828,653.510986328125,73.63285064697266,92.9110107421875,0.5209994316101074,1,13,-1
54,3,101.75824737548828,649.9317016601562,73.13216400146484,93.35223388671875,0.5383310317993164,1,13,-1
55,3,98.4488296508789,645.6661987304688,72.92842864990234,95.287841796875,0.5109814405441284,1,13,-1
59,3,82.11199188232422,633.3034057617188,73.58097076416016,92.07501220703125,0.6344455480575562,1,13,-1
60,3,78.35337829589844,630.5582885742188,74.70321655273438,93.08856201171875,0.5997440814971924,1,13,-1
61,3,75.84014892578125,626.4826049804688,72.03585815429688,91.43084716796875,0.7598562836647034,1,13,-1
62,3,73.99052429199219,624.53271484375,70.92170715332031,90.47314453125,0.7038155198097229,1,13,-1
63,3,66.66683197021484,619.53564453125,73.63538360595703,92.08538818359375,0.7160413861274719,1,13,-1
64,3,61.8060417175293,615.7960205078125,74.92973327636719,93.885009765625,0.7180589437484741,1,13,-1
66,3,52.44996643066406,608.8822021484375,73.4612045288086,92.97528076171875,0.7059935331344604,1,13,-1
67,3,48.77862548828125,603.8824462890625,72.95556640625,94.9420166015625,0.7644084692001343,1,13,-1
68,3,41.336219787597656,600.2687377929688,75.11450958251953,93.80303955078125,0.8104302287101746,1,13,-1
69,3,37.98965072631836,598.1726684570312,75.39033508300781,93.49029541015625,0.6824162602424622,1,13,-1
70,3,28.542753219604492,593.3861694335938,78.11817932128906,93.520751953125,0.6101910471916199,1,13,-1
71,3,28.127887725830078,590.767333984375,75.165771484375,90.22918701171875,0.6314749121665955,1,13,-1
72,3,25.70041275024414,585.612548828125,72.13047790527344,90.3941650390625,0.6865869760513306,1,13,-1
73,3,22.354625701904297,583.5751342773438,72.562255859375,89.46746826171875,0.718821108341217,1,13,-1
74,3,18.657617568969727,580.0055541992188,71.9173355102539,88.328125,0.7795706987380981,1,13,-1
75,3,16.810171127319336,576.2586059570312,70.78988647460938,88.60198974609375,0.7592529654502869,1,13,-1
76,3,13.443312644958496,572.8051147460938,71.00166320800781,88.70184326171875,0.7622092962265015,1,13,-1
77,3,11.67697525024414,569.3502807617188,70.72352600097656,89.2752685546875,0.7182952165603638,1,13,-1
78,3,10.471935272216797,567.1473999023438,69.38291931152344,87.6883544921875,0.5312948822975159,1,13,-1
79,3,7.372681140899658,563.462646484375,71.1380844116211,88.5911865234375,0.7492714524269104,1,13,-1
80,3,7.0382304191589355,560.0457153320312,70.45087432861328,91.05523681640625,0.7432180643081665,1,13,-1
81,3,5.945294380187988,554.3014526367188,70.20922088623047,94.52142333984375,0.7715813517570496,1,13,-1
82,3,6.120051860809326,553.7518310546875,70.30081176757812,93.9315185546875,0.7759485244750977,1,13,-1
83,3,5.220849514007568,549.0692749023438,69.71766662597656,97.404541015625,0.7607296109199524,1,13,-1
84,3,5.080539226531982,547.5425415039062,69.38138580322266,96.87286376953125,0.7504177689552307,1,13,-1
85,3,4.349993705749512,542.0807495117188,68.90406799316406,99.4427490234375,0.7371293306350708,1,13,-1
86,3,4.485336780548096,541.710205078125,67.40797424316406,94.3011474609375,0.6733427047729492,1,13,-1
87,3,3.7509288787841797,538.6498413085938,66.72305297851562,92.2615966796875,0.6315457224845886,1,13,-1
88,3,2.8887882232666016,536.3171997070312,67.76712036132812,91.9747314453125,0.7676049470901489,1,13,-1
89,3,2.0216073989868164,532.2705078125,67.0098648071289,92.5986328125,0.7674767374992371,1,13,-1
90,3,1.484032392501831,530.3538818359375,66.5577392578125,90.50640869140625,0.7265986204147339,1,13,-1
91,3,1.2538001537322998,527.1033325195312,65.68914031982422,90.673583984375,0.7405884861946106,1,13,-1
92,3,0.9491059184074402,523.7970581054688,65.47254180908203,89.76116943359375,0.7068096399307251,1,13,-1
93,3,1.5477967262268066,520.2247924804688,64.63678741455078,90.094970703125,0.7021673917770386,1,13,-1
94,3,2.3889567852020264,516.990234375,64.24311828613281,89.35247802734375,0.7311436533927917,1,13,-1
95,3,2.441112995147705,513.2671508789062,65.12177276611328,91.9398193359375,0.7767342329025269,1,13,-1
96,3,4.648242473602295,509.53314208984375,66.5091781616211,91.325439453125,0.7688906788825989,1,13,-1
97,3,5.425579071044922,506.9144592285156,68.1011962890625,92.66238403320312,0.7979705333709717,1,13,-1
98,3,9.74007797241211,502.4366455078125,68.75721740722656,93.042724609375,0.7635967135429382,1,13,-1
99,3,11.314191818237305,499.9900207519531,70.434814453125,92.32412719726562,0.7660582065582275,1,13,-1
100,3,16.534420013427734,497.0394287109375,71.49020385742188,88.861572265625,0.5777573585510254,1,13,-1
101,3,18.767728805541992,494.1460266113281,74.67377471923828,88.83468627929688,0.7308716177940369,1,13,-1
102,3,26.21287727355957,490.9169921875,72.99444580078125,89.613037109375,0.7128418684005737,1,13,-1
103,3,31.811798095703125,488.83270263671875,75.1181869506836,88.70697021484375,0.6463782787322998,1,13,-1
104,3,36.39724349975586,485.2340393066406,76.41603088378906,90.55764770507812,0.7012475728988647,1,13,-1
105,3,46.703067779541016,481.968505859375,75.552978515625,90.57177734375,0.7345883250236511,1,13,-1
106,3,53.1309814453125,480.6651306152344,73.81686401367188,90.53677368164062,0.7060421705245972,1,13,-1
107,3,61.5333251953125,476.94921875,74.56941223144531,90.7261962890625,0.6928171515464783,1,13,-1
108,3,68.51724243164062,475.4686279296875,73.95816040039062,89.7786865234375,0.6844226717948914,1,13,-1
109,3,76.56875610351562,472.1860046386719,75.13156127929688,89.04660034179688,0.5916227698326111,1,13,-1
110,3,82.09456634521484,470.4708251953125,74.03340911865234,87.60430908203125,0.6655230522155762,1,13,-1
112,3,98.41157531738281,462.4762268066406,72.90118408203125,92.88253784179688,0.6811657547950745,1,13,-1
113,3,106.28575897216797,459.4375915527344,72.52355194091797,92.31436157226562,0.6561814546585083,1,13,-1
114,3,111.15853118896484,455.9853820800781,75.78295135498047,92.93740844726562,0.7882656455039978,1,13,-1
115,3,121.04788970947266,455.61566162109375,72.63471221923828,91.6827392578125,0.6905329823493958,1,13,-1
116,3,126.10452270507812,452.56243896484375,75.98867797851562,91.63623046875,0.5163179636001587,1,13,-1
124,3,171.60211181640625,434.1411437988281,66.45941162109375,86.21078491210938,0.5645657777786255,1,13,-1
125,3,170.13375854492188,430.6950378417969,71.08494567871094,88.79965209960938,0.6169178485870361,1,13,-1
126,3,171.49717712402344,427.9443359375,72.53520202636719,89.7249755859375,0.5333943963050842,1,13,-1
141,3,147.25453186035156,376.0874938964844,75.27239990234375,94.58966064453125,0.5079250931739807,1,13,-1
142,3,143.69871520996094,372.83734130859375,73.92889404296875,94.24002075195312,0.5857564210891724,1,13,-1
153,3,119.88243865966797,337.51007080078125,75.74921417236328,91.02505493164062,0.5089998245239258,1,13,-1
159,3,119.26309204101562,314.5382080078125,72.24557495117188,93.62744140625,0.5535738468170166,1,13,-1
161,3,119.79190826416016,307.4136047363281,72.4132308959961,94.75912475585938,0.600825309753418,1,13,-1
167,3,121.62394714355469,287.0490417480469,71.66813659667969,90.6014404296875,0.5955100059509277,1,13,-1
169,3,120.83580017089844,278.7524719238281,73.73616027832031,94.06512451171875,0.6624913811683655,1,13,-1
171,3,118.54949951171875,270.6698913574219,76.04154968261719,95.02099609375,0.503774106502533,1,13,-1
172,3,119.69596862792969,266.0704650878906,74.15380859375,95.96917724609375,0.5891608595848083,1,13,-1
174,3,118.5591049194336,260.8856201171875,74.7503433227539,94.7032470703125,0.5206015110015869,1,13,-1
186,3,118.62838745117188,220.5522918701172,78.15266418457031,98.05552673339844,0.6137656569480896,1,13,-1
187,3,120.34795379638672,216.89772033691406,76.94782257080078,98.77647399902344,0.752940833568573,1,13,-1
188,3,122.29097747802734,213.528564453125,76.83133697509766,98.08602905273438,0.667060375213623,1,13,-1
190,8,816.0076904296875,433.31488037109375,151.68463134765625,631.2568969726562,0.5774928331375122,1,6,-1
191,8,820.9376831054688,420.3984069824219,149.2840576171875,631.0506591796875,0.5971509218215942,1,6,-1
192,8,824.1646118164062,421.9492492675781,147.1722412109375,628.4517822265625,0.6384442448616028,1,6,-1
193,8,826.2282104492188,420.4687194824219,145.694580078125,623.55908203125,0.6433702111244202,1,6,-1
195,8,831.7337646484375,413.0166931152344,140.41485595703125,632.310302734375,0.5422230362892151,1,6,-1
196,8,829.890869140625,412.661865234375,143.81488037109375,610.6863403320312,0.6792377233505249,1,6,-1
197,8,832.393798828125,413.49749755859375,141.80633544921875,601.3295288085938,0.6792123317718506,1,6,-1
198,8,833.5447998046875,416.05682373046875,141.9993896484375,598.3348388671875,0.6985083818435669,1,6,-1
199,8,834.6984252929688,417.95989990234375,140.4306640625,593.0072021484375,0.7696131467819214,1,6,-1
200,8,835.8125610351562,413.37786865234375,139.2200927734375,600.4925537109375,0.7620502710342407,1,6,-1
201,8,832.9757080078125,406.66357421875,142.0513916015625,604.6637573242188,0.7425445914268494,1,6,-1
202,8,833.5197143554688,403.5392761230469,142.1234130859375,605.703369140625,0.7492763996124268,1,6,-1
203,8,834.2999877929688,404.21649169921875,140.7833251953125,603.7081909179688,0.7860828638076782,1,6,-1
204,8,834.8951416015625,397.5736999511719,140.390380859375,610.921630859375,0.7717830538749695,1,6,-1
205,8,834.2352294921875,394.0831604003906,140.58203125,610.9344482421875,0.786752462387085,1,6,-1
206,8,835.7805786132812,389.41265869140625,139.86151123046875,616.273193359375,0.7872980237007141,1,6,-1
207,8,833.0226440429688,393.8948669433594,144.368896484375,596.500244140625,0.7295432686805725,1,6,-1
208,8,833.232177734375,395.12103271484375,145.4593505859375,587.8992919921875,0.756916344165802,1,6,-1
209,8,836.9354248046875,394.0862121582031,142.25128173828125,590.763671875,0.8019459247589111,1,6,-1
210,8,838.1887817382812,388.707763671875,141.94281005859375,593.3143920898438,0.8082866072654724,1,6,-1
211,8,838.6617431640625,380.7362976074219,141.75030517578125,603.1417236328125,0.7930586338043213,1,6,-1
212,8,839.5799560546875,380.3744201660156,142.7987060546875,600.98193359375,0.8216397166252136,1,6,-1
213,8,841.4973754882812,372.98248291015625,143.47894287109375,605.7490234375,0.8269660472869873,1,6,-1
214,8,843.1415405273438,368.9888000488281,142.43499755859375,608.5106201171875,0.8230900764465332,1,6,-1
215,8,843.6459350585938,363.471923828125,142.63800048828125,612.7197875976562,0.7930311560630798,1,6,-1
216,8,845.7393798828125,361.5870361328125,142.217529296875,611.3414306640625,0.8274760246276855,1,6,-1
217,8,845.1461181640625,355.87530517578125,144.283935546875,613.3129272460938,0.8086372017860413,1,6,-1
218,8,844.5767211914062,353.154052734375,145.32867431640625,611.1701049804688,0.8244114518165588,1,6,-1
219,8,845.8119506835938,351.4561462402344,143.699951171875,610.5162353515625,0.6933914422988892,1,6,-1
220,8,849.293212890625,342.18408203125,142.2701416015625,606.9908447265625,0.7330685257911682,1,6,-1
220,9,847.680419921875,343.4898986816406,142.1693115234375,604.5843505859375,0.5969745516777039,1,6,-1
221,8,852.3197631835938,338.0789794921875,139.6669921875,604.3939208984375,0.7802083492279053,1,6,-1
222,8,853.4959716796875,335.2488708496094,138.24273681640625,601.9632568359375,0.8333963751792908,1,6,-1
223,8,854.0718994140625,333.736328125,136.89764404296875,593.83056640625,0.8405565619468689,1,6,-1
224,8,853.4016723632812,326.5444030761719,138.020263671875,596.7552490234375,0.7662990689277649,1,6,-1
225,8,853.617431640625,323.8524169921875,136.4661865234375,596.9183959960938,0.8249079585075378,1,6,-1
226,8,849.8466796875,328.5538635253906,139.41162109375,596.9954833984375,0.7912317514419556,1,6,-1
227,8,851.1105346679688,323.68585205078125,140.7806396484375,595.1823120117188,0.6486989259719849,1,6,-1
228,8,849.2525634765625,318.22412109375,141.7000732421875,605.5640869140625,0.777685284614563,1,6,-1
229,8,848.84521484375,316.9260559082031,141.91265869140625,606.824462890625,0.7358105182647705,1,6,-1
230,8,850.7200317382812,314.8696594238281,142.82440185546875,602.861572265625,0.796843409538269,1,6,-1
231,8,852.337646484375,313.0948791503906,141.65374755859375,595.7919921875,0.8371437191963196,1,6,-1
232,8,852.892333984375,308.4881286621094,141.35992431640625,595.3436279296875,0.8409857153892517,1,6,-1
233,8,852.97802734375,298.7462158203125,141.03277587890625,603.1864624023438,0.8444520831108093,1,6,-1
234,8,854.4899291992188,296.374267578125,139.05523681640625,601.7044067382812,0.8450029492378235,1,6,-1
235,8,855.9190673828125,297.7074279785156,138.152099609375,600.2059326171875,0.8456360101699829,1,6,-1
236,8,856.4007568359375,295.0721130371094,138.35980224609375,601.9107666015625,0.8248468041419983,1,6,-1
237,8,856.2335815429688,289.53466796875,139.416015625,601.3758544921875,0.8300991058349609,1,6,-1
238,8,856.5353393554688,286.3568115234375,138.99298095703125,600.7937622070312,0.8222229480743408,1,6,-1
239,8,856.7385864257812,280.38623046875,138.30279541015625,606.303466796875,0.796496570110321,1,6,-1
240,8,858.3681640625,277.6972961425781,135.71270751953125,603.302734375,0.7642650604248047,1,6,-1
242,8,857.0288696289062,269.4295959472656,140.55926513671875,614.142578125,0.6877995729446411,1,6,-1
243,8,857.1710205078125,263.3036193847656,140.24114990234375,620.1253662109375,0.6668540835380554,1,6,-1
244,8,856.5988159179688,257.0293884277344,141.25994873046875,624.1944580078125,0.7706637382507324,1,6,-1
245,8,857.120849609375,250.73138427734375,141.85150146484375,626.207763671875,0.7173072695732117,1,6,-1
246,8,858.0088500976562,240.32757568359375,141.7279052734375,632.75732421875,0.7356952428817749,1,6,-1
247,8,859.0404052734375,235.65704345703125,140.44561767578125,638.8867797851562,0.7144774794578552,1,6,-1
248,8,858.6407470703125,234.43699645996094,141.270263671875,635.2308959960938,0.73347407579422,1,6,-1
249,8,860.6376342773438,230.96408081054688,139.32232666015625,632.7392578125,0.7386495471000671,1,6,-1
250,8,860.8281860351562,226.77694702148438,139.9564208984375,638.0006103515625,0.7029933929443359,1,6,-1
251,8,864.0072021484375,228.11744689941406,137.38629150390625,633.2443237304688,0.6928835511207581,1,6,-1
252,8,866.0887451171875,227.6654510498047,136.9661865234375,632.0545654296875,0.7174122333526611,1,6,-1
253,8,867.4822387695312,224.74769592285156,135.99951171875,630.4267578125,0.6921329498291016,1,6,-1
254,8,872.0488891601562,234.94639587402344,132.94659423828125,617.2721557617188,0.7254583239555359,1,6,-1
255,8,871.189208984375,230.2620086669922,135.04888916015625,619.7703857421875,0.7317246198654175,1,6,-1
257,8,868.7520141601562,196.41641235351562,141.2606201171875,660.7828369140625,0.5615043640136719,1,6,-1
258,8,874.0128784179688,199.6763153076172,137.845458984375,651.1754760742188,0.612521767616272,1,6,-1
259,8,872.5825805664062,188.01806640625,140.52618408203125,662.4465942382812,0.6896622776985168,1,6,-1
260,8,877.552490234375,188.4886474609375,135.8743896484375,657.3313598632812,0.6737436056137085,1,6,-1
261,8,878.7506713867188,187.33840942382812,134.714599609375,655.9644775390625,0.675626277923584,1,6,-1
263,8,881.5698852539062,193.02342224121094,133.3463134765625,649.6530151367188,0.7289155125617981,1,6,-1
264,8,883.3441162109375,201.5101318359375,131.9697265625,637.381591796875,0.7813306450843811,1,6,-1
265,8,881.80224609375,203.31764221191406,134.50970458984375,631.2845458984375,0.8265482187271118,1,6,-1
266,8,882.1883544921875,200.7738037109375,134.8409423828125,633.9008178710938,0.802086353302002,1,6,-1
268,8,884.2373046875,197.79141235351562,134.52337646484375,625.582763671875,0.7068910598754883,1,6,-1
269,8,884.8776245117188,191.6728973388672,134.5379638671875,629.711669921875,0.6465029120445251,1,6,-1
270,8,877.8014526367188,178.06396484375,141.7576904296875,648.2816772460938,0.6579962968826294,1,6,-1
271,8,876.2197875976562,166.77984619140625,143.3052978515625,660.25244140625,0.5202799439430237,1,6,-1
272,8,877.0684814453125,160.91688537597656,142.67840576171875,663.5532836914062,0.5675197839736938,1,6,-1
273,8,877.843505859375,156.65585327148438,142.1571044921875,666.536376953125,0.6064649820327759,1,6,-1
274,8,877.51953125,150.5654754638672,142.74774169921875,670.6300048828125,0.6608974933624268,1,6,-1
275,8,878.4171142578125,145.7205810546875,141.2508544921875,674.841796875,0.673976480960846,1,6,-1
276,8,879.72607421875,144.9153594970703,139.71856689453125,671.7922973632812,0.7335019707679749,1,6,-1
277,8,878.9277954101562,149.68772888183594,140.08843994140625,663.2798461914062,0.7797016501426697,1,6,-1
278,8,883.0584106445312,150.76405334472656,135.78533935546875,658.9450073242188,0.5542400479316711,1,6,-1
279,8,883.3161010742188,155.6147918701172,136.29412841796875,650.1824340820312,0.611924946308136,1,6,-1
280,8,881.137451171875,153.94277954101562,139.112548828125,647.755615234375,0.5429449677467346,1,6,-1
281,8,882.1987915039062,145.38050842285156,138.1839599609375,655.3697509765625,0.6988983154296875,1,6,-1
282,8,882.3304443359375,140.61837768554688,137.649658203125,657.6875,0.760419487953186,1,6,-1
283,8,886.3191528320312,232.21420288085938,135.50823974609375,555.230224609375,0.7585691213607788,1,6,-1
284,8,884.2005004882812,126.65953063964844,135.93505859375,659.128662109375,0.5341922640800476,1,6,-1
286,8,887.5003662109375,243.60411071777344,137.7142333984375,536.0687255859375,0.7489332556724548,1,6,-1
288,8,888.7628173828125,282.9524841308594,138.2711181640625,493.9516296386719,0.7633064985275269,1,6,-1
