112,1,1867.1,0.0,52.90000000000009,71.95,1,0,-1
113,1,1861.88,0.0,58.11999999999989,73.96,1,0,-1
114,1,1856.66,0.0,63.33999999999992,75.96,1,0,-1
115,1,1851.44,0.0,68.55999999999995,77.97,1,0,-1
116,1,1846.22,0.0,73.77999999999997,79.97,1,0,-1
117,1,1841.0,0.0,79.0,81.97,1,0,-1
118,1,1836.72,0.0,83.27999999999997,83.98,1,0,-1
119,1,1832.44,0.0,87.55999999999995,85.98,1,0,-1
120,1,1828.16,0.0,91.83999999999992,87.99,1,0,-1
121,1,1823.88,0.0,96.11999999999989,89.99,1,0,-1
122,1,1819.6,0.0,100.40000000000009,92.0,1,0,-1
123,1,1809.6,0.0,103.30000000000018,94.0,1,0,-1
124,1,1804.79,0.0,102.90000000000009,95.41,1,0,-1
125,1,1799.98,0.0,102.50999999999999,96.82,1,0,-1
126,1,1795.17,0.0,102.1099999999999,98.23,1,0,-1
127,1,1790.36,0.0,101.72000000000003,99.64,1,0,-1
128,1,1785.54,0.0,101.34000000000015,101.05,1,0,-1
129,1,1780.73,0.0,100.94000000000005,102.46,1,0,-1
130,1,1775.92,0.0,100.53999999999996,103.87,1,0,-1
131,1,1771.11,0.0,100.15000000000009,105.28,1,0,-1
132,1,1766.3,0.0,99.75999999999999,106.69,1,0,-1
133,1,1761.49,0.0,99.3599999999999,108.1,1,0,-1
134,1,1756.68,0.0,98.97000000000003,109.51,1,0,-1
135,1,1751.87,0.0,98.57000000000016,110.92,1,0,-1
136,1,1747.06,0.0,98.18000000000006,112.33,1,0,-1
137,1,1742.25,0.0,97.77999999999997,113.74,1,0,-1
138,1,1737.43,0.0,97.39999999999986,115.15,1,0,-1
139,1,1732.62,0.0,97.0,116.56,1,0,-1
140,1,1727.81,0.0,96.61000000000013,117.97,1,0,-1
141,1,1723.0,0.0,96.21000000000004,119.38,1,0,-1
142,1,1718.19,0.0,95.81999999999994,120.79,1,0,-1
143,1,1713.38,0.0,95.41999999999985,122.2,1,0,-1
144,1,1706.7,0.0,95.08999999999992,122.67,1,0,-1
145,1,1700.03,0.0,94.74000000000001,123.15,1,0,-1
146,1,1693.35,0.0,94.41000000000008,123.62,1,0,-1
147,1,1688.54,0.0,94.06999999999994,124.36,1,0,-1
148,1,1683.73,0.0,93.73000000000002,125.1,1,0,-1
149,1,1678.91,0.0,93.38999999999987,125.84,1,0,-1
150,1,1674.1,0.0,93.05000000000018,126.58,1,0,-1
151,1,1669.29,0.0,92.71000000000004,127.32,1,0,-1
152,1,1664.47,0.0,92.37999999999988,128.06,1,0,-1
153,1,1659.66,0.0,92.03999999999996,128.8,1,0,-1
154,1,1654.84,0.0,91.71000000000004,129.54,1,0,-1
155,1,1650.03,0.0,91.36000000000013,130.28,1,0,-1
156,1,1645.63,0.0,91.01999999999998,131.43,1,0,-1
157,1,1641.23,0.0,90.68000000000006,132.59,1,0,-1
158,1,1636.83,0.0,90.34000000000015,133.74,1,0,-1
159,1,1632.43,0.0,90.0,134.89,1,0,-1
160,1,1628.02,0.0,89.68000000000006,136.04,1,0,-1
161,1,1623.62,0.0,89.34000000000015,137.19,1,0,-1
162,1,1619.22,0.0,89.0,138.35,1,0,-1
163,1,1614.82,0.0,88.66000000000008,139.5,1,0,-1
164,1,1610.42,0.0,88.31999999999994,140.65,1,0,-1
165,1,1606.02,0.0,87.98000000000002,141.8,1,0,-1
166,1,1601.61,0.0,87.65000000000009,142.96,1,0,-1
167,1,1597.21,0.0,87.30999999999995,144.11,1,0,-1
168,1,1592.81,0.0,86.97000000000003,145.26,1,0,-1
169,1,1588.41,0.0,86.62999999999988,146.41,1,0,-1
170,1,1584.01,0.0,86.28999999999996,147.56,1,0,-1
171,1,1579.61,0.0,85.95000000000005,148.72,1,0,-1
172,1,1575.2,1.5,85.61999999999989,148.37,1,0,-1
173,1,1570.8,3.0,85.27999999999997,148.02,1,0,-1
174,1,1566.4,4.5,84.93999999999983,147.67,1,0,-1
175,1,1562.0,6.0,84.59999999999991,147.32,1,0,-1
176,1,1557.73,6.83,84.38999999999987,147.14,1,0,-1
177,1,1553.47,7.66,84.17000000000007,146.96,1,0,-1
178,1,1549.2,8.5,83.96000000000004,146.77,1,0,-1
179,1,1544.94,9.33,83.74000000000001,146.58999999999997,1,0,-1
180,1,1540.67,10.16,83.52999999999997,146.41,1,0,-1
181,1,1536.41,10.99,83.30999999999995,146.23,1,0,-1
182,1,1532.14,11.82,83.09999999999991,146.05,1,0,-1
183,1,1527.88,12.66,82.87999999999988,145.86,1,0,-1
184,1,1523.61,13.49,82.67000000000007,145.67999999999998,1,0,-1
185,1,1519.35,14.32,82.45000000000005,145.5,1,0,-1
186,1,1515.08,15.15,82.24000000000001,145.32,1,0,-1
187,1,1510.82,15.99,82.01999999999998,145.13,1,0,-1
188,1,1506.55,16.82,81.80999999999995,144.95000000000002,1,0,-1
189,1,1502.28,17.65,81.60000000000014,144.76999999999998,1,0,-1
190,1,1498.02,18.48,81.38000000000011,144.59,1,0,-1
191,1,1493.75,19.31,81.18000000000006,144.41,1,0,-1
192,1,1489.49,20.15,80.96000000000004,144.22,1,0,-1
193,1,1485.22,20.98,80.75,144.04000000000002,1,0,-1
194,1,1480.96,21.81,80.52999999999997,143.85999999999999,1,0,-1
195,1,1476.69,22.64,80.31999999999994,143.68,1,0,-1
196,1,1472.43,23.47,80.09999999999991,143.5,1,0,-1
197,1,1468.16,24.31,79.88999999999987,143.31,1,0,-1
198,1,1463.9,25.14,79.66999999999985,143.13,1,0,-1
199,1,1459.63,25.97,79.45999999999981,142.95,1,0,-1
200,1,1455.37,26.8,79.24000000000001,142.76999999999998,1,0,-1
201,1,1451.1,27.63,79.0300000000002,142.59,1,0,-1
202,1,1446.84,28.47,78.81000000000017,142.4,1,0,-1
203,1,1442.57,29.3,78.60000000000014,142.22,1,0,-1
204,1,1438.3,30.13,78.3900000000001,142.04,1,0,-1
205,1,1434.04,30.96,78.17000000000007,141.85999999999999,1,0,-1
206,1,1429.77,31.8,77.96000000000004,141.67,1,0,-1
207,1,1425.51,32.63,77.74000000000001,141.49,1,0,-1
208,1,1421.24,33.46,77.52999999999997,141.31,1,0,-1
209,1,1416.98,34.29,77.30999999999995,141.13,1,0,-1
210,1,1412.71,35.12,77.09999999999991,140.95,1,0,-1
211,1,1408.45,35.96,76.87999999999988,140.76,1,0,-1
212,1,1404.18,36.79,76.66999999999985,140.58,1,0,-1
213,1,1399.92,37.62,76.44999999999982,140.4,1,0,-1
214,1,1395.65,38.45,76.24000000000001,140.21999999999997,1,0,-1
215,1,1391.39,39.28,76.01999999999998,140.04,1,0,-1
216,1,1387.12,40.12,75.81000000000017,139.85,1,0,-1
217,1,1382.85,40.95,75.60000000000014,139.67000000000002,1,0,-1
218,1,1378.59,41.78,75.3900000000001,139.49,1,0,-1
219,1,1374.32,42.61,75.18000000000006,139.31,1,0,-1
220,1,1370.35,43.71,74.96000000000004,139.13,1,0,-1
221,1,1366.38,44.81,74.73999999999978,138.95,1,0,-1
222,1,1362.4,45.91,74.52999999999997,138.77,1,0,-1
223,1,1358.43,47.02,74.30999999999995,138.57999999999998,1,0,-1
224,1,1354.46,48.12,74.09999999999991,138.4,1,0,-1
225,1,1350.48,49.22,73.88999999999987,138.21,1,0,-1
226,1,1346.51,50.32,73.67000000000007,138.03,1,0,-1
227,1,1342.54,51.42,73.45000000000005,137.85000000000002,1,0,-1
228,1,1338.56,52.52,73.25,137.67,1,0,-1
229,1,1334.59,53.62,73.02999999999997,137.49,1,0,-1
230,1,1330.62,54.72,72.81000000000017,137.31,1,0,-1
231,1,1326.64,55.82,72.59999999999991,137.13,1,0,-1
232,1,1322.67,56.92,72.37999999999988,136.95,1,0,-1
233,1,1318.7,58.02,72.16999999999985,136.76,1,0,-1
234,1,1314.72,59.13,71.96000000000004,136.57,1,0,-1
235,1,1310.75,60.23,71.74000000000001,136.39000000000001,1,0,-1
236,1,1306.78,61.33,71.51999999999998,136.20999999999998,1,0,-1
237,1,1302.8,62.43,71.31999999999994,136.03,1,0,-1
238,1,1298.83,63.53,71.10000000000014,135.85,1,0,-1
239,1,1294.86,64.63,70.88000000000011,135.67000000000002,1,0,-1
240,1,1290.88,65.73,70.66999999999985,135.49,1,0,-1
241,1,1286.91,66.83,70.45999999999981,135.3,1,0,-1
242,1,1282.94,67.93,70.24000000000001,135.12,1,0,-1
243,1,1278.96,69.03,70.02999999999997,134.94,1,0,-1
244,1,1274.99,70.13,69.80999999999995,134.76,1,0,-1
245,1,1271.01,70.64,69.59999999999991,134.57999999999998,1,0,-1
246,1,1267.04,71.15,69.3900000000001,134.39,1,0,-1
247,1,1263.07,71.66,69.17000000000007,134.21,1,0,-1
248,1,1259.09,72.17,68.96000000000004,134.02999999999997,1,0,-1
249,1,1255.12,72.68,68.74000000000001,133.84,1,0,-1
250,1,1251.15,73.18,68.52999999999997,133.67,1,0,-1
251,1,1247.17,73.69,68.31999999999994,133.48,1,0,-1
252,1,1243.2,74.2,68.09999999999991,133.3,1,0,-1
253,1,1239.86,74.52,68.05000000000018,133.16000000000003,1,0,-1
254,1,1236.53,74.83,67.98000000000002,133.04000000000002,1,0,-1
255,1,1233.19,75.15,67.92999999999984,132.9,1,0,-1
256,1,1229.86,75.46,67.86000000000013,132.78000000000003,1,0,-1
257,1,1226.52,75.78,67.80999999999995,132.64,1,0,-1
258,1,1223.18,76.09,67.75,132.52,1,0,-1
259,1,1219.85,76.41,67.69000000000005,132.38,1,0,-1
260,1,1216.51,76.72,67.63000000000011,132.26,1,0,-1
261,1,1213.18,77.04,67.56999999999994,132.12,1,0,-1
262,1,1209.84,77.35,67.51999999999998,132.0,1,0,-1
263,1,1206.5,77.67,67.46000000000004,131.86,1,0,-1
264,1,1203.17,77.98,67.39999999999986,131.73000000000002,1,0,-1
265,1,1199.83,78.3,67.34000000000015,131.60000000000002,1,0,-1
266,1,1196.49,78.61,67.28999999999996,131.47000000000003,1,0,-1
267,1,1193.16,78.93,67.22000000000003,131.34,1,0,-1
268,1,1189.82,79.24,67.17000000000007,131.20999999999998,1,0,-1
269,1,1186.49,79.56,67.09999999999991,131.07999999999998,1,0,-1
270,1,1183.15,79.87,67.04999999999995,130.95,1,0,-1
271,1,1179.81,80.19,67.0,130.82,1,0,-1
272,1,1176.48,80.5,66.93000000000006,130.69,1,0,-1
273,1,1173.14,80.82,66.87999999999988,130.56,1,0,-1
274,1,1169.81,81.13,66.80999999999995,130.43,1,0,-1
275,1,1166.47,81.45,66.75999999999999,130.29000000000002,1,0,-1
276,1,1163.13,81.76,66.69999999999982,130.17000000000002,1,0,-1
277,1,1159.8,82.08,66.6400000000001,130.03000000000003,1,0,-1
278,1,1156.46,82.39,66.58999999999992,129.91000000000003,1,0,-1
279,1,1153.35,83.2,66.5300000000002,129.77999999999997,1,0,-1
280,1,1150.25,84.02,66.46000000000004,129.64,1,0,-1
281,1,1147.14,84.83,66.40999999999985,129.51,1,0,-1
282,1,1144.03,85.64,66.35000000000014,129.38,1,0,-1
283,1,1140.93,86.45,66.28999999999996,129.25,1,0,-1
284,1,1137.82,87.26,66.23000000000002,129.12,1,0,-1
285,1,1134.71,88.07,66.18000000000006,129.0,1,0,-1
286,1,1131.61,88.89,66.11000000000013,128.86,1,0,-1
287,1,1128.5,89.7,66.05999999999995,128.73000000000002,1,0,-1
288,1,1125.39,90.51,66.0,128.60000000000002,1,0,-1
289,1,1122.29,91.32,65.94000000000005,128.47,1,0,-1
290,1,1119.18,92.13,65.87999999999988,128.34,1,0,-1
291,1,1116.07,92.94,65.83000000000015,128.21,1,0,-1
292,1,1112.96,93.76,65.76999999999998,128.07,1,0,-1
293,1,1109.86,94.57,65.71000000000004,127.94,1,0,-1
294,1,1106.75,95.38,65.65000000000009,127.81,1,0,-1
295,1,1103.64,96.19,65.58999999999992,127.69,1,0,-1
296,1,1100.54,97.0,65.52999999999997,127.56,1,0,-1
297,1,1097.43,97.81,65.47000000000003,127.43,1,0,-1
298,1,1094.32,98.62,65.42000000000007,127.29999999999998,1,0,-1
299,1,1091.22,99.44,65.34999999999991,127.16,1,0,-1
300,1,1088.11,100.25,65.30000000000018,127.03,1,0,-1
301,1,1084.72,100.68,65.24000000000001,126.9,1,0,-1
302,1,1081.32,101.11,65.19000000000005,126.77,1,0,-1
303,1,1077.93,101.54,65.12999999999988,126.64,1,0,-1
304,1,1074.54,101.97,65.06999999999994,126.50999999999999,1,0,-1
305,1,1071.15,102.4,65.00999999999999,126.38999999999999,1,0,-1
306,1,1067.76,102.84,64.95000000000005,126.25,1,0,-1
307,1,1064.36,103.27,64.90000000000009,126.11999999999999,1,0,-1
308,1,1060.97,103.7,64.83999999999992,125.99,1,0,-1
309,1,1057.58,104.13,64.77999999999997,125.86000000000001,1,0,-1
310,1,1054.19,104.56,64.71000000000004,125.72999999999999,1,0,-1
311,1,1050.8,104.99,64.65000000000009,125.60000000000001,1,0,-1
312,1,1047.4,105.42,64.59999999999991,125.46999999999998,1,0,-1
313,1,1044.01,105.86,64.53999999999996,125.33,1,0,-1
314,1,1040.62,106.29,64.48000000000002,125.2,1,0,-1
315,1,1037.23,106.72,64.42000000000007,125.07,1,0,-1
316,1,1033.84,107.15,64.36000000000013,124.94,1,0,-1
317,1,1030.44,107.58,64.30999999999995,124.80999999999999,1,0,-1
318,1,1027.05,108.01,64.25,124.68999999999998,1,0,-1
319,1,1023.66,108.44,64.18999999999994,124.56,1,0,-1
320,1,1020.27,108.87,64.13000000000011,124.43,1,0,-1
321,1,1016.88,109.31,64.07000000000005,124.28999999999999,1,0,-1
322,1,1013.48,109.74,64.01999999999998,124.16000000000001,1,0,-1
323,1,1010.09,110.17,63.95999999999992,124.02999999999999,1,0,-1
324,1,1006.7,110.6,63.899999999999864,123.9,1,0,-1
325,1,1003.02,110.85,63.960000000000036,123.9,1,0,-1
326,1,999.35,111.11,64.00999999999988,123.89999999999999,1,0,-1
327,1,995.67,111.36,64.07000000000005,123.89999999999999,1,0,-1
328,1,992.0,111.62,64.11999999999989,123.9,1,0,-1
329,1,988.32,111.87,64.17999999999995,123.9,1,0,-1
330,1,984.65,112.12,64.23000000000013,123.91,1,0,-1
331,1,980.97,112.38,64.29999999999995,123.9,1,0,-1
332,1,977.29,112.63,64.36000000000013,123.91,1,0,-1
333,1,973.62,112.89,64.40999999999997,123.89999999999999,1,0,-1
334,1,969.94,113.14,64.47000000000003,123.91000000000001,1,0,-1
335,1,966.27,113.39,64.51999999999998,123.91000000000001,1,0,-1
336,1,962.59,113.65,64.58000000000004,123.91,1,0,-1
337,1,958.91,113.9,64.63999999999999,123.91,1,0,-1
338,1,955.24,114.16,64.68999999999994,123.91,1,0,-1
339,1,951.56,114.41,64.75,123.91,1,0,-1
340,1,947.89,114.67,64.80000000000007,123.91000000000001,1,0,-1
341,1,944.21,114.92,64.86000000000001,123.91000000000001,1,0,-1
342,1,940.54,115.17,64.91000000000008,123.91000000000001,1,0,-1
343,1,936.86,115.43,64.97000000000003,123.91,1,0,-1
344,1,933.18,115.68,65.04000000000008,123.91,1,0,-1
345,1,928.79,116.18,65.09000000000003,123.91,1,0,-1
346,1,924.39,116.67,65.14999999999998,123.91000000000001,1,0,-1
347,1,919.99,117.16,65.21000000000004,123.92000000000002,1,0,-1
348,1,915.6,117.66,65.25999999999999,123.91,1,0,-1
349,1,911.2,118.15,65.31999999999994,123.91,1,0,-1
350,1,906.8,118.64,65.38,123.92,1,0,-1
351,1,902.41,119.14,65.43000000000006,123.91000000000001,1,0,-1
352,1,898.01,119.63,65.49000000000001,123.92000000000002,1,0,-1
353,1,893.62,120.12,65.53999999999996,123.91999999999999,1,0,-1
354,1,889.22,120.62,65.60000000000002,123.91,1,0,-1
355,1,884.82,121.11,65.65999999999997,123.92,1,0,-1
356,1,880.43,121.6,65.71000000000004,123.92000000000002,1,0,-1
357,1,876.03,122.1,65.76999999999998,123.92000000000002,1,0,-1
358,1,871.63,122.59,65.83000000000004,123.91999999999999,1,0,-1
359,1,867.24,123.08,65.88,123.92999999999999,1,0,-1
360,1,863.02,123.22,65.94000000000005,123.93,1,0,-1
361,1,858.8,123.36,66.0,123.92999999999999,1,0,-1
362,1,854.59,123.5,66.04999999999995,123.93,1,0,-1
363,1,850.37,123.64,66.11000000000001,123.92999999999999,1,0,-1
364,1,846.15,123.78,66.17000000000007,123.93,1,0,-1
365,1,841.93,123.92,66.23000000000002,123.92999999999999,1,0,-1
366,1,837.72,124.06,66.27999999999997,123.93,1,0,-1
367,1,833.5,124.2,66.33000000000004,123.92999999999999,1,0,-1
368,1,829.28,124.34,66.38999999999999,123.93,1,0,-1
369,1,825.07,124.48,66.43999999999994,123.92999999999999,1,0,-1
370,1,820.22,124.62,66.50999999999999,123.93,1,0,-1
371,1,815.38,124.76,66.56000000000006,123.92999999999999,1,0,-1
372,1,810.53,124.9,66.62,123.94,1,0,-1
373,1,805.69,125.04,66.66999999999996,123.93999999999998,1,0,-1
374,1,801.29,124.8,66.73000000000002,123.92999999999999,1,0,-1
375,1,796.89,124.56,66.78999999999996,123.93,1,0,-1
376,1,792.5,124.31,66.84000000000003,123.93,1,0,-1
377,1,788.1,124.07,66.89999999999998,123.93,1,0,-1
378,1,783.27,124.03,67.00999999999999,123.99000000000001,1,0,-1
379,1,778.44,124.0,67.11999999999989,124.03999999999999,1,0,-1
380,1,773.61,123.96,67.24000000000001,124.10000000000001,1,0,-1
381,1,768.78,123.92,67.35000000000002,124.16000000000001,1,0,-1
382,1,763.95,123.89,67.45999999999992,124.21,1,0,-1
383,1,759.12,123.85,67.57000000000005,124.27000000000001,1,0,-1
384,1,754.29,123.82,67.68000000000006,124.32,1,0,-1
385,1,749.46,123.78,67.79999999999995,124.38,1,0,-1
386,1,744.62,123.75,67.91999999999996,124.44,1,0,-1
387,1,739.79,123.71,68.03000000000009,124.50000000000001,1,0,-1
388,1,734.96,123.67,68.13999999999999,124.55999999999999,1,0,-1
389,1,729.98,123.58,68.25,124.61,1,0,-1
390,1,724.99,123.49,68.36000000000001,124.67,1,0,-1
391,1,720.0,123.4,68.48000000000002,124.72,1,0,-1
392,1,715.01,123.31,68.59000000000003,124.78,1,0,-1
393,1,710.03,123.22,68.70000000000005,124.83000000000001,1,0,-1
394,1,705.04,123.13,68.81000000000006,124.89000000000001,1,0,-1
395,1,700.05,123.04,68.93000000000006,124.93999999999998,1,0,-1
396,1,695.07,122.95,69.02999999999997,124.99999999999999,1,0,-1
397,1,690.08,122.86,69.14999999999998,125.05999999999999,1,0,-1
398,1,685.09,122.76,69.25999999999999,125.11999999999999,1,0,-1
399,1,680.1,122.67,69.38,125.17999999999999,1,0,-1
400,1,675.12,122.58,69.48000000000002,125.23,1,0,-1
401,1,670.13,122.49,69.60000000000002,125.29,1,0,-1
402,1,664.9,122.76,69.71000000000004,125.33999999999999,1,0,-1
403,1,659.67,123.04,69.83000000000004,125.39,1,0,-1
404,1,654.44,123.31,69.93999999999994,125.44999999999999,1,0,-1
405,1,649.21,123.58,70.04999999999995,125.51,1,0,-1
406,1,643.99,123.85,70.15999999999997,125.57,1,0,-1
407,1,638.76,124.12,70.26999999999998,125.62,1,0,-1
408,1,633.53,124.39,70.38999999999999,125.67999999999999,1,0,-1
409,1,628.3,124.67,70.5,125.73,1,0,-1
410,1,622.4,125.05,70.67000000000007,125.89999999999999,1,0,-1
411,1,616.5,125.44,70.84000000000003,126.06,1,0,-1
412,1,610.61,125.83,71.0,126.22000000000001,1,0,-1
413,1,604.71,126.22,71.17999999999995,126.38,1,0,-1
414,1,598.81,126.61,71.35000000000002,126.52999999999999,1,0,-1
415,1,592.91,127.0,71.51999999999998,126.69,1,0,-1
416,1,587.02,127.39,71.68000000000006,126.85000000000001,1,0,-1
417,1,581.12,127.78,71.85000000000002,127.00999999999999,1,0,-1
418,1,575.22,128.17,72.01999999999998,127.17000000000002,1,0,-1
419,1,569.32,128.56,72.18999999999994,127.32999999999998,1,0,-1
420,1,563.42,128.95,72.37,127.49000000000001,1,0,-1
421,1,557.53,129.34,72.52999999999997,127.65,1,0,-1
422,1,551.63,129.73,72.70000000000005,127.81000000000003,1,0,-1
423,1,545.73,130.12,72.87,127.96999999999997,1,0,-1
424,1,539.11,130.15,73.11000000000001,128.11999999999998,1,0,-1
425,1,532.49,130.17,73.34000000000003,128.29,1,0,-1
426,1,525.86,130.2,73.59000000000003,128.44,1,0,-1
427,1,519.24,130.23,73.83000000000004,128.6,1,0,-1
428,1,512.18,130.25,74.07000000000005,128.76,1,0,-1
429,1,505.13,130.28,74.31000000000006,128.92,1,0,-1
430,1,498.07,130.3,74.55000000000001,129.08999999999997,1,0,-1
431,1,491.02,130.33,74.78999999999996,129.23999999999998,1,0,-1
432,1,483.96,130.36,75.03000000000003,129.39999999999998,1,0,-1
433,1,476.91,130.38,75.26999999999992,129.56,1,0,-1
434,1,469.85,130.41,75.50999999999999,129.72,1,0,-1
435,1,462.8,130.44,75.74999999999994,129.87,1,0,-1
436,1,455.74,130.46,76.0,130.04,1,0,-1
437,1,448.43,130.49,76.22999999999996,130.2,1,0,-1
438,1,441.11,130.52,76.47000000000003,130.35,1,0,-1
439,1,433.79,130.54,76.71999999999997,130.52,1,0,-1
440,1,426.48,130.57,76.94999999999999,130.67000000000002,1,0,-1
441,1,419.16,130.59,77.19,130.84,1,0,-1
442,1,411.84,130.62,77.44,130.99,1,0,-1
443,1,404.53,130.65,77.67000000000002,131.15,1,0,-1
444,1,396.92,129.33,78.26999999999998,131.48,1,0,-1
445,1,389.31,128.01,78.88,131.82,1,0,-1
446,1,381.7,126.69,79.48000000000002,132.14999999999998,1,0,-1
447,1,374.09,125.37,80.08000000000004,132.48000000000002,1,0,-1
448,1,366.48,124.06,80.69,132.81,1,0,-1
449,1,358.87,122.74,81.29000000000002,133.14,1,0,-1
450,1,351.26,121.42,81.90000000000003,133.46999999999997,1,0,-1
451,1,343.65,120.1,82.5,133.81,1,0,-1
452,1,335.49,118.64,83.09999999999997,134.14,1,0,-1
453,1,327.32,117.19,83.69999999999999,134.47,1,0,-1
454,1,319.16,115.73,84.29999999999995,134.8,1,0,-1
455,1,310.99,114.27,84.90999999999997,135.14,1,0,-1
456,1,302.82,112.81,85.51999999999998,135.47,1,0,-1
457,1,294.66,111.36,86.10999999999996,135.79000000000002,1,0,-1
458,1,286.49,109.9,86.71999999999997,136.13,1,0,-1
459,1,278.33,108.44,87.32,136.46,1,0,-1
460,1,270.16,106.99,87.92999999999995,136.79000000000002,1,0,-1
461,1,262.0,105.53,88.51999999999998,137.12,1,0,-1
462,1,253.83,104.07,89.12999999999997,137.46,1,0,-1
463,1,245.67,102.61,89.72999999999999,137.79000000000002,1,0,-1
464,1,236.16,101.17,90.56000000000003,138.24,1,0,-1
465,1,226.65,99.73,91.4,138.69,1,0,-1
466,1,217.15,98.29,92.22,139.14999999999998,1,0,-1
467,1,207.64,96.85,93.06,139.6,1,0,-1
468,1,198.13,95.4,93.88999999999999,140.06,1,0,-1
469,1,188.63,93.96,94.70999999999998,140.51,1,0,-1
470,1,179.12,92.52,95.55000000000001,140.95999999999998,1,0,-1
471,1,169.61,91.08,96.38,141.42000000000002,1,0,-1
472,1,160.11,89.64,97.20999999999998,141.87,1,0,-1
473,1,150.6,88.2,98.03999999999999,142.32,1,0,-1
474,1,141.09,86.75,98.87,142.78,1,0,-1
475,1,131.59,85.31,99.69999999999999,143.23,1,0,-1
476,1,122.08,83.87,100.53000000000002,143.69,1,0,-1
477,1,112.57,82.43,101.37,144.14,1,0,-1
478,1,103.07,80.99,102.19,144.59000000000003,1,0,-1
479,1,93.56,79.54,103.02000000000001,145.05,1,0,-1
480,1,84.05,78.1,103.86,145.5,1,0,-1
481,1,74.55,76.66,104.67999999999999,145.96,1,0,-1
482,1,65.04,75.22,105.52,146.41,1,0,-1
483,1,55.53,73.78,106.35,146.85999999999999,1,0,-1
484,1,46.03,72.34,107.16999999999999,147.31,1,0,-1
485,1,36.52,70.89,108.00999999999999,147.76999999999998,1,0,-1
486,1,27.01,69.45,108.83999999999999,148.23000000000002,1,0,-1
487,1,17.51,68.01,109.67,148.68,1,0,-1
488,1,8.0,66.57,110.5,149.13,1,0,-1
489,1,0.0,65.9,109.16,149.79999999999998,1,0,-1
490,1,0.0,63.24,99.54,150.53,1,0,-1
491,1,0.0,60.58,89.93,151.26999999999998,1,0,-1
492,1,0.0,57.92,80.32,152.0,1,0,-1
493,1,0.0,55.26,70.71,152.74,1,0,-1
494,1,0.0,52.6,61.1,153.47,1,0,-1
495,1,0.0,53.47,51.33,150.68,1,0,-1
496,1,0.0,54.35,41.57,147.87,1,0,-1
497,1,0.0,55.22,31.8,145.08,1,0,-1
