98,520,187.3121795654297,107.1190414428711,113.30162048339844,146.18051147460938,0.5757794976234436,1,1,-1
99,520,180.54409790039062,103.13388061523438,111.97122192382812,143.0944061279297,0.5764709711074829,1,1,-1
100,520,173.6321258544922,100.53424072265625,111.67594909667969,139.30213928222656,0.552216649055481,1,1,-1
101,520,158.898681640625,97.76021575927734,117.458740234375,137.81793212890625,0.6177509427070618,1,1,-1
102,520,151.10780334472656,90.32489776611328,119.73985290527344,145.28768920898438,0.6192833781242371,1,1,-1
103,520,144.4981231689453,86.00914764404297,117.39326477050781,146.42108154296875,0.6316124796867371,1,1,-1
104,520,137.71041870117188,78.69688415527344,118.78826904296875,147.26084899902344,0.6219640970230103,1,1,-1
105,520,129.7014923095703,70.29167938232422,119.42579650878906,151.80020141601562,0.6378394365310669,1,1,-1
106,520,115.98432159423828,60.672142028808594,127.16808319091797,154.66079711914062,0.6516218185424805,1,1,-1
107,520,106.0469741821289,55.894927978515625,131.28561401367188,159.408203125,0.6302945613861084,1,1,-1
108,520,92.62091064453125,54.29447555541992,129.662353515625,157.72315979003906,0.6165070533752441,1,1,-1
109,520,84.6612548828125,52.49971389770508,130.2438201904297,155.73779296875,0.5940347909927368,1,1,-1
110,520,72.5943603515625,53.47928237915039,132.06410217285156,146.31195068359375,0.5065816640853882,1,1,-1
112,520,52.54472732543945,48.80717849731445,138.38027954101562,146.4773406982422,0.5140939950942993,1,1,-1
113,520,46.90355682373047,46.926883697509766,137.95803833007812,148.23765563964844,0.6315539479255676,1,1,-1
114,520,35.029563903808594,42.4752082824707,136.275634765625,152.9338836669922,0.617681086063385,1,1,-1
115,520,26.12873077392578,41.59657669067383,135.2457275390625,152.754638671875,0.7123296856880188,1,1,-1
116,520,12.741829872131348,42.25690841674805,140.3867950439453,147.9306182861328,0.6944542527198792,1,1,-1
117,520,4.847294807434082,41.8411865234375,142.0214385986328,147.94810485839844,0.6509846448898315,1,1,-1
118,520,0.6456245183944702,40.82240295410156,141.15159606933594,151.08670043945312,0.637603759765625,1,1,-1
119,520,0.0,40.4688720703125,132.44357299804688,152.81793212890625,0.5735597014427185,1,1,-1
120,520,0.0,43.5963020324707,127.93771362304688,148.19696044921875,0.5901839733123779,1,1,-1
121,520,0.0,41.405826568603516,123.78998565673828,152.09193420410156,0.5588788390159607,1,1,-1
122,520,0.0,37.72919845581055,120.64558410644531,156.89144897460938,0.567894458770752,1,1,-1
124,520,0.0,39.42008972167969,108.59068298339844,150.4362030029297,0.5196355581283569,1,1,-1
125,520,0.0,35.39152145385742,104.26760864257812,156.7437744140625,0.5347529649734497,1,1,-1
126,520,0.0,33.11363220214844,103.21742248535156,163.1864471435547,0.5660517811775208,1,1,-1
127,520,0.0,36.291690826416016,99.91253662109375,160.39012145996094,0.6632456183433533,1,1,-1
128,520,0.0,35.121150970458984,95.02326202392578,165.358642578125,0.6278549432754517,1,1,-1
130,520,0.0,34.97905349731445,86.275634765625,166.654296875,0.5612645745277405,1,1,-1
131,520,0.0,38.676124572753906,82.86041259765625,163.895751953125,0.5381631851196289,1,1,-1
132,520,0.0,40.50503158569336,79.60711669921875,165.3280487060547,0.5163368582725525,1,1,-1
142,521,739.1514282226562,243.00172424316406,318.30364990234375,787.6597900390625,0.5267260074615479,1,0,-1
148,521,741.1135864257812,241.00408935546875,321.93890380859375,806.3502807617188,0.5475409626960754,1,0,-1
189,522,745.6610107421875,2.2444064617156982,351.185546875,1077.755615234375,0.5692635774612427,1,0,-1
190,522,743.1775512695312,1.1347215175628662,358.78338623046875,1078.865234375,0.5408168435096741,1,0,-1
191,522,746.2049560546875,0.0,351.7442626953125,1080.0,0.5794923305511475,1,0,-1
192,522,750.9954223632812,0.0,348.03948974609375,1079.726318359375,0.5019750595092773,1,0,-1
193,522,753.2538452148438,0.44395139813423157,344.30145263671875,1079.5560302734375,0.5390531420707703,1,0,-1
198,522,769.8240356445312,8.795331001281738,361.95892333984375,1071.2047119140625,0.5082286596298218,1,0,-1
202,522,779.7496337890625,7.075322151184082,366.273193359375,1072.9246826171875,0.5046059489250183,1,0,-1
203,522,784.6361083984375,5.496480464935303,360.15283203125,1074.5035400390625,0.5677189826965332,1,0,-1
204,522,784.9456787109375,6.337709426879883,362.1854248046875,1073.6622314453125,0.5465807914733887,1,0,-1
205,522,787.1187133789062,5.334238529205322,358.50189208984375,1074.665771484375,0.6217175722122192,1,0,-1
206,522,787.9816284179688,4.275001525878906,356.63214111328125,1075.7249755859375,0.625700056552887,1,0,-1
207,522,789.3135986328125,2.833390712738037,359.114501953125,1077.1666259765625,0.6640560626983643,1,0,-1
208,522,790.1847534179688,2.537097454071045,358.60638427734375,1077.462890625,0.6310440301895142,1,0,-1
209,522,788.0974731445312,2.2897636890411377,365.97283935546875,1077.710205078125,0.6680383086204529,1,0,-1
210,522,785.42578125,0.4815203547477722,374.863037109375,1079.5184326171875,0.673453152179718,1,0,-1
211,522,781.6793823242188,0.0,379.76531982421875,1079.426513671875,0.717710018157959,1,0,-1
212,522,776.9735107421875,0.0,389.610107421875,1079.564453125,0.6366029977798462,1,0,-1
213,522,773.8579711914062,0.0,393.49200439453125,1079.0084228515625,0.6207181811332703,1,0,-1
214,522,768.8588256835938,0.0,398.70977783203125,1079.54345703125,0.6662051677703857,1,0,-1
215,522,760.4625854492188,0.481946736574173,409.55999755859375,1079.499755859375,0.550365686416626,1,0,-1
216,522,752.7488403320312,0.5483018159866333,418.42034912109375,1078.704345703125,0.5330395102500916,1,0,-1
217,522,750.160888671875,0.8571364879608154,414.4359130859375,1078.41552734375,0.6095584630966187,1,0,-1
218,522,745.4549560546875,1.0606071949005127,425.2012939453125,1078.142333984375,0.5540102124214172,1,0,-1
221,522,725.0099487304688,0.0,458.01434326171875,1080.0,0.5564733743667603,1,0,-1
222,522,712.421142578125,0.0,485.4114990234375,1080.0,0.6273313760757446,1,0,-1
223,522,702.2883911132812,1.7741656303405762,485.95782470703125,1078.225830078125,0.6130975484848022,1,0,-1
224,522,693.5034790039062,2.9052906036376953,482.52020263671875,1077.0947265625,0.5706910490989685,1,0,-1
225,522,685.792236328125,3.7854068279266357,468.4237060546875,1076.214599609375,0.53464275598526,1,0,-1
226,522,675.6406860351562,3.250772714614868,460.86260986328125,1076.749267578125,0.5852645039558411,1,0,-1
