4,446,383.7774353027344,0.0,632.0469970703125,1077.4959716796875,0.6094919443130493,1,2,-1
5,446,383.624267578125,0.0,632.9539184570312,1079.0224609375,0.6927041411399841,1,2,-1
6,446,380.0177917480469,1.7270376682281494,634.466064453125,1074.888671875,0.696367084980011,1,2,-1
7,446,377.7737731933594,0.15213711559772491,637.202880859375,1075.673828125,0.7449201941490173,1,2,-1
8,446,376.92144775390625,0.0,634.0733032226562,1077.0025634765625,0.7635003924369812,1,2,-1
9,446,378.4591979980469,0.0,634.8505859375,1076.1153564453125,0.7537004351615906,1,2,-1
10,446,372.9079284667969,0.0,637.87890625,1076.8984375,0.8297480940818787,1,2,-1
11,446,371.04791259765625,0.0,642.0686645507812,1076.0350341796875,0.7910792231559753,1,2,-1
12,446,367.2864685058594,0.0,645.07470703125,1076.13525390625,0.7367942333221436,1,2,-1
13,446,366.5773010253906,0.0,654.2431640625,1073.0526123046875,0.699379026889801,1,2,-1
14,446,366.2249450683594,0.0,659.4295654296875,1072.095947265625,0.7074682712554932,1,2,-1
15,446,354.51580810546875,0.5194495320320129,680.0465698242188,1071.4664306640625,0.748516857624054,1,2,-1
16,446,346.69244384765625,0.14889834821224213,687.6001586914062,1071.705810546875,0.6296230554580688,1,2,-1
17,446,349.0941162109375,1.5961105823516846,684.5419921875,1071.0330810546875,0.6167644262313843,1,2,-1
18,446,348.9659118652344,0.11042308062314987,686.83935546875,1071.685546875,0.6286211609840393,1,2,-1
19,446,342.88763427734375,0.0,691.3397827148438,1073.4605712890625,0.6873418092727661,1,2,-1
20,446,339.7162170410156,0.0,687.5572509765625,1075.030029296875,0.5821480751037598,1,2,-1
21,446,335.03851318359375,0.0,690.1271362304688,1073.9591064453125,0.7231371402740479,1,2,-1
22,446,329.2509460449219,0.0,694.9940185546875,1073.3868408203125,0.6531342267990112,1,2,-1
23,446,322.3423156738281,0.0,704.4744873046875,1075.2681884765625,0.6418457627296448,1,2,-1
24,446,322.8449401855469,0.0,704.0760498046875,1074.017333984375,0.6624135375022888,1,2,-1
25,446,324.9546203613281,0.0,700.8809814453125,1074.49267578125,0.6750443577766418,1,2,-1
26,446,312.40557861328125,0.47644832730293274,719.4487915039062,1072.7696533203125,0.5740242600440979,1,2,-1
27,446,310.7078552246094,0.005952309817075729,723.7381591796875,1074.2001953125,0.6467517018318176,1,2,-1
28,446,312.5628967285156,1.64357328414917,718.5091552734375,1072.1558837890625,0.6480212807655334,1,2,-1
29,446,309.7177734375,0.0,721.9512939453125,1074.630859375,0.6507148146629333,1,2,-1
30,446,309.8774719238281,0.0,724.363525390625,1073.8333740234375,0.6877596974372864,1,2,-1
31,446,310.7710266113281,0.0,726.1146240234375,1073.6201171875,0.6830551028251648,1,2,-1
32,446,308.0415954589844,0.0,729.4146728515625,1070.3203125,0.7417027354240417,1,2,-1
33,446,311.202392578125,0.0,729.89892578125,1072.4185791015625,0.760716438293457,1,2,-1
34,446,309.67791748046875,0.0,730.3814086914062,1074.9752197265625,0.7137008309364319,1,2,-1
35,446,304.3374938964844,0.0,729.5135498046875,1073.8255615234375,0.6596329808235168,1,2,-1
36,446,285.1446533203125,0.0,744.1463623046875,1072.7393798828125,0.6876268982887268,1,2,-1
37,446,296.27069091796875,0.0,742.2057495117188,1071.5595703125,0.704339325428009,1,2,-1
38,446,286.23089599609375,1.133386254310608,752.2592163085938,1068.5740966796875,0.5875641703605652,1,2,-1
39,446,272.4060363769531,0.6991219520568848,768.1297607421875,1071.184814453125,0.6001694202423096,1,2,-1
40,446,287.42218017578125,0.0,753.5938110351562,1066.925048828125,0.6575956344604492,1,2,-1
41,446,294.5537414550781,0.6783036589622498,745.9088134765625,1063.0306396484375,0.6143136620521545,1,2,-1
43,446,289.1191101074219,0.0,743.2110595703125,1065.7352294921875,0.6400151252746582,1,2,-1
44,446,275.5116882324219,0.0,761.9727783203125,1072.35986328125,0.5399040579795837,1,2,-1
45,446,269.6885681152344,0.0,765.6875,1071.796142578125,0.6207488775253296,1,2,-1
46,446,272.79620361328125,0.0,759.6452026367188,1069.480712890625,0.6404197812080383,1,2,-1
47,446,283.85113525390625,0.0,751.8331909179688,1062.0325927734375,0.670755922794342,1,2,-1
48,446,278.22210693359375,0.0,751.6583862304688,1066.046142578125,0.576823890209198,1,2,-1
49,446,282.4249572753906,0.0,762.8719482421875,1053.5032958984375,0.5473653078079224,1,2,-1
50,446,286.0827331542969,0.0,773.2598876953125,1038.6710205078125,0.5032593607902527,1,2,-1
52,446,285.6021728515625,0.0,779.8115234375,1048.896728515625,0.5036032795906067,1,2,-1
53,446,277.9078063964844,0.0,784.465576171875,1061.3192138671875,0.6543635129928589,1,2,-1
54,446,286.642333984375,0.0,771.928466796875,1068.9073486328125,0.6894730925559998,1,2,-1
55,446,292.7707214355469,0.0,767.55029296875,1070.906005859375,0.6930659413337708,1,2,-1
56,446,290.6221618652344,0.0,759.6993408203125,1073.4588623046875,0.7325399518013,1,2,-1
57,446,291.0426025390625,0.0,775.5347900390625,1068.53955078125,0.7072520852088928,1,2,-1
58,446,289.0039978027344,0.7948089241981506,765.9853515625,1069.1748046875,0.673373281955719,1,2,-1
59,446,290.16973876953125,0.0,775.9971313476562,1068.4893798828125,0.6973224878311157,1,2,-1
60,446,283.486328125,0.0,786.512939453125,1069.206298828125,0.6572759747505188,1,2,-1
61,446,291.0352783203125,0.0,779.0169677734375,1069.86474609375,0.65360426902771,1,2,-1
62,446,290.2838134765625,0.0,778.98828125,1070.99853515625,0.6750636696815491,1,2,-1
63,446,287.328369140625,0.0,776.4197998046875,1070.4232177734375,0.6775846481323242,1,2,-1
64,446,278.6068420410156,0.0,784.2196044921875,1071.7760009765625,0.6804136037826538,1,2,-1
65,446,273.695556640625,0.0,790.282958984375,1069.396484375,0.7272345423698425,1,2,-1
66,446,277.0005798339844,0.0,786.7474365234375,1067.545166015625,0.800616443157196,1,2,-1
67,446,272.65948486328125,0.0,792.8580932617188,1065.345947265625,0.6703940033912659,1,2,-1
68,446,264.94268798828125,0.6119428873062134,804.1439819335938,1063.9581298828125,0.6946437358856201,1,2,-1
69,446,248.88412475585938,0.736530601978302,814.5291748046875,1061.1761474609375,0.5209023356437683,1,2,-1
71,446,219.95289611816406,0.0,846.7796630859375,1063.4066162109375,0.5624682307243347,1,2,-1
73,446,200.5723876953125,0.0,871.453125,1064.13525390625,0.753822386264801,1,2,-1
74,446,188.46966552734375,0.0,888.1924438476562,1066.141357421875,0.7432130575180054,1,2,-1
75,446,170.37351989746094,0.0,908.8681640625,1068.6387939453125,0.6758840084075928,1,2,-1
76,446,156.27377319335938,0.0,918.3636474609375,1064.4237060546875,0.658954381942749,1,2,-1
77,446,134.92660522460938,0.0,941.10400390625,1066.7386474609375,0.6485722064971924,1,2,-1
78,446,124.6297607421875,0.0,940.2772216796875,1067.7691650390625,0.6120314002037048,1,2,-1
79,446,113.96768951416016,0.2445250302553177,945.5172729492188,1072.0115966796875,0.6929668188095093,1,2,-1
80,446,88.4339370727539,1.6000665426254272,964.4205322265625,1074.987060546875,0.7061780691146851,1,2,-1
81,446,59.676700592041016,0.7999889850616455,986.3069458007812,1074.211669921875,0.6670894026756287,1,2,-1
82,446,33.561485290527344,1.1928797960281372,1007.2985229492188,1076.7320556640625,0.8044362664222717,1,2,-1
83,446,24.065397262573242,1.451473593711853,1013.1900024414062,1075.84912109375,0.6445313692092896,1,2,-1
84,446,9.74409008026123,1.480822205543518,1025.5755615234375,1076.535400390625,0.783277153968811,1,2,-1
85,446,7.4522929191589355,1.1188080310821533,1024.5947265625,1076.8690185546875,0.8118584752082825,1,2,-1
86,446,4.914371967315674,0.7059289216995239,1023.9768676757812,1074.30078125,0.7974616289138794,1,2,-1
87,446,1.2581168413162231,5.251996040344238,1037.5496826171875,1066.263427734375,0.7661252617835999,1,2,-1
88,446,0.0,1.261983871459961,1032.839599609375,1066.63134765625,0.7234217524528503,1,2,-1
89,446,0.0,1.8550353050231934,1031.9234619140625,1068.1728515625,0.7400090098381042,1,2,-1
90,446,0.0,1.2405648231506348,1022.5952758789062,1065.8980712890625,0.8249804377555847,1,2,-1
91,446,0.0,2.0084898471832275,1012.4557495117188,1063.734619140625,0.6991797089576721,1,2,-1
92,446,0.0,0.8346688151359558,1017.988037109375,1064.4176025390625,0.8057193160057068,1,2,-1
93,446,0.0,0.31654226779937744,1016.1101684570312,1062.5284423828125,0.8193371295928955,1,2,-1
94,446,0.0,0.0,1017.2557373046875,1063.76708984375,0.8572542071342468,1,2,-1
95,446,0.0,0.5759280323982239,1010.5242309570312,1066.4111328125,0.8717911243438721,1,2,-1
96,446,0.0,0.0,1010.6572875976562,1067.0906982421875,0.8620526194572449,1,2,-1
97,446,0.0,0.0,1001.0607299804688,1066.4739990234375,0.8598467111587524,1,2,-1
98,446,0.0,0.0,1006.4821166992188,1061.360595703125,0.8228035569190979,1,2,-1
99,446,0.0,0.0,1009.040283203125,1063.8509521484375,0.8395795822143555,1,2,-1
100,446,0.0,0.0,1001.1800537109375,1067.9215087890625,0.7280286550521851,1,2,-1
102,446,0.0,0.0,1000.6385498046875,1066.64599609375,0.8158024549484253,1,2,-1
103,446,0.0,0.0,1004.9968872070312,1063.1048583984375,0.7862827181816101,1,2,-1
104,446,0.0,0.0,1005.083251953125,1061.62353515625,0.7477127313613892,1,2,-1
105,446,0.0,0.17636430263519287,999.6365966796875,1062.053955078125,0.7377012968063354,1,2,-1
106,446,0.0,0.006133213639259338,1010.3635864257812,1062.2042236328125,0.6143521070480347,1,2,-1
107,446,0.0,4.226076602935791,1013.9993896484375,1063.714111328125,0.6877245306968689,1,2,-1
108,446,0.0,5.947489261627197,1008.0236206054688,1062.5218505859375,0.7057559490203857,1,2,-1
109,446,0.0,12.388476371765137,1015.0277099609375,1054.0672607421875,0.5464348196983337,1,2,-1
110,446,0.0,9.271740913391113,1008.3173217773438,1057.1485595703125,0.7591404318809509,1,2,-1
111,446,0.0,16.01805305480957,1000.9869995117188,1046.405029296875,0.5930125713348389,1,2,-1
112,446,1.7688443660736084,22.902589797973633,993.8823852539062,1043.7001953125,0.5915399789810181,1,2,-1
113,446,0.0,21.698638916015625,988.25244140625,1048.4576416015625,0.7090145349502563,1,2,-1
114,446,0.0,24.755861282348633,977.6730346679688,1041.3565673828125,0.5136290192604065,1,2,-1
115,446,0.0,37.759342193603516,969.073486328125,1023.6736450195312,0.5096812844276428,1,2,-1
116,446,0.0,45.93307876586914,965.881591796875,1016.8026123046875,0.5379799604415894,1,2,-1
117,446,0.0,42.13343811035156,961.1243286132812,1024.84521484375,0.6583667993545532,1,2,-1
118,446,0.0,50.933475494384766,955.478759765625,1018.8082275390625,0.6519557237625122,1,2,-1
119,446,0.0,52.41791534423828,951.7025146484375,1015.9839477539062,0.6070875525474548,1,2,-1
120,446,0.0945773497223854,61.63985824584961,949.371826171875,1003.0648803710938,0.5821142196655273,1,2,-1
122,446,0.0,71.41638946533203,946.8817749023438,991.9677734375,0.5884408354759216,1,2,-1
123,446,0.0,66.05596160888672,944.9415283203125,1000.3451538085938,0.5422817468643188,1,2,-1
124,446,0.0,77.77731323242188,942.1998901367188,988.0555419921875,0.6599946022033691,1,2,-1
125,446,0.0,82.19120788574219,944.3950805664062,980.4229125976562,0.6405304670333862,1,2,-1
126,446,0.0,78.37703704833984,943.099609375,986.9008178710938,0.6921796202659607,1,2,-1
127,446,0.0,85.68877410888672,941.6806030273438,979.5608520507812,0.6119664311408997,1,2,-1
128,446,0.0,81.97738647460938,936.0589599609375,985.77392578125,0.6894486546516418,1,2,-1
130,446,0.0,91.33685302734375,926.7823486328125,980.9846801757812,0.5314974188804626,1,2,-1
134,446,0.0,91.8202133178711,930.8358764648438,975.6480712890625,0.5123411417007446,1,2,-1
135,446,0.0,83.30628967285156,931.1996459960938,981.8448486328125,0.6300193667411804,1,2,-1
137,446,0.0,84.8358154296875,926.091064453125,979.010498046875,0.5509989261627197,1,2,-1
138,446,0.0,66.04188537597656,924.7901611328125,997.202880859375,0.6260319948196411,1,2,-1
139,446,0.0,57.6583366394043,927.0795288085938,1007.8880615234375,0.6017239093780518,1,2,-1
140,446,0.0,75.61253356933594,928.2839965820312,985.29150390625,0.579128086566925,1,2,-1
141,446,0.0,83.9636001586914,927.6836547851562,976.3162841796875,0.5972398519515991,1,2,-1
142,446,0.0,85.326904296875,925.4854736328125,974.2335205078125,0.5434035658836365,1,2,-1
143,446,0.1577697992324829,74.53785705566406,927.2590942382812,985.7392578125,0.6876495480537415,1,2,-1
144,446,0.1455964297056198,84.17205810546875,925.5239868164062,975.5703735351562,0.6255312561988831,1,2,-1
145,446,0.9492190480232239,94.55648040771484,926.193115234375,965.1819458007812,0.7023214101791382,1,2,-1
146,446,0.0,94.7171401977539,929.2978515625,965.300048828125,0.6173422336578369,1,2,-1
147,446,0.5700279474258423,89.2905502319336,931.2986450195312,969.6510009765625,0.6855181455612183,1,2,-1
148,446,0.0,70.4636001586914,930.236572265625,993.8287353515625,0.6945714950561523,1,2,-1
149,446,0.0,72.90386199951172,930.1668701171875,989.6222534179688,0.6666585206985474,1,2,-1
150,446,0.2354714572429657,71.3488998413086,926.8031005859375,988.75146484375,0.6574947834014893,1,2,-1
151,446,0.0,84.8516845703125,923.6836547851562,971.6141357421875,0.5624904036521912,1,2,-1
153,446,0.0,25.570466995239258,927.174072265625,1037.8197021484375,0.671150803565979,1,2,-1
154,446,0.0,23.330650329589844,921.9393920898438,1046.86962890625,0.6087456941604614,1,2,-1
155,446,0.0,40.83732223510742,918.5653686523438,1028.1199951171875,0.5806121826171875,1,2,-1
156,446,0.0,49.698577880859375,917.212646484375,1019.3331298828125,0.6343492865562439,1,2,-1
157,446,0.0,49.7255973815918,917.9796142578125,1018.0074462890625,0.7412676215171814,1,2,-1
158,446,0.0,49.78636932373047,916.5317993164062,1021.5023193359375,0.7106931209564209,1,2,-1
159,446,0.0,53.41700744628906,910.301025390625,1019.759033203125,0.7411701083183289,1,2,-1
160,446,0.0,58.38827133178711,908.112548828125,1017.2730102539062,0.7772189378738403,1,2,-1
161,446,0.0,49.94044876098633,903.0512084960938,1016.4627685546875,0.7599905133247375,1,2,-1
162,446,0.0,54.560367584228516,900.8832397460938,1009.4354858398438,0.7522277235984802,1,2,-1
163,446,0.0,38.87678146362305,894.94970703125,1023.7172241210938,0.774408221244812,1,2,-1
164,446,0.0,45.44342803955078,889.5640258789062,1012.0230102539062,0.7672595381736755,1,2,-1
165,446,0.0,48.211280822753906,884.3258666992188,1010.5880126953125,0.8003539443016052,1,2,-1
166,446,0.0,51.9039192199707,885.6707153320312,1015.3074951171875,0.8143759369850159,1,2,-1
167,446,0.12111904472112656,42.00452423095703,883.17626953125,1028.9510498046875,0.7111567854881287,1,2,-1
168,446,0.0,40.681190490722656,875.7897338867188,1031.5921630859375,0.7678942680358887,1,2,-1
169,446,0.09687396883964539,46.071533203125,869.198974609375,1018.4696044921875,0.7753787040710449,1,2,-1
170,446,0.0,51.007381439208984,866.5996704101562,1017.8716430664062,0.7638948559761047,1,2,-1
171,446,0.0,44.88146209716797,864.75537109375,1021.6341552734375,0.7572798132896423,1,2,-1
172,446,0.0,30.391176223754883,863.1213989257812,1043.7601318359375,0.7631507515907288,1,2,-1
173,446,0.0,33.40079116821289,864.2891235351562,1041.6295166015625,0.772322416305542,1,2,-1
174,446,0.2494201958179474,30.722700119018555,862.4390869140625,1043.79296875,0.7518624067306519,1,2,-1
175,446,0.0,54.43491744995117,859.4214477539062,1019.9718017578125,0.7868444323539734,1,2,-1
176,446,0.7469477653503418,55.021976470947266,857.8068237304688,1013.82763671875,0.7408651113510132,1,2,-1
177,446,0.0,64.28337097167969,855.3362426757812,1001.3219604492188,0.7666643857955933,1,2,-1
178,446,0.9927200675010681,69.94203186035156,850.823486328125,991.307373046875,0.7610639929771423,1,2,-1
179,446,0.3010491132736206,46.25678634643555,847.0718383789062,1017.5300903320312,0.7767993211746216,1,2,-1
180,446,1.608428716659546,45.190799713134766,847.6786499023438,1015.9019775390625,0.7498980760574341,1,2,-1
181,446,0.734331488609314,61.462738037109375,842.5018310546875,998.248291015625,0.7953759431838989,1,2,-1
182,446,1.5585986375808716,63.66107177734375,838.14453125,993.3687133789062,0.8213219046592712,1,2,-1
183,446,1.3173317909240723,63.041236877441406,838.6530151367188,1002.84619140625,0.8096883893013,1,2,-1
184,446,0.8386494517326355,62.18394470214844,841.1514892578125,1010.724365234375,0.8279074430465698,1,2,-1
185,446,1.56332528591156,51.432777404785156,843.6014404296875,1024.7579345703125,0.8397191762924194,1,2,-1
186,446,0.6594129800796509,43.16206741333008,846.7098999023438,1033.9400634765625,0.8201821446418762,1,2,-1
187,446,1.5239619016647339,39.15716552734375,845.2446899414062,1033.57763671875,0.8164188861846924,1,2,-1
188,446,0.14211627840995789,33.28334426879883,847.0320434570312,1035.887939453125,0.7981486916542053,1,2,-1
189,446,0.9421502351760864,26.046194076538086,846.6140747070312,1044.4862060546875,0.8094334602355957,1,2,-1
190,446,1.1424109935760498,22.610427856445312,844.8267211914062,1050.7708740234375,0.8271981477737427,1,2,-1
191,446,0.7170148491859436,29.473114013671875,846.0201416015625,1038.2276611328125,0.7932595610618591,1,2,-1
192,446,0.0,35.96878433227539,843.1685791015625,1033.41748046875,0.7818618416786194,1,2,-1
193,446,0.0,39.567466735839844,845.9942626953125,1027.7548828125,0.7980122566223145,1,2,-1
194,446,0.0,38.52958679199219,845.2211303710938,1028.760498046875,0.7928928136825562,1,2,-1
195,446,0.0,46.18935012817383,842.8705444335938,1029.6722412109375,0.8134021162986755,1,2,-1
196,446,0.04242631420493126,43.08046340942383,841.5848388671875,1035.3212890625,0.8456006646156311,1,2,-1
197,446,0.0,45.98768615722656,841.445556640625,1034.0123291015625,0.808449387550354,1,2,-1
198,446,0.346993625164032,41.553585052490234,837.7828369140625,1038.37451171875,0.8189470171928406,1,2,-1
199,446,0.0,33.881072998046875,839.3727416992188,1042.244873046875,0.8056519627571106,1,2,-1
200,446,0.41982847452163696,37.62729263305664,833.776611328125,1039.134765625,0.8223633766174316,1,2,-1
201,446,0.0,41.95784378051758,829.8115234375,1032.57421875,0.8187470436096191,1,2,-1
202,446,0.2939954698085785,48.58438491821289,830.4462280273438,1025.3353271484375,0.82850581407547,1,2,-1
203,446,0.5679445862770081,49.66983413696289,826.8673706054688,1021.2256469726562,0.8287903070449829,1,2,-1
204,446,0.6160433292388916,43.71299362182617,826.640625,1023.13134765625,0.8263324499130249,1,2,-1
205,446,0.9418805241584778,35.099761962890625,828.52587890625,1030.05859375,0.8237602114677429,1,2,-1
