224,4,876.12939453125,1033.213134765625,95.07421875,45.9283447265625,0.6366263031959534,1,5,-1
225,4,874.194580078125,1028.7347412109375,100.7144775390625,50.059326171875,0.6775413155555725,1,5,-1
226,4,872.2433471679688,1024.7506103515625,106.2950439453125,54.3302001953125,0.6661757826805115,1,5,-1
227,4,871.6007080078125,1019.4937133789062,110.3328857421875,59.65899658203125,0.7017496228218079,1,5,-1
228,4,868.5172119140625,1016.1477661132812,114.9119873046875,63.13104248046875,0.7069801092147827,1,5,-1
229,4,867.4725952148438,1013.0294189453125,117.83544921875,66.4249267578125,0.70005863904953,1,5,-1
230,4,865.2037963867188,1009.4573974609375,122.03472900390625,69.9833984375,0.6548979878425598,1,5,-1
231,4,863.600830078125,1004.78125,123.632568359375,74.780517578125,0.6956000328063965,1,5,-1
232,4,863.6263427734375,1000.567626953125,123.8643798828125,79.0152587890625,0.6153562664985657,1,5,-1
233,4,863.1112670898438,995.7932739257812,125.5499267578125,83.68438720703125,0.7953231334686279,1,5,-1
234,4,862.6561279296875,992.0773315429688,127.228515625,87.47296142578125,0.7961174249649048,1,5,-1
235,4,863.3380126953125,988.3383178710938,127.2537841796875,91.10284423828125,0.7992324829101562,1,5,-1
236,4,863.7632446289062,984.7987060546875,127.69580078125,94.540283203125,0.7874106168746948,1,5,-1
237,4,864.16455078125,980.8196411132812,127.3013916015625,98.44110107421875,0.7882174253463745,1,5,-1
238,4,864.702392578125,977.247314453125,126.51287841796875,102.03857421875,0.7377857565879822,1,5,-1
239,4,864.4786376953125,973.2297973632812,126.44842529296875,106.16656494140625,0.721031904220581,1,5,-1
240,4,865.2059936523438,968.6863403320312,125.26507568359375,110.66693115234375,0.6735855937004089,1,5,-1
241,4,864.973876953125,965.5199584960938,125.28271484375,113.67767333984375,0.6570757031440735,1,5,-1
242,4,866.211181640625,961.7313842773438,124.49713134765625,117.58392333984375,0.6435712575912476,1,5,-1
243,4,866.30908203125,957.4521484375,126.07257080078125,121.9971923828125,0.5748701095581055,1,5,-1
244,4,865.267822265625,953.148681640625,127.15228271484375,125.7783203125,0.5057077407836914,1,5,-1
245,4,865.6615600585938,949.2986450195312,126.40057373046875,129.40081787109375,0.6373169422149658,1,5,-1
246,4,866.5452270507812,945.2210693359375,125.5028076171875,133.36474609375,0.6829209923744202,1,5,-1
247,4,867.3494262695312,941.1483154296875,125.291259765625,137.3995361328125,0.6148843765258789,1,5,-1
249,4,869.7510986328125,933.0100708007812,124.33648681640625,144.83392333984375,0.6040928959846497,1,5,-1
251,4,871.8552856445312,924.4025268554688,124.14361572265625,152.83795166015625,0.5278499126434326,1,5,-1
252,4,874.9793090820312,921.5224609375,122.12066650390625,155.5743408203125,0.7617960572242737,1,5,-1
253,4,875.1668090820312,915.8009643554688,123.29071044921875,161.20880126953125,0.5106056332588196,1,5,-1
254,4,876.243408203125,912.3663940429688,123.64459228515625,164.73773193359375,0.6616731286048889,1,5,-1
256,4,879.4402465820312,904.2575073242188,123.54864501953125,172.78778076171875,0.6777639985084534,1,5,-1
257,4,879.970458984375,900.1614990234375,125.3619384765625,176.6541748046875,0.6896122694015503,1,5,-1
259,4,883.0357055664062,889.4273681640625,125.49078369140625,185.0771484375,0.5038487315177917,1,5,-1
260,4,886.3225708007812,884.6699829101562,123.214111328125,186.20709228515625,0.6418668627738953,1,5,-1
261,4,886.9508056640625,880.2225341796875,124.5318603515625,187.18994140625,0.5340403914451599,1,5,-1
264,4,889.8716430664062,871.2142333984375,122.9007568359375,181.886474609375,0.7244343757629395,1,5,-1
265,4,890.6104125976562,867.5995483398438,123.16827392578125,181.27362060546875,0.6558041572570801,1,5,-1
267,4,890.0618286132812,858.8212280273438,124.974365234375,182.06585693359375,0.5125648975372314,1,5,-1
268,4,890.5213012695312,856.041748046875,124.86834716796875,180.14404296875,0.6463947892189026,1,5,-1
269,4,892.1445922851562,852.8031616210938,123.26385498046875,178.57733154296875,0.7761266827583313,1,5,-1
270,4,891.7240600585938,849.536376953125,123.94293212890625,176.61376953125,0.715120792388916,1,5,-1
271,4,891.0499267578125,845.5540771484375,124.36572265625,176.419677734375,0.6994493007659912,1,5,-1
272,4,891.705810546875,839.9539184570312,123.42156982421875,177.376708984375,0.5630546808242798,1,5,-1
275,4,893.6477661132812,828.577392578125,121.37890625,174.7384033203125,0.6511651277542114,1,5,-1
279,4,891.9907836914062,815.2509765625,123.5863037109375,171.6715087890625,0.7230687141418457,1,5,-1
280,4,891.3828125,811.850830078125,124.29998779296875,170.60211181640625,0.7336441874504089,1,5,-1
281,4,891.7996826171875,808.41845703125,123.75347900390625,169.2978515625,0.6316801905632019,1,5,-1
282,4,892.5321044921875,804.402587890625,122.8597412109375,169.84906005859375,0.6973386406898499,1,5,-1
285,4,891.5484008789062,792.63134765625,124.631103515625,169.389892578125,0.5227344036102295,1,5,-1
286,6,891.3334350585938,395.565185546875,129.3609619140625,562.3754272460938,0.5095070004463196,1,5,-1
287,6,891.5574951171875,396.9791564941406,130.4251708984375,557.9627685546875,0.5118476748466492,1,5,-1
