2,1027,1873.4140625,275.5057678222656,45.748779296875,180.9564208984375,0.7415532469749451,1,17,-1
2,909,1247.9439697265625,0.0,152.4263916015625,69.62507629394531,0.7006386518478394,1,6,-1
3,1027,1873.325439453125,275.3945617675781,45.8416748046875,182.13015747070312,0.7345176935195923,1,17,-1
3,909,1249.804443359375,2.1939711570739746,153.560546875,69.2103042602539,0.5658189058303833,1,6,-1
4,1027,1873.0107421875,275.72674560546875,46.11376953125,183.06304931640625,0.7427589297294617,1,17,-1
4,909,1251.3521728515625,5.222929954528809,152.394775390625,67.24938201904297,0.6996299028396606,1,6,-1
5,1027,1872.7933349609375,276.8387451171875,46.3692626953125,184.44754028320312,0.7410865426063538,1,17,-1
5,909,1252.27294921875,5.816762924194336,151.7750244140625,67.14417266845703,0.7460463047027588,1,6,-1
6,1027,1872.7862548828125,278.3199157714844,46.406494140625,186.51699829101562,0.7504658102989197,1,17,-1
6,909,1252.7835693359375,5.492917060852051,152.8782958984375,67.7686538696289,0.8262093663215637,1,6,-1
7,1027,1873.185546875,281.0107727050781,46.076171875,186.64593505859375,0.7582100033760071,1,17,-1
7,909,1252.7584228515625,5.368276119232178,153.885498046875,67.59280395507812,0.7355136275291443,1,6,-1
8,1027,1873.2574462890625,285.0836181640625,46.044677734375,185.08218383789062,0.7590646743774414,1,17,-1
8,909,1251.5557861328125,4.956313133239746,156.3037109375,67.95455932617188,0.6674557328224182,1,6,-1
9,1027,1873.7716064453125,288.04962158203125,45.6170654296875,182.97076416015625,0.7597549557685852,1,17,-1
9,909,1253.229248046875,5.047692775726318,154.82470703125,67.34706115722656,0.7755465507507324,1,6,-1
10,1027,1874.339111328125,291.3138122558594,45.0982666015625,180.99285888671875,0.7465632557868958,1,17,-1
10,909,1254.6680908203125,5.090793609619141,152.9580078125,68.02108764648438,0.8190581202507019,1,6,-1
11,1027,1875.0638427734375,294.8016662597656,44.3897705078125,179.40438842773438,0.7464390993118286,1,17,-1
11,909,1255.3817138671875,5.213728904724121,153.72900390625,68.37158966064453,0.8417902588844299,1,6,-1
12,1027,1875.8695068359375,297.7813415527344,43.5562744140625,178.07009887695312,0.7475399971008301,1,17,-1
12,909,1256.071533203125,5.494894027709961,154.183349609375,69.27091217041016,0.8367834091186523,1,6,-1
13,1027,1877.1337890625,300.6390380859375,42.3580322265625,176.271728515625,0.7368559241294861,1,17,-1
13,909,1256.5172119140625,5.271660327911377,156.3282470703125,70.72376251220703,0.7207775115966797,1,6,-1
14,1027,1879.0032958984375,305.9274597167969,40.4267578125,172.07980346679688,0.7312402129173279,1,17,-1
14,909,1256.4754638671875,4.897027492523193,158.6041259765625,71.52899169921875,0.5967654585838318,1,6,-1
15,1027,1880.3289794921875,310.8818359375,39.0537109375,168.69729614257812,0.7341647744178772,1,17,-1
15,909,1257.9075927734375,4.529858112335205,158.3016357421875,73.27140045166016,0.7982090711593628,1,6,-1
16,1027,1881.600341796875,313.9795227050781,37.6077880859375,166.32086181640625,0.7256296277046204,1,17,-1
16,909,1258.790771484375,3.681638479232788,159.0919189453125,74.7016830444336,0.5237488746643066,1,6,-1
17,1027,1881.875,316.9420471191406,37.2333984375,165.74490356445312,0.7247658371925354,1,17,-1
17,909,1261.4493408203125,3.2407095432281494,155.5484619140625,75.87158203125,0.5644167065620422,1,6,-1
18,1027,1881.3880615234375,320.5262756347656,37.5906982421875,166.23931884765625,0.7328344583511353,1,17,-1
19,1027,1881.0465087890625,322.7365417480469,37.8162841796875,167.91265869140625,0.7397332191467285,1,17,-1
20,1027,1879.7318115234375,323.5569152832031,39.05078125,170.55862426757812,0.7405063509941101,1,17,-1
21,1027,1877.4764404296875,323.7398376464844,41.120849609375,174.6632080078125,0.7408798933029175,1,17,-1
21,909,1263.98828125,2.7904274463653564,153.8221435546875,80.52030944824219,0.5229045748710632,1,6,-1
22,1027,1874.4622802734375,323.2931213378906,43.71044921875,179.5614013671875,0.7444977760314941,1,17,-1
22,909,1263.1114501953125,2.9106874465942383,152.9630126953125,81.0811767578125,0.658503532409668,1,6,-1
23,1027,1870.0789794921875,322.22332763671875,47.551513671875,189.68377685546875,0.7710912823677063,1,17,-1
23,909,1260.0679931640625,3.036892890930176,154.86572265625,83.48578643798828,0.7246741056442261,1,6,-1
24,1027,1863.82080078125,318.4612731933594,53.14111328125,202.13534545898438,0.792209267616272,1,17,-1
24,909,1256.65283203125,3.0003185272216797,155.532958984375,84.1341781616211,0.8175215125083923,1,6,-1
25,1027,1856.918212890625,313.4600830078125,59.2607421875,216.88128662109375,0.7942715287208557,1,17,-1
25,909,1253.4249267578125,2.8182754516601562,155.1575927734375,85.80319213867188,0.5992762446403503,1,6,-1
26,1027,1848.141845703125,305.3919677734375,67.423828125,234.72198486328125,0.8088314533233643,1,17,-1
26,909,1250.8582763671875,2.874382734298706,151.8414306640625,86.83831024169922,0.5997552871704102,1,6,-1
27,1027,1838.411865234375,295.1575927734375,76.381103515625,256.2275390625,0.8593330979347229,1,17,-1
27,909,1246.24609375,2.8374886512756348,151.8389892578125,88.58698272705078,0.6378967761993408,1,6,-1
28,1027,1827.0177001953125,283.657470703125,87.315185546875,279.044189453125,0.8597074747085571,1,17,-1
28,909,1241.9945068359375,2.1010124683380127,149.1070556640625,90.27515411376953,0.7878723740577698,1,6,-1
29,1027,1816.0596923828125,272.87615966796875,98.1729736328125,300.11041259765625,0.8598268032073975,1,17,-1
29,909,1235.7978515625,1.6951054334640503,150.51220703125,90.9814453125,0.848967432975769,1,6,-1
30,1027,1804.383544921875,260.5244140625,109.9959716796875,323.2735595703125,0.8736773729324341,1,17,-1
30,909,1230.7098388671875,1.237024188041687,150.0853271484375,92.26695251464844,0.8700850009918213,1,6,-1
31,1027,1792.7164306640625,249.2984161376953,121.49462890625,344.3359375,0.8893131613731384,1,17,-1
31,909,1225.153076171875,1.2104482650756836,150.2479248046875,92.79183959960938,0.8420194387435913,1,6,-1
32,1027,1782.7528076171875,237.3390350341797,131.9644775390625,366.3597412109375,0.8656924962997437,1,17,-1
32,909,1220.2132568359375,0.9266773462295532,147.521728515625,93.25731658935547,0.8531503677368164,1,6,-1
33,1027,1771.5518798828125,226.18446350097656,143.4267578125,386.34564208984375,0.8561847805976868,1,17,-1
33,909,1215.3092041015625,0.6526172161102295,147.00537109375,93.69320678710938,0.8711539506912231,1,6,-1
34,1027,1761.7109375,215.20083618164062,153.44970703125,408.1389465332031,0.8375787734985352,1,17,-1
34,909,1210.6046142578125,0.9675309062004089,146.8480224609375,94.20565032958984,0.8589379787445068,1,6,-1
35,1027,1752.45703125,205.72894287109375,162.8785400390625,424.82342529296875,0.8609229922294617,1,17,-1
35,909,1204.871337890625,1.604860782623291,147.4454345703125,94.3210220336914,0.8241889476776123,1,6,-1
36,1027,1744.62158203125,196.20616149902344,171.87060546875,443.99542236328125,0.8618372082710266,1,17,-1
36,909,1198.954833984375,1.879143238067627,148.317138671875,93.840087890625,0.7825256586074829,1,6,-1
37,1027,1738.7255859375,185.51498413085938,178.713134765625,462.8041076660156,0.7419235706329346,1,17,-1
37,909,1195.8717041015625,1.7475694417953491,148.9315185546875,94.57401275634766,0.5892079472541809,1,6,-1
38,1027,1732.34326171875,177.71202087402344,185.754638671875,479.009521484375,0.7309942841529846,1,17,-1
38,909,1194.170166015625,1.6084294319152832,147.34375,96.26578521728516,0.5865033864974976,1,6,-1
39,1027,1727.93505859375,171.0228271484375,190.66455078125,492.305908203125,0.6554218530654907,1,17,-1
39,909,1193.274169921875,1.3036855459213257,145.85595703125,97.78941345214844,0.5217490792274475,1,6,-1
40,1027,1723.74609375,163.13983154296875,195.1485595703125,507.478271484375,0.7242761254310608,1,17,-1
41,1027,1720.5838623046875,156.63150024414062,198.53564453125,520.2149658203125,0.8063786625862122,1,17,-1
41,909,1191.119873046875,1.478633165359497,146.392578125,100.26469421386719,0.6333703994750977,1,6,-1
42,1027,1718.20361328125,149.16357421875,201.1563720703125,533.6864013671875,0.7462805509567261,1,17,-1
42,909,1189.6669921875,1.6328338384628296,146.496337890625,101.50355529785156,0.542288601398468,1,6,-1
43,1027,1714.70458984375,138.70712280273438,204.86669921875,550.708984375,0.6568754315376282,1,17,-1
43,909,1187.97021484375,1.7975014448165894,147.551513671875,103.31166076660156,0.5920239090919495,1,6,-1
44,1027,1711.558837890625,102.10260772705078,208.052001953125,593.1021728515625,0.7647867798805237,1,17,-1
45,1027,1708.1641845703125,37.94240188598633,211.5262451171875,663.1109008789062,0.7517672181129456,1,17,-1
45,909,1186.075439453125,2.4871320724487305,146.06884765625,104.62362670898438,0.6195733547210693,1,6,-1
46,1027,1706.3231201171875,10.933745384216309,213.383056640625,695.9019165039062,0.8373923301696777,1,17,-1
47,1027,1704.327392578125,0.4287092387676239,215.330810546875,711.52001953125,0.7825648784637451,1,17,-1
48,1027,1701.6273193359375,0.0,217.9232177734375,717.5804443359375,0.7655731439590454,1,17,-1
48,909,1185.7108154296875,4.1913886070251465,144.2288818359375,109.23320007324219,0.7765373587608337,1,6,-1
49,1027,1698.965576171875,0.0,220.5706787109375,722.3801879882812,0.7971961498260498,1,17,-1
49,909,1183.9337158203125,4.8929243087768555,144.6029052734375,110.96099853515625,0.6712908744812012,1,6,-1
50,1027,1696.7545166015625,0.0,222.8326416015625,726.9476318359375,0.7105429768562317,1,17,-1
50,909,1183.5367431640625,5.633268356323242,144.6627197265625,113.86097717285156,0.7953833937644958,1,6,-1
51,1027,1695.3123779296875,0.0,224.2916259765625,731.98193359375,0.774132490158081,1,17,-1
51,909,1182.729736328125,5.9292755126953125,145.4521484375,114.87984466552734,0.7886661291122437,1,6,-1
52,1027,1694.0697021484375,0.0,225.514404296875,737.2749633789062,0.7393448352813721,1,17,-1
52,909,1182.72412109375,5.927348613739014,145.703857421875,115.52678680419922,0.7848530411720276,1,6,-1
53,1027,1692.7080078125,0.0,226.8056640625,741.8164672851562,0.7678195238113403,1,17,-1
53,909,1182.1427001953125,5.843594074249268,146.418701171875,117.55657196044922,0.8481261730194092,1,6,-1
54,1027,1691.52783203125,0.0,227.9385986328125,746.5376586914062,0.5625013709068298,1,17,-1
54,909,1181.413818359375,5.1270341873168945,146.1348876953125,119.56256866455078,0.8420543670654297,1,6,-1
55,1027,1689.9197998046875,0.0,229.439208984375,751.4901733398438,0.6492950916290283,1,17,-1
55,909,1181.3880615234375,4.4318389892578125,145.239501953125,121.99726867675781,0.8370846509933472,1,6,-1
56,1027,1688.358642578125,0.0,230.452880859375,754.7681884765625,0.7191919684410095,1,17,-1
56,909,1181.266845703125,4.0943474769592285,144.7552490234375,123.61286163330078,0.8306230902671814,1,6,-1
57,1027,1687.65380859375,0.0,230.9749755859375,758.9059448242188,0.7822741866111755,1,17,-1
57,909,1181.3123779296875,3.803098678588867,144.193115234375,125.80743408203125,0.796619713306427,1,6,-1
58,1027,1686.97265625,0.07561959326267242,232.1025390625,763.5655517578125,0.5140995979309082,1,17,-1
58,909,1181.24267578125,3.7126076221466064,143.8221435546875,126.5737075805664,0.7627127766609192,1,6,-1
59,909,1182.0521240234375,3.960425853729248,143.42919921875,126.9366683959961,0.7312167882919312,1,6,-1
60,909,1183.1270751953125,3.431497812271118,143.356689453125,128.691650390625,0.5753305554389954,1,6,-1
61,909,1184.8067626953125,3.469862222671509,143.41748046875,130.7677459716797,0.651648223400116,1,6,-1
62,909,1186.8394775390625,3.3717496395111084,143.3336181640625,133.007080078125,0.7609351277351379,1,6,-1
63,909,1188.79150390625,2.7813777923583984,144.863525390625,134.01718139648438,0.7945662140846252,1,6,-1
63,1027,1696.5408935546875,1.0599347352981567,223.42529296875,771.0834350585938,0.7743484973907471,1,17,-1
64,909,1192.2982177734375,3.022322177886963,142.33056640625,135.3204803466797,0.8211873173713684,1,6,-1
64,1028,138.34405517578125,2.6651673316955566,113.4459228515625,42.509090423583984,0.5852770805358887,1,6,-1
64,1027,1697.772705078125,2.7946202754974365,221.7529296875,771.282470703125,0.8296564817428589,1,17,-1
65,909,1192.5904541015625,3.6152191162109375,143.50830078125,135.0305938720703,0.7909840941429138,1,6,-1
65,1027,1699.1453857421875,2.9987616539001465,220.2435302734375,774.8318481445312,0.8389375805854797,1,17,-1
66,909,1192.8167724609375,3.166978597640991,144.4091796875,135.89805603027344,0.7496408820152283,1,6,-1
66,1027,1700.9256591796875,1.8041430711746216,217.9443359375,778.4193725585938,0.8628986477851868,1,17,-1
66,1028,138.97010803222656,2.706592321395874,117.55867004394531,51.11149597167969,0.562161922454834,1,6,-1
67,909,1193.5968017578125,3.1062233448028564,144.3416748046875,136.99859619140625,0.8075836300849915,1,6,-1
67,1027,1701.882568359375,1.283656358718872,216.7099609375,781.1326904296875,0.8374161720275879,1,17,-1
67,1028,138.758056640625,2.645056962966919,119.2513427734375,56.583534240722656,0.6573277115821838,1,6,-1
68,909,1193.9283447265625,3.113377332687378,144.2615966796875,137.99365234375,0.8130460977554321,1,6,-1
68,1027,1700.3048095703125,2.0027410984039307,218.21875,783.4694213867188,0.8656262159347534,1,17,-1
68,1028,137.5132293701172,2.642329692840576,121.07402038574219,56.796913146972656,0.6198992729187012,1,6,-1
69,909,1193.7615966796875,3.283006191253662,144.0543212890625,138.74488830566406,0.7989168763160706,1,6,-1
69,1027,1698.427001953125,2.2498278617858887,220.0242919921875,786.6889038085938,0.8825042247772217,1,17,-1
69,1028,136.57676696777344,2.7083921432495117,122.28681945800781,57.55418014526367,0.7229718565940857,1,6,-1
70,909,1192.40234375,3.472109317779541,144.9954833984375,138.60243225097656,0.7889924645423889,1,6,-1
70,1027,1696.6939697265625,1.8232312202453613,221.5584716796875,791.1512451171875,0.8805250525474548,1,17,-1
71,909,1191.5614013671875,4.055370807647705,145.04248046875,138.84982299804688,0.759954571723938,1,6,-1
71,1027,1695.62060546875,0.9751051664352417,222.568359375,796.8067626953125,0.8282237648963928,1,17,-1
72,909,1191.37353515625,4.315485954284668,144.0362548828125,139.7277374267578,0.6536452770233154,1,6,-1
72,1027,1692.3680419921875,0.9310718178749084,225.4730224609375,801.7008666992188,0.8798978328704834,1,17,-1
72,1028,131.7430877685547,2.881237745285034,124.58415222167969,61.021263122558594,0.5251581072807312,1,6,-1
73,909,1190.029296875,4.5981364250183105,144.412353515625,139.4954071044922,0.7265817523002625,1,6,-1
73,1027,1688.483642578125,0.5174887180328369,228.4578857421875,807.3671875,0.8477430939674377,1,17,-1
74,909,1187.79296875,4.584511756896973,146.13037109375,139.06460571289062,0.6778310537338257,1,6,-1
74,1027,1684.1942138671875,0.9052544236183167,230.8121337890625,813.0215454101562,0.8339047431945801,1,17,-1
74,1028,127.09839630126953,3.7904770374298096,124.64810943603516,63.123661041259766,0.5962240099906921,1,6,-1
75,909,1186.327392578125,4.3276166915893555,147.0325927734375,140.2987060546875,0.789431631565094,1,6,-1
75,1027,1681.370849609375,1.5304538011550903,231.7916259765625,816.7005004882812,0.752290666103363,1,17,-1
75,1028,121.21874237060547,4.106171131134033,128.4791259765625,64.1435546875,0.6537259817123413,1,6,-1
76,909,1185.4393310546875,4.271390438079834,146.7713623046875,140.16224670410156,0.5433874726295471,1,6,-1
76,1027,1677.43212890625,2.5929198265075684,234.3355712890625,820.4536743164062,0.8103018999099731,1,17,-1
76,1028,118.75950622558594,4.156309604644775,129.17062377929688,64.84591674804688,0.5164437294006348,1,6,-1
77,909,1183.93896484375,4.8410539627075195,145.3759765625,139.85354614257812,0.649900496006012,1,6,-1
77,1027,1673.8800048828125,2.6774299144744873,236.8466796875,825.2320556640625,0.8439927697181702,1,17,-1
78,909,1183.17822265625,5.160442352294922,144.46923828125,139.34033203125,0.5829058885574341,1,6,-1
78,1027,1670.8653564453125,2.7224133014678955,238.989501953125,830.2550048828125,0.8710054159164429,1,17,-1
79,909,1181.6817626953125,5.419281005859375,145.0106201171875,138.50828552246094,0.564916729927063,1,6,-1
79,1027,1667.9276123046875,3.4414334297180176,241.903564453125,834.6727905273438,0.8396987915039062,1,17,-1
80,909,1180.219482421875,5.652972221374512,145.2838134765625,139.5032196044922,0.5869187712669373,1,6,-1
80,1027,1664.710205078125,3.481051445007324,245.089111328125,839.5881958007812,0.840549111366272,1,17,-1
81,909,1180.120849609375,6.274447917938232,144.508544921875,139.4722137451172,0.5709383487701416,1,6,-1
81,1027,1661.08349609375,2.9720566272735596,249.1490478515625,845.4722900390625,0.8192976713180542,1,17,-1
81,1028,111.07608032226562,3.360161066055298,125.55502319335938,68.09022521972656,0.5911242961883545,1,6,-1
82,909,1178.8394775390625,6.60809326171875,144.8782958984375,139.32379150390625,0.6766841411590576,1,6,-1
83,1027,1654.4761962890625,2.360470771789551,255.8568115234375,857.4647216796875,0.626995325088501,1,17,-1
84,1027,1650.730224609375,2.596961259841919,259.43310546875,862.7537231445312,0.5487141013145447,1,17,-1
85,1027,1647.62939453125,2.6674301624298096,260.40966796875,869.2434692382812,0.7735041975975037,1,17,-1
86,1027,1643.551025390625,2.612910509109497,264.1561279296875,875.8701782226562,0.7969820499420166,1,17,-1
87,1027,1639.1041259765625,2.070605993270874,269.788818359375,883.3732299804688,0.7694070935249329,1,17,-1
88,1027,1635.39990234375,1.2514622211456299,275.044189453125,892.5962524414062,0.6929866075515747,1,17,-1
89,1027,1630.5194091796875,0.9119797945022583,279.393798828125,901.0609741210938,0.7869099378585815,1,17,-1
90,1027,1626.631103515625,0.7179219126701355,284.36572265625,909.5574340820312,0.7037038803100586,1,17,-1
91,1027,1623.0546875,0.6272552013397217,288.5609130859375,914.4479370117188,0.7422345280647278,1,17,-1
92,1027,1619.535888671875,0.552021324634552,292.729248046875,922.0880126953125,0.6713278889656067,1,17,-1
92,1028,85.66539001464844,2.8591270446777344,132.1900634765625,69.67172241210938,0.5987136960029602,1,6,-1
93,1027,1616.0450439453125,0.48773592710494995,297.532470703125,929.61376953125,0.674583911895752,1,17,-1
93,1028,81.69157409667969,2.8078718185424805,133.14926147460938,71.9945297241211,0.5707042813301086,1,6,-1
94,1027,1611.8505859375,0.6819459199905396,299.1861572265625,936.0551147460938,0.7156487107276917,1,17,-1
95,1027,1607.9183349609375,0.7415728569030762,306.830322265625,945.35498046875,0.5701683163642883,1,17,-1
96,1027,1604.1573486328125,1.6374969482421875,307.7052001953125,951.6011352539062,0.6537346243858337,1,17,-1
96,1028,71.8916015625,2.903146743774414,139.26229858398438,76.33684539794922,0.5005230903625488,1,6,-1
97,1027,1601.03173828125,1.408529281616211,313.207275390625,958.63916015625,0.7427611947059631,1,17,-1
98,1027,1598.4560546875,1.3666611909866333,316.4521484375,965.5765380859375,0.7830489277839661,1,17,-1
98,1028,68.6585922241211,3.2493717670440674,139.32162475585938,76.74019622802734,0.6020259857177734,1,17,-1
99,1027,1593.921142578125,1.09824538230896,321.9932861328125,973.45556640625,0.6612833738327026,1,17,-1
99,1028,67.10801696777344,3.146261692047119,139.51925659179688,77.83561706542969,0.503025233745575,1,6,-1
100,1027,1588.5025634765625,2.2475974559783936,329.50634765625,981.4769287109375,0.5516671538352966,1,17,-1
101,1027,1584.7689208984375,2.665191173553467,334.5179443359375,989.3179931640625,0.5506215691566467,1,17,-1
102,1027,1579.7998046875,2.8138489723205566,339.9085693359375,996.9614868164062,0.7050626873970032,1,17,-1
102,1028,60.74092483520508,4.771677494049072,140.0126953125,78.92679595947266,0.5457617044448853,1,17,-1
103,1027,1575.5885009765625,2.906252145767212,344.2852783203125,1005.127197265625,0.810737133026123,1,17,-1
103,1028,57.218994140625,4.938400745391846,141.87461853027344,80.29155731201172,0.520400881767273,1,17,-1
104,1027,1572.2587890625,3.2023251056671143,346.9552001953125,1013.0343017578125,0.7559979557991028,1,17,-1
104,1028,54.231815338134766,5.115694522857666,143.82606506347656,80.27433013916016,0.516084611415863,1,17,-1
105,1027,1568.2314453125,2.7651798725128174,350.47314453125,1020.3154907226562,0.7194862961769104,1,17,-1
106,1027,1563.517333984375,2.8420004844665527,355.9000244140625,1028.6512451171875,0.7436144351959229,1,17,-1
107,1027,1560.4007568359375,2.299221992492676,359.30322265625,1037.9908447265625,0.7053810954093933,1,17,-1
108,1027,1557.2017822265625,2.2485439777374268,362.588134765625,1045.3297119140625,0.5717048645019531,1,17,-1
109,1027,1553.27783203125,2.2636287212371826,366.501708984375,1052.4267578125,0.6802611947059631,1,17,-1
110,1027,1550.134033203125,1.6178487539291382,369.723388671875,1058.8905029296875,0.6098700165748596,1,17,-1
111,1027,1546.06689453125,1.4558836221694946,373.752197265625,1067.4248046875,0.552008867263794,1,17,-1
112,1027,1541.37451171875,1.2205811738967896,378.4287109375,1073.2943115234375,0.6310768723487854,1,17,-1
113,1027,1537.7332763671875,1.1473991870880127,382.0286865234375,1075.38623046875,0.5361737012863159,1,17,-1
114,1027,1532.6092529296875,1.1424098014831543,387.115966796875,1076.5467529296875,0.587364912033081,1,17,-1
114,909,1143.5260009765625,10.83304214477539,143.4097900390625,154.4984893798828,0.5575166344642639,1,6,-1
115,1027,1527.865478515625,1.1121604442596436,391.876220703125,1077.765869140625,0.6438355445861816,1,17,-1
115,909,1142.396728515625,11.86862564086914,143.028076171875,155.4196319580078,0.5600728988647461,1,6,-1
116,1027,1524.460693359375,1.610235333442688,388.9765625,1078.0008544921875,0.6077356934547424,1,17,-1
117,1027,1520.23291015625,1.4546111822128296,381.3984375,1078.4154052734375,0.5909035801887512,1,17,-1
118,1027,1516.2747802734375,1.6922528743743896,372.5479736328125,1077.9066162109375,0.6021531820297241,1,17,-1
124,1028,5.028963565826416,3.4712746143341064,158.2505645751953,113.87094116210938,0.5246513485908508,1,17,-1
129,1027,1471.8233642578125,0.8885846734046936,261.457275390625,1076.531005859375,0.596728503704071,1,17,-1
130,1027,1467.0640869140625,1.0350834131240845,253.7930908203125,1076.1260986328125,0.5012626647949219,1,17,-1
143,1027,1410.6405029296875,0.2464323788881302,221.8636474609375,1075.1895751953125,0.5247429013252258,1,17,-1
148,1027,1389.2198486328125,9.125374794006348,224.79931640625,1062.5596923828125,0.6058459877967834,1,17,-1
150,1027,1379.8525390625,12.167315483093262,225.505615234375,1061.4984130859375,0.6785146594047546,1,17,-1
151,1027,1376.292724609375,13.926056861877441,225.960205078125,1059.86181640625,0.5824019312858582,1,17,-1
157,1027,1346.918701171875,32.06107711791992,229.6749267578125,1044.39697265625,0.6799213290214539,1,17,-1
159,1027,1336.5169677734375,39.05217742919922,232.4024658203125,1037.43310546875,0.587363064289093,1,17,-1
160,1027,1331.4864501953125,41.76309585571289,233.31005859375,1035.3372802734375,0.594950258731842,1,17,-1
161,1027,1327.31201171875,45.052581787109375,232.475830078125,1032.504150390625,0.7345354557037354,1,17,-1
162,1027,1323.701416015625,49.016502380371094,232.217041015625,1028.7568359375,0.6396525502204895,1,17,-1
164,1027,1312.7196044921875,57.37385559082031,234.152587890625,1018.3807983398438,0.7319802641868591,1,17,-1
165,1027,1308.02978515625,59.092018127441406,232.213134765625,1014.9080810546875,0.6463397741317749,1,17,-1
167,1030,2.1153905391693115,21.884675979614258,67.16161346435547,139.13055419921875,0.6590036749839783,1,17,-1
167,1027,1297.867919921875,63.0443229675293,233.302978515625,1011.6064453125,0.6001752614974976,1,17,-1
168,1030,0.35252225399017334,25.755456924438477,65.70691680908203,138.14492797851562,0.6680919528007507,1,17,-1
168,1027,1289.8109130859375,67.14287567138672,236.890625,1010.6688842773438,0.6776655912399292,1,17,-1
169,1030,0.0,30.781572341918945,64.1643295288086,134.14134216308594,0.6733118891716003,1,17,-1
170,1030,0.0,33.15312194824219,61.78214645385742,131.13780212402344,0.6696935892105103,1,17,-1
170,1027,1278.7366943359375,74.13519287109375,237.7606201171875,1004.6868286132812,0.6675378680229187,1,17,-1
171,1030,2.3153672218322754,33.87781524658203,57.59251403808594,131.60879516601562,0.674720823764801,1,17,-1
171,1027,1274.9080810546875,75.33442687988281,234.139404296875,1001.1928100585938,0.7074635028839111,1,17,-1
172,1030,2.838008165359497,36.62329864501953,53.790924072265625,128.15463256835938,0.6737558245658875,1,17,-1
172,1027,1274.7288818359375,74.9869155883789,229.6732177734375,998.148193359375,0.664126455783844,1,17,-1
173,1030,0.0,41.34107208251953,52.314552307128906,125.96216583251953,0.6022374629974365,1,17,-1
183,1027,1204.4171142578125,83.5418701171875,249.46337890625,991.635498046875,0.5038735270500183,1,17,-1
191,1027,1155.4306640625,97.8191146850586,248.7193603515625,973.3331298828125,0.6043649315834045,1,17,-1
194,1027,1132.440673828125,92.1744613647461,252.187744140625,981.410400390625,0.5425179600715637,1,17,-1
195,1027,1125.9500732421875,125.00638580322266,251.323486328125,950.6967163085938,0.5904284715652466,1,17,-1
196,1027,1119.314208984375,126.1410903930664,251.9620361328125,949.7120361328125,0.5221717357635498,1,17,-1
197,1027,1111.2701416015625,131.782470703125,253.0819091796875,943.8292236328125,0.5507298707962036,1,17,-1
200,1027,1065.7945556640625,91.17707824707031,278.8253173828125,983.9978637695312,0.5039577484130859,1,17,-1
201,1027,1050.7080078125,80.82313537597656,286.6468505859375,994.83349609375,0.7113223671913147,1,17,-1
210,1027,1022.8134155273438,208.9007110595703,261.48309326171875,865.1724243164062,0.648827850818634,1,17,-1
213,1027,1006.0166625976562,103.77103424072266,257.05108642578125,973.5432739257812,0.6387135982513428,1,17,-1
214,1027,1000.72265625,88.33015441894531,257.57470703125,990.1156616210938,0.5933501720428467,1,17,-1
219,1027,973.708251953125,96.85811614990234,246.407958984375,980.1074829101562,0.547619640827179,1,17,-1
220,1027,969.3848876953125,97.04873657226562,245.3421630859375,981.9952392578125,0.6912777423858643,1,17,-1
221,1027,964.3399047851562,99.03734588623047,245.51409912109375,979.8831787109375,0.626615047454834,1,17,-1
223,1027,950.0726928710938,231.82627868652344,247.24688720703125,848.1737060546875,0.6686283946037292,1,17,-1
224,1027,945.5299072265625,265.93914794921875,244.6953125,814.0608520507812,0.7554064989089966,1,17,-1
225,1027,947.0420532226562,161.31321716308594,236.00543212890625,918.686767578125,0.6878538131713867,1,17,-1
228,1027,938.63671875,122.52120208740234,225.789794921875,956.5223999023438,0.7850899696350098,1,17,-1
229,1027,934.4884033203125,118.14248657226562,224.3048095703125,960.8284912109375,0.7908642888069153,1,17,-1
230,1027,926.9891357421875,240.96987915039062,225.5220947265625,839.0301513671875,0.7662377953529358,1,17,-1
231,1027,922.1343383789062,293.0533142089844,226.35894775390625,786.9466552734375,0.8128294348716736,1,17,-1
233,1027,917.2577514648438,323.5557861328125,218.67803955078125,756.4442138671875,0.7487568855285645,1,17,-1
234,1027,916.43994140625,332.5401916503906,211.4415283203125,747.4598388671875,0.6765084266662598,1,17,-1
235,1027,916.3076782226562,334.9689636230469,206.27166748046875,745.031005859375,0.8049720525741577,1,17,-1
236,1027,914.7754516601562,335.79986572265625,203.34454345703125,744.2001342773438,0.8547722101211548,1,17,-1
237,1027,913.8557739257812,337.54486083984375,199.84613037109375,742.4551391601562,0.8620427846908569,1,17,-1
238,1027,911.5556030273438,343.5257263183594,196.29339599609375,736.4742431640625,0.7644854187965393,1,17,-1
239,1027,906.9864501953125,348.9670104980469,196.1182861328125,731.032958984375,0.6494086384773254,1,17,-1
241,1027,898.9561767578125,358.5669860839844,194.5157470703125,721.4329833984375,0.5217640995979309,1,17,-1
242,1027,892.5756225585938,363.1434631347656,195.20245361328125,716.8565673828125,0.5531455874443054,1,17,-1
243,1027,887.10400390625,368.19793701171875,194.307861328125,711.8020629882812,0.571440577507019,1,17,-1
244,1027,879.7169799804688,372.78582763671875,197.64434814453125,707.2141723632812,0.6890555620193481,1,17,-1
245,1027,875.6638793945312,378.525146484375,196.56866455078125,701.474853515625,0.7098336219787598,1,17,-1
246,1027,870.5423583984375,382.4968566894531,197.412109375,697.503173828125,0.8521620035171509,1,17,-1
247,1027,862.9776611328125,385.8671875,199.4302978515625,694.1328125,0.8515249490737915,1,17,-1
248,1027,855.9059448242188,390.2218933105469,200.52166748046875,689.778076171875,0.7395383715629578,1,17,-1
249,1027,850.7305297851562,395.5859069824219,202.45489501953125,684.4140625,0.6947075128555298,1,17,-1
250,1027,845.2130737304688,400.768798828125,202.35943603515625,679.231201171875,0.8385767936706543,1,17,-1
251,1027,840.6141357421875,403.5794372558594,202.413330078125,676.4205322265625,0.8799415826797485,1,17,-1
252,1027,837.1140747070312,407.5477294921875,199.62286376953125,672.4522705078125,0.8628020286560059,1,17,-1
253,1027,829.4052734375,414.3182373046875,201.7772216796875,665.6817626953125,0.8760080337524414,1,17,-1
254,1027,824.48193359375,419.3727722167969,202.192626953125,660.627197265625,0.8597919940948486,1,17,-1
255,1027,819.4149169921875,425.0216064453125,202.18060302734375,654.9783935546875,0.8672131299972534,1,17,-1
256,1027,810.654296875,428.0126647949219,205.7528076171875,651.9873046875,0.8343474864959717,1,17,-1
257,1027,800.861572265625,430.193603515625,208.97314453125,649.806396484375,0.7601640820503235,1,17,-1
258,1027,793.3106079101562,434.73040771484375,212.5594482421875,645.2695922851562,0.7769485712051392,1,17,-1
259,1027,787.6209106445312,438.95587158203125,212.3355712890625,641.0441284179688,0.7668276429176331,1,17,-1
260,1027,784.3934326171875,442.10992431640625,210.9581298828125,637.7319946289062,0.7422976493835449,1,17,-1
261,1027,780.3045043945312,446.962646484375,209.05853271484375,632.762451171875,0.8065590858459473,1,17,-1
262,1027,774.455810546875,448.82708740234375,209.34686279296875,630.7271118164062,0.7654497027397156,1,17,-1
263,1027,767.3490600585938,452.505859375,211.7916259765625,626.8460693359375,0.6831629276275635,1,17,-1
264,1027,759.814697265625,456.06298828125,214.021728515625,623.4761962890625,0.7461556196212769,1,17,-1
265,1027,755.2510375976562,460.25848388671875,213.8031005859375,619.0824584960938,0.6174136400222778,1,17,-1
266,1027,749.2565307617188,463.51519775390625,213.05767822265625,615.4631958007812,0.5442958474159241,1,17,-1
267,1027,744.6970825195312,466.8455505371094,213.0064697265625,612.0687255859375,0.6276180744171143,1,17,-1
268,1027,739.5298461914062,470.7293701171875,213.3470458984375,608.373291015625,0.7967163324356079,1,17,-1
269,1027,733.1323852539062,472.47711181640625,215.8453369140625,606.8258666992188,0.8143844604492188,1,17,-1
270,1027,727.0059204101562,472.05419921875,216.44342041015625,607.3763427734375,0.7155528664588928,1,17,-1
271,1027,721.7575073242188,473.36932373046875,215.692626953125,606.1622924804688,0.7682645916938782,1,17,-1
272,1027,712.7962646484375,476.0271911621094,220.274169921875,603.062744140625,0.7161439657211304,1,17,-1
273,1027,706.3992309570312,477.57684326171875,220.889892578125,600.6721801757812,0.769213855266571,1,17,-1
274,1027,700.1978759765625,479.3321228027344,221.7125244140625,598.093505859375,0.7033525109291077,1,17,-1
275,1027,692.9021606445312,480.8543395996094,221.3865966796875,596.7138671875,0.6962544322013855,1,17,-1
276,1027,687.5511474609375,482.7574157714844,222.3372802734375,594.9412841796875,0.8261265754699707,1,17,-1
277,1027,682.3779296875,483.3624267578125,221.5784912109375,594.5015869140625,0.7955980896949768,1,17,-1
278,1027,676.8024291992188,487.14569091796875,221.669921875,590.7318725585938,0.8162254691123962,1,17,-1
279,1027,670.769287109375,488.7621765136719,219.829833984375,588.9110107421875,0.788518488407135,1,17,-1
280,1027,665.1494750976562,491.0888671875,219.61602783203125,587.2093505859375,0.7618416547775269,1,17,-1
281,1027,657.4969482421875,491.71771240234375,221.14288330078125,586.6397094726562,0.7974057197570801,1,17,-1
282,1027,650.4755249023438,493.09564208984375,222.296142578125,585.0637817382812,0.8291088342666626,1,17,-1
283,1027,641.6465454101562,496.4551086425781,223.72320556640625,581.0401611328125,0.8913110494613647,1,17,-1
284,1027,634.7975463867188,494.5262145996094,225.6256103515625,582.3033447265625,0.8664311766624451,1,17,-1
285,1027,626.5064086914062,496.8365478515625,227.4739990234375,580.319580078125,0.857873260974884,1,17,-1
286,1027,618.593017578125,497.2753601074219,227.826904296875,580.290771484375,0.8648229837417603,1,17,-1
287,1027,609.2219848632812,496.2457580566406,229.53973388671875,582.007568359375,0.872879147529602,1,17,-1
288,1027,601.43310546875,497.0715026855469,230.88348388671875,580.1793212890625,0.8888501524925232,1,17,-1
289,1027,593.1500854492188,498.2062072753906,233.1531982421875,578.988525390625,0.8494159579277039,1,17,-1
290,1027,587.7483520507812,496.85009765625,230.4185791015625,580.848876953125,0.8227604627609253,1,17,-1
291,1027,579.8285522460938,496.6760559082031,232.31878662109375,581.1417236328125,0.8265531063079834,1,17,-1
292,1027,571.1663208007812,496.5188903808594,234.0357666015625,580.962158203125,0.8307728171348572,1,17,-1
293,1027,563.9796752929688,498.4307861328125,233.23321533203125,579.6273193359375,0.8320375084877014,1,17,-1
294,1027,556.7296142578125,499.9066467285156,232.84283447265625,578.8802490234375,0.7991626262664795,1,17,-1
295,1027,550.3042602539062,500.99700927734375,231.579345703125,578.3412475585938,0.8056581616401672,1,17,-1
296,1027,543.0491943359375,503.68670654296875,231.128662109375,575.3435668945312,0.867669939994812,1,17,-1
297,1027,533.9207153320312,507.072998046875,232.80511474609375,571.6602783203125,0.8475064039230347,1,17,-1
298,1027,524.3051147460938,508.18524169921875,234.7911376953125,570.6985473632812,0.7584389448165894,1,17,-1
299,1027,513.5416870117188,510.093505859375,238.6854248046875,568.4931640625,0.7777603268623352,1,17,-1
300,1027,504.099853515625,512.6663208007812,238.8812255859375,565.5563354492188,0.8826959133148193,1,17,-1
301,1027,494.08795166015625,514.56640625,241.01641845703125,563.4697265625,0.8742230534553528,1,17,-1
302,1027,484.7083435058594,517.909912109375,242.96481323242188,560.7232666015625,0.8052588701248169,1,17,-1
303,1027,474.1148376464844,517.0584106445312,244.68661499023438,561.3373413085938,0.8540857434272766,1,17,-1
304,1027,463.9987487792969,516.5579223632812,245.84060668945312,562.0914916992188,0.8898141384124756,1,17,-1
305,1027,454.7363586425781,517.4724731445312,245.70217895507812,561.5452270507812,0.8919596076011658,1,17,-1
306,1027,444.2095947265625,518.2030029296875,247.65899658203125,560.7315673828125,0.8696356415748596,1,17,-1
307,1027,435.7209167480469,517.6468505859375,247.73812866210938,561.5655517578125,0.8221290111541748,1,17,-1
308,1027,423.191162109375,518.8084716796875,249.54693603515625,559.847412109375,0.758567214012146,1,17,-1
309,1027,412.3797912597656,520.773193359375,251.49172973632812,556.6185302734375,0.881608784198761,1,17,-1
310,1027,401.7412109375,520.9556884765625,254.25677490234375,556.166015625,0.8739790320396423,1,17,-1
311,1027,391.4568176269531,522.1473999023438,254.62472534179688,555.1586303710938,0.8709529042243958,1,17,-1
312,1027,383.01141357421875,523.6365356445312,254.6201171875,553.7439575195312,0.9008640050888062,1,17,-1
313,1027,371.4903564453125,522.8335571289062,255.81146240234375,555.0060424804688,0.8629137277603149,1,17,-1
314,1027,361.7841491699219,522.5013427734375,257.9591369628906,555.50439453125,0.8912668228149414,1,17,-1
315,1027,352.21600341796875,522.912841796875,259.00811767578125,554.7899169921875,0.8634473085403442,1,17,-1
316,1027,343.7841491699219,523.2833862304688,257.0188903808594,554.7642211914062,0.8655853271484375,1,17,-1
317,1027,334.6357421875,523.70703125,258.09552001953125,554.595703125,0.8534058332443237,1,17,-1
318,1027,322.9653625488281,524.8994140625,261.1993103027344,552.5111083984375,0.7576500773429871,1,17,-1
319,1027,313.268798828125,523.4359741210938,261.46734619140625,553.8152465820312,0.8558337092399597,1,17,-1
320,1027,304.08233642578125,522.4874267578125,262.76800537109375,554.4375,0.8398119807243347,1,17,-1
321,1027,295.3042907714844,522.1665649414062,262.5276794433594,554.8527221679688,0.8772730827331543,1,17,-1
322,1027,287.900146484375,523.2536010742188,261.33740234375,554.0171508789062,0.8875952959060669,1,17,-1
323,1027,278.3375244140625,523.530517578125,262.7939453125,553.8984375,0.8531983494758606,1,17,-1
324,1027,268.3529357910156,518.7750854492188,262.3134460449219,559.3569946289062,0.8150574564933777,1,17,-1
325,1027,260.9599609375,519.3978271484375,262.292724609375,558.6728515625,0.8601634502410889,1,17,-1
326,1027,251.94642639160156,521.1982421875,263.7008056640625,557.0257568359375,0.8839148283004761,1,17,-1
327,1027,244.3345489501953,521.3048706054688,261.015625,557.4240112304688,0.8280849456787109,1,17,-1
328,1027,235.8607177734375,524.426025390625,262.5659484863281,553.9031982421875,0.7055962681770325,1,17,-1
329,1027,225.47210693359375,527.9135131835938,264.5101623535156,550.4998168945312,0.8197747468948364,1,17,-1
330,1027,216.59193420410156,528.7562866210938,264.28472900390625,549.5864868164062,0.8568029403686523,1,17,-1
331,1027,209.17483520507812,533.38525390625,265.3575744628906,544.3887939453125,0.7613164782524109,1,17,-1
332,1027,201.14695739746094,535.8499755859375,266.5313720703125,542.06884765625,0.8337957262992859,1,17,-1
333,1027,194.56808471679688,538.7797241210938,264.0289001464844,539.3652954101562,0.8567797541618347,1,17,-1
334,1027,187.92739868164062,540.6776733398438,264.08380126953125,537.7817993164062,0.8525819778442383,1,17,-1
335,1027,178.82826232910156,541.8197021484375,266.6549072265625,536.7255859375,0.8780679106712341,1,17,-1
336,1027,172.1112823486328,543.58544921875,266.6519775390625,535.0146484375,0.8706710338592529,1,17,-1
337,1027,166.3040008544922,546.2481079101562,265.177490234375,532.7280883789062,0.8483489155769348,1,17,-1
338,1027,160.89247131347656,550.9080200195312,265.15863037109375,528.2853393554688,0.8880711197853088,1,17,-1
339,1027,154.84117126464844,558.5257568359375,266.55072021484375,520.87451171875,0.903328001499176,1,17,-1
340,1027,150.46620178222656,563.4954223632812,264.611572265625,515.3186645507812,0.8910377621650696,1,17,-1
341,1027,146.342041015625,565.4652099609375,262.4777526855469,513.1318359375,0.8939223289489746,1,17,-1
342,1027,141.6405792236328,569.4363403320312,262.34075927734375,509.65045166015625,0.8704790472984314,1,17,-1
343,1027,136.06146240234375,572.3770751953125,263.45758056640625,507.05810546875,0.8276175856590271,1,17,-1
344,1027,131.313232421875,575.5875854492188,264.3222351074219,503.80340576171875,0.8650562763214111,1,17,-1
345,1027,127.8859634399414,581.354248046875,262.9547119140625,496.9344482421875,0.7588235139846802,1,17,-1
346,1027,124.7815933227539,584.94140625,260.8191833496094,492.8822021484375,0.8465068936347961,1,17,-1
347,1027,121.9869384765625,588.3695068359375,259.5200500488281,490.0888671875,0.8850462436676025,1,17,-1
348,1027,120.53080749511719,592.7702026367188,258.914306640625,485.39752197265625,0.9181927442550659,1,17,-1
349,1027,118.52082824707031,597.3125610351562,257.1785888671875,481.23724365234375,0.8911802172660828,1,17,-1
350,1027,116.63870239257812,603.0858764648438,255.65267944335938,475.73358154296875,0.8950819969177246,1,17,-1
351,1027,113.96560668945312,608.4846801757812,253.84530639648438,469.17694091796875,0.8831669688224792,1,17,-1
352,1027,111.37300109863281,611.1238403320312,252.21739196777344,466.42108154296875,0.902823805809021,1,17,-1
353,1027,108.61787414550781,613.248779296875,251.4790496826172,464.93359375,0.9080759882926941,1,17,-1
354,1027,105.84833526611328,617.7930908203125,250.71212768554688,460.551025390625,0.8272625207901001,1,17,-1
355,1027,102.8996353149414,620.1182861328125,250.15286254882812,458.3095703125,0.7558630108833313,1,17,-1
356,1027,100.34422302246094,620.189697265625,249.9016571044922,458.312255859375,0.7066583633422852,1,17,-1
357,1027,97.95708465576172,623.5298461914062,247.77285766601562,454.10699462890625,0.7961245775222778,1,17,-1
358,1027,94.940673828125,626.99072265625,243.89154052734375,451.3714599609375,0.726158082485199,1,17,-1
359,1027,91.10408020019531,630.2755737304688,243.37818908691406,448.55963134765625,0.7861699461936951,1,17,-1
360,1027,86.76322937011719,632.361083984375,243.46803283691406,446.2412109375,0.7823912501335144,1,17,-1
361,1027,81.76018524169922,634.691162109375,243.7559814453125,443.8055419921875,0.8149556517601013,1,17,-1
362,1027,77.5787582397461,636.4584350585938,243.47988891601562,441.34893798828125,0.7658867239952087,1,17,-1
363,1027,74.20158386230469,638.1965942382812,240.98426818847656,439.67681884765625,0.6125285625457764,1,17,-1
364,1027,70.85989379882812,639.8287963867188,240.83834838867188,438.86810302734375,0.8239157795906067,1,17,-1
365,1027,68.2694091796875,641.9434204101562,240.675048828125,436.39398193359375,0.8022918701171875,1,17,-1
366,1027,65.7745590209961,645.1566772460938,239.66232299804688,433.37469482421875,0.7985086441040039,1,17,-1
367,1027,63.79031753540039,649.5057983398438,238.82357788085938,429.43719482421875,0.8323287963867188,1,17,-1
368,1027,62.36873245239258,653.3450317382812,237.4347381591797,425.52850341796875,0.7438945770263672,1,17,-1
369,1027,60.81685256958008,655.99169921875,236.14585876464844,422.3079833984375,0.5723216533660889,1,17,-1
370,1027,59.28219985961914,658.6336669921875,233.71359252929688,419.4891357421875,0.6939132809638977,1,17,-1
371,1027,57.496551513671875,660.3990478515625,231.9462890625,418.2767333984375,0.5474470853805542,1,17,-1
372,1027,56.44462203979492,663.6258544921875,231.02186584472656,415.9542236328125,0.5554130673408508,1,17,-1
373,1027,55.70751190185547,665.912109375,229.9910888671875,413.813232421875,0.7358472347259521,1,17,-1
374,1027,54.545066833496094,669.0633544921875,229.27923583984375,410.159423828125,0.7075698971748352,1,17,-1
375,1027,53.66817092895508,674.7938232421875,228.3847198486328,404.8223876953125,0.5865647196769714,1,17,-1
376,1027,53.25457000732422,679.6209106445312,225.85189819335938,400.24554443359375,0.7604889273643494,1,17,-1
376,1032,752.5485229492188,199.9296875,132.31146240234375,159.22195434570312,0.53741055727005,1,6,-1
377,1027,52.78422164916992,683.6527099609375,224.33351135253906,396.3472900390625,0.7092893719673157,1,17,-1
377,1032,750.97265625,203.37673950195312,132.90667724609375,158.14773559570312,0.603810727596283,1,6,-1
378,1027,52.13706970214844,688.2907104492188,223.4755401611328,391.70928955078125,0.5989140272140503,1,17,-1
378,1032,750.0445556640625,206.82679748535156,132.70904541015625,156.8697052001953,0.587599515914917,1,6,-1
379,1027,51.286827087402344,695.379150390625,222.10699462890625,384.620849609375,0.6941186189651489,1,17,-1
380,1027,50.269996643066406,703.9669189453125,219.95883178710938,376.0330810546875,0.7343578934669495,1,17,-1
381,1027,48.80022048950195,708.9561157226562,218.0878448486328,371.04388427734375,0.6652867794036865,1,17,-1
382,1027,46.752281188964844,714.7095336914062,215.99395751953125,365.26007080078125,0.5996636748313904,1,17,-1
383,1032,743.4595336914062,225.6605224609375,129.43084716796875,155.62161254882812,0.5273640751838684,1,6,-1
384,1032,742.1748657226562,230.55101013183594,128.1165771484375,153.0364227294922,0.6460891366004944,1,6,-1
385,1032,740.1468505859375,235.7356719970703,128.528564453125,151.93995666503906,0.5073718428611755,1,6,-1
387,1032,736.5831909179688,243.09909057617188,127.95831298828125,152.2144775390625,0.6592037677764893,1,6,-1
388,1032,734.9159545898438,247.46620178222656,128.55682373046875,151.68663024902344,0.7011024951934814,1,6,-1
389,1032,733.5670776367188,252.192138671875,128.08770751953125,152.74066162109375,0.5930868983268738,1,6,-1
390,1032,732.2464599609375,257.5537414550781,128.6671142578125,150.09146118164062,0.6459730863571167,1,6,-1
391,1032,730.9263916015625,261.1493225097656,128.3214111328125,151.13580322265625,0.5528247356414795,1,6,-1
394,1035,12.905553817749023,795.9125366210938,129.1486053466797,179.3746337890625,0.5258293747901917,1,6,-1
397,1032,722.9143676757812,282.1467590332031,126.5108642578125,150.403564453125,0.5252525210380554,1,6,-1
399,1035,1.1621081829071045,822.3065185546875,124.30105590820312,201.7236328125,0.5996392369270325,1,12,-1
400,1035,0.42083609104156494,825.2269287109375,115.81204223632812,178.48785400390625,0.6361899971961975,1,12,-1
401,1035,0.14141306281089783,827.3303833007812,111.58118438720703,174.93585205078125,0.5717045068740845,1,12,-1
402,1035,0.010324344970285892,829.76123046875,111.23065185546875,183.14678955078125,0.5234474539756775,1,12,-1
403,1035,0.03428388759493828,831.65234375,111.05320739746094,206.159912109375,0.5269929766654968,1,12,-1
405,1032,713.2216796875,294.3168029785156,123.99652099609375,149.1763916015625,0.5027112364768982,1,6,-1
407,1032,711.3796997070312,295.2816467285156,123.494873046875,147.13027954101562,0.5535677075386047,1,6,-1
409,1032,708.7636108398438,295.76123046875,124.07073974609375,146.37472534179688,0.5416340231895447,1,6,-1
410,1032,707.8099975585938,295.7567443847656,124.98333740234375,145.89175415039062,0.6609569787979126,1,6,-1
411,1032,706.319091796875,295.4110107421875,125.50628662109375,144.854736328125,0.5774592757225037,1,6,-1
412,1032,704.8677368164062,294.8969421386719,125.595947265625,145.32754516601562,0.6999126076698303,1,6,-1
413,1032,703.8988647460938,294.3592834472656,124.6597900390625,144.19415283203125,0.5576500296592712,1,6,-1
414,1032,702.900390625,293.41925048828125,123.36865234375,145.79562377929688,0.5630093812942505,1,6,-1
415,1032,702.1848754882812,293.45489501953125,122.8651123046875,146.0966796875,0.5261145234107971,1,6,-1
418,1036,0.0,844.23193359375,37.803035736083984,156.3853759765625,0.5351117253303528,1,6,-1
419,1036,0.0,844.1965942382812,36.41291427612305,154.8846435546875,0.5053511261940002,1,6,-1
420,1036,0.0,846.4525146484375,35.31254959106445,151.85614013671875,0.5105224847793579,1,6,-1
428,1032,654.1754760742188,291.0240783691406,121.19964599609375,146.4073486328125,0.5114325881004333,1,6,-1
430,1032,639.9776000976562,291.8740234375,124.92724609375,148.76779174804688,0.6032539010047913,1,6,-1
431,1032,637.162109375,292.6774597167969,125.5098876953125,149.73712158203125,0.5374352335929871,1,6,-1
432,1032,634.3326416015625,294.4375,126.78924560546875,149.71392822265625,0.5207642912864685,1,6,-1
433,1032,633.3142700195312,297.6354064941406,127.8709716796875,150.1572265625,0.6526349782943726,1,6,-1
445,1032,618.9382934570312,308.11029052734375,127.53814697265625,147.92697143554688,0.6093818545341492,1,6,-1
446,1032,617.9502563476562,304.1347351074219,128.52069091796875,150.58444213867188,0.6470978856086731,1,6,-1
447,1032,616.9617309570312,298.948486328125,129.2784423828125,152.083740234375,0.711037814617157,1,6,-1
448,1032,617.229248046875,294.0038757324219,128.97747802734375,150.92559814453125,0.5589826107025146,1,6,-1
456,1032,610.8844604492188,254.5205078125,129.76190185546875,152.67172241210938,0.6513689160346985,1,6,-1
457,1032,608.74951171875,249.49061584472656,131.08538818359375,156.0218048095703,0.589682936668396,1,6,-1
458,1032,608.0750732421875,244.68972778320312,131.328369140625,155.00692749023438,0.5652651786804199,1,6,-1
460,1032,606.1248779296875,235.91355895996094,131.8526611328125,154.1583709716797,0.535670816898346,1,6,-1
461,1032,604.894287109375,230.69248962402344,132.9127197265625,155.3182830810547,0.632348895072937,1,6,-1
462,1032,603.30126953125,226.26416015625,134.2017822265625,155.40054321289062,0.6307448744773865,1,6,-1
463,1032,601.0046997070312,221.79718017578125,134.7601318359375,158.13214111328125,0.6654268503189087,1,6,-1
464,1032,600.4869995117188,218.732177734375,133.760986328125,157.37222290039062,0.6227367520332336,1,6,-1
465,1032,599.853759765625,215.25128173828125,133.20269775390625,156.79669189453125,0.7027739882469177,1,6,-1
466,1032,598.5105590820312,211.15794372558594,132.81390380859375,157.9485626220703,0.5476939678192139,1,6,-1
467,1032,596.9658203125,207.89862060546875,133.21533203125,158.59835815429688,0.5827665328979492,1,6,-1
468,1032,595.3455810546875,205.00718688964844,133.05096435546875,159.2016143798828,0.7145521640777588,1,6,-1
469,1032,593.0020141601562,201.9978790283203,134.973876953125,157.43275451660156,0.6412479281425476,1,6,-1
470,1032,591.6675415039062,198.2552032470703,135.150146484375,159.63197326660156,0.6869217753410339,1,6,-1
471,1032,590.5797119140625,196.145751953125,134.81219482421875,158.76568603515625,0.6609551906585693,1,6,-1
472,1032,589.2748413085938,193.8656005859375,135.57745361328125,159.517578125,0.5392052531242371,1,6,-1
474,1032,587.0941162109375,190.31321716308594,134.57489013671875,155.96937561035156,0.5753277540206909,1,6,-1
