2,810,314.59161376953125,0.3990222215652466,156.78924560546875,100.75875091552734,0.75262051820755,1,6,-1
3,810,310.7752685546875,0.49245744943618774,159.36553955078125,99.56501770019531,0.7616707682609558,1,6,-1
4,810,310.9678039550781,0.6851600408554077,156.82797241210938,97.24732971191406,0.6724470257759094,1,6,-1
5,810,307.54132080078125,1.0084697008132935,158.25637817382812,94.53932189941406,0.6831098794937134,1,6,-1
6,810,308.11285400390625,1.4250352382659912,156.40350341796875,92.96781158447266,0.7345502376556396,1,6,-1
8,810,307.4547424316406,1.9082378149032593,152.70458984375,89.89852142333984,0.6906654238700867,1,6,-1
9,810,301.68255615234375,2.137192964553833,158.29913330078125,88.13735961914062,0.8138955235481262,1,6,-1
10,810,298.923828125,2.3945610523223877,158.60110473632812,87.4208755493164,0.6329087615013123,1,6,-1
11,810,298.553955078125,2.989311456680298,157.8863525390625,84.97871398925781,0.6703029274940491,1,6,-1
12,810,296.115234375,3.0872161388397217,159.73065185546875,83.14049530029297,0.6724338531494141,1,6,-1
13,810,294.428955078125,2.9110100269317627,161.742431640625,82.94065856933594,0.7600196599960327,1,6,-1
14,810,294.282958984375,2.943903923034668,162.29080200195312,82.30414581298828,0.7322103381156921,1,6,-1
15,810,295.8725280761719,3.2258682250976562,162.349365234375,81.79328918457031,0.7022405862808228,1,6,-1
16,810,296.0606384277344,3.0561776161193848,164.41351318359375,82.95014190673828,0.8679246306419373,1,6,-1
17,810,300.1455078125,3.2228403091430664,162.35018920898438,82.29715728759766,0.8177926540374756,1,6,-1
18,810,305.2803955078125,3.425138473510742,159.44729614257812,82.30199432373047,0.7378438711166382,1,6,-1
19,810,305.58843994140625,3.3719565868377686,160.88613891601562,83.47811889648438,0.7985783815383911,1,6,-1
20,810,308.2760925292969,3.379127025604248,161.5491943359375,84.01093292236328,0.7656098008155823,1,6,-1
21,810,311.35198974609375,3.2322075366973877,161.70657348632812,84.84696960449219,0.8004421591758728,1,6,-1
22,810,315.66387939453125,3.1650218963623047,160.0743408203125,85.43709564208984,0.7443438172340393,1,6,-1
23,810,320.5536804199219,2.90622615814209,157.38116455078125,86.07213592529297,0.6833243370056152,1,6,-1
24,810,322.9209899902344,2.826427698135376,157.44332885742188,87.06414794921875,0.6392550468444824,1,6,-1
25,810,326.2908935546875,2.473633289337158,157.31893920898438,87.58252716064453,0.6089343428611755,1,6,-1
26,810,329.35406494140625,2.5293691158294678,158.43875122070312,87.1278076171875,0.6475263833999634,1,6,-1
27,810,331.16290283203125,2.5774385929107666,159.0341796875,87.21317291259766,0.7620168924331665,1,6,-1
28,810,334.2618713378906,2.3677616119384766,157.40835571289062,87.2868881225586,0.7512067556381226,1,6,-1
29,810,334.5257873535156,2.287856340408325,159.0418701171875,88.48371124267578,0.728144645690918,1,6,-1
30,810,335.83612060546875,2.2509806156158447,160.07745361328125,89.40349578857422,0.7484792470932007,1,6,-1
31,810,338.5992126464844,2.3029637336730957,158.639892578125,89.78887939453125,0.7301881909370422,1,6,-1
32,810,340.88427734375,2.0305545330047607,158.5107421875,90.03170013427734,0.7705583572387695,1,6,-1
33,810,345.8848876953125,2.0727596282958984,154.57867431640625,89.56239318847656,0.7280179262161255,1,6,-1
34,810,348.2102355957031,1.8764724731445312,153.55499267578125,90.02297973632812,0.8070038557052612,1,6,-1
35,810,349.6304931640625,1.6358259916305542,154.8642578125,90.3713607788086,0.7447165846824646,1,6,-1
36,810,353.4564208984375,1.2214770317077637,151.78524780273438,90.61007690429688,0.6995944976806641,1,6,-1
37,810,354.0751037597656,1.37092924118042,154.00686645507812,90.63253021240234,0.7333623766899109,1,6,-1
38,810,353.90338134765625,1.3251218795776367,155.36724853515625,91.29469299316406,0.7978776693344116,1,6,-1
39,810,354.4419250488281,1.4273746013641357,156.6680908203125,92.24203491210938,0.8131116628646851,1,6,-1
40,810,355.94091796875,1.6124567985534668,156.53753662109375,93.59465789794922,0.7698604464530945,1,6,-1
40,812,103.48638153076172,2.3131096363067627,42.48566436767578,30.465591430664062,0.539121150970459,1,6,-1
41,810,358.3285827636719,1.5820053815841675,154.92678833007812,94.66374206542969,0.7947543263435364,1,6,-1
41,812,105.22377014160156,2.4956467151641846,42.60211181640625,31.797988891601562,0.6505897641181946,1,6,-1
41,813,713.5982055664062,0.7878209352493286,42.7298583984375,27.604143142700195,0.6350352764129639,1,6,-1
42,810,360.1803283691406,2.087682008743286,155.89102172851562,94.62471771240234,0.7956501245498657,1,6,-1
42,813,715.9696655273438,0.8430426716804504,41.24267578125,28.13619613647461,0.5089719295501709,1,6,-1
43,810,361.8680419921875,2.408370018005371,156.51348876953125,94.53211975097656,0.823559582233429,1,6,-1
43,813,717.0045776367188,0.6700277924537659,40.84759521484375,28.484716415405273,0.5946983695030212,1,6,-1
43,812,110.3264389038086,3.5592546463012695,41.27666473388672,32.27043533325195,0.5774499773979187,1,6,-1
44,810,368.51031494140625,2.634265661239624,151.3646240234375,95.0321044921875,0.807640552520752,1,6,-1
44,813,719.2655639648438,0.591039776802063,40.6278076171875,29.845306396484375,0.5771681666374207,1,6,-1
45,810,370.0470275878906,2.4280905723571777,152.15499877929688,94.92550659179688,0.8521554470062256,1,6,-1
46,810,374.6281433105469,1.928351640701294,148.80447387695312,96.10366821289062,0.786309540271759,1,6,-1
46,813,721.5562744140625,1.3776518106460571,42.07598876953125,30.412694931030273,0.5839152932167053,1,6,-1
47,810,379.1271057128906,1.639255404472351,145.43331909179688,97.5978012084961,0.842952311038971,1,6,-1
47,813,724.3779907226562,1.9770727157592773,40.8353271484375,30.653331756591797,0.5751129388809204,1,6,-1
48,810,384.5869445800781,1.387920618057251,142.17514038085938,98.83624267578125,0.7952122092247009,1,6,-1
48,813,725.3574829101562,2.313000202178955,42.966064453125,30.518569946289062,0.575539767742157,1,6,-1
49,810,386.32171630859375,1.3595858812332153,142.54034423828125,101.31649780273438,0.8033802509307861,1,6,-1
49,812,128.71469116210938,5.6463470458984375,38.17536926269531,37.78134536743164,0.5559073090553284,1,6,-1
50,810,383.0205993652344,1.2955093383789062,148.91116333007812,101.8065414428711,0.8369320034980774,1,6,-1
51,810,390.53521728515625,1.2448207139968872,143.96832275390625,104.37728881835938,0.7993307113647461,1,6,-1
52,810,388.012451171875,1.297623634338379,147.99676513671875,106.40367126464844,0.8407009840011597,1,6,-1
53,810,392.0019836425781,1.3720992803573608,147.69760131835938,106.336181640625,0.7821384072303772,1,6,-1
54,810,395.89154052734375,1.345984697341919,146.92657470703125,106.9270248413086,0.8011261820793152,1,6,-1
54,813,739.0809936523438,5.021556854248047,41.068603515625,40.86618423461914,0.5305448174476624,1,6,-1
55,810,399.1427001953125,1.4863882064819336,146.58612060546875,107.59434509277344,0.7653231620788574,1,6,-1
56,810,410.3719177246094,1.7789236307144165,136.84097290039062,108.87596130371094,0.7660466432571411,1,6,-1
57,810,413.4626770019531,1.9580552577972412,135.52395629882812,110.41316986083984,0.804271399974823,1,6,-1
58,810,408.11199951171875,1.7897183895111084,142.04071044921875,111.09757995605469,0.8210868239402771,1,6,-1
59,810,407.0062561035156,2.060993194580078,145.31051635742188,112.10015869140625,0.7400496006011963,1,6,-1
60,810,407.1111145019531,2.2586669921875,148.35482788085938,113.4307861328125,0.8208768367767334,1,6,-1
60,813,749.6107788085938,14.948918342590332,42.9422607421875,37.709957122802734,0.6080271005630493,1,6,-1
61,810,415.35015869140625,2.5066025257110596,141.75640869140625,113.76853942871094,0.7482770681381226,1,6,-1
62,810,414.9307556152344,2.8040590286254883,144.71084594726562,113.48290252685547,0.7438356280326843,1,6,-1
63,810,413.2450866699219,2.5240213871002197,147.84738159179688,113.11181640625,0.8147287964820862,1,6,-1
64,810,415.9366149902344,2.2473721504211426,147.12844848632812,112.56649780273438,0.809928834438324,1,6,-1
64,813,756.8519287109375,16.351181030273438,42.079345703125,37.71284866333008,0.5502123236656189,1,6,-1
65,810,417.24969482421875,2.2695164680480957,148.57666015625,112.30552673339844,0.796847403049469,1,6,-1
65,813,758.60888671875,19.196130752563477,42.11126708984375,34.85072326660156,0.5422656536102295,1,6,-1
66,810,418.00848388671875,2.544628620147705,149.9044189453125,110.3445816040039,0.636542022228241,1,6,-1
66,813,759.4263305664062,18.990554809570312,41.523681640625,36.97120666503906,0.5073806643486023,1,6,-1
67,810,421.6282043457031,2.9639813899993896,147.49392700195312,109.63378143310547,0.8219577074050903,1,6,-1
67,813,762.20068359375,19.653451919555664,40.8619384765625,36.736083984375,0.5529826879501343,1,6,-1
68,810,422.16058349609375,3.308537721633911,148.09747314453125,109.61456298828125,0.8480222225189209,1,6,-1
68,813,762.8871459960938,20.342287063598633,40.98529052734375,36.582176208496094,0.5233891606330872,1,6,-1
69,810,425.6054382324219,3.4262735843658447,145.68557739257812,110.30567932128906,0.8672915101051331,1,6,-1
69,813,766.18212890625,22.199514389038086,39.48309326171875,35.59186553955078,0.5395523905754089,1,6,-1
70,810,425.8834228515625,3.7171990871429443,146.34912109375,111.23829650878906,0.852141797542572,1,6,-1
71,810,426.6399841308594,4.023337364196777,146.38058471679688,112.1418228149414,0.8346744775772095,1,6,-1
71,813,769.5375366210938,24.975473403930664,38.7366943359375,36.515594482421875,0.5014204978942871,1,6,-1
72,810,427.373291015625,4.399320602416992,147.308349609375,112.31461334228516,0.8465451598167419,1,6,-1
73,810,426.7599792480469,4.6298828125,149.47091674804688,112.36092376708984,0.858781635761261,1,6,-1
74,810,429.88433837890625,4.772405624389648,146.738525390625,114.05070495605469,0.8545182943344116,1,6,-1
75,810,431.01507568359375,4.8632965087890625,147.46295166015625,115.0686264038086,0.8296771049499512,1,6,-1
76,810,433.1056213378906,5.3824262619018555,146.43124389648438,114.23847198486328,0.8589107990264893,1,6,-1
77,810,433.1866760253906,5.495278835296631,148.13168334960938,114.32695007324219,0.881380558013916,1,6,-1
77,813,774.7059936523438,29.917238235473633,41.4105224609375,39.549171447753906,0.5862355828285217,1,6,-1
78,810,438.348388671875,5.833395004272461,143.57171630859375,115.2391128540039,0.8606669902801514,1,6,-1
79,810,440.43896484375,6.188605785369873,142.3399658203125,115.81633758544922,0.8628109693527222,1,6,-1
80,810,439.3815612792969,6.502912521362305,144.11135864257812,115.47028350830078,0.8518192768096924,1,6,-1
81,810,444.4428405761719,6.763312816619873,139.93325805664062,115.1530532836914,0.8071030974388123,1,6,-1
82,810,444.11505126953125,6.688344478607178,142.61279296875,115.87538146972656,0.8417250514030457,1,6,-1
83,810,447.99530029296875,6.364571571350098,140.64093017578125,116.0597152709961,0.7814494371414185,1,6,-1
84,810,455.85992431640625,6.111250400543213,133.666259765625,116.99010467529297,0.7998606562614441,1,6,-1
85,810,449.0311279296875,5.747056484222412,140.787353515625,117.85453796386719,0.8374297022819519,1,6,-1
86,810,443.8800048828125,5.430080413818359,146.46685791015625,117.82231140136719,0.8494968414306641,1,6,-1
87,810,443.0054626464844,5.505438327789307,148.01486206054688,117.42453002929688,0.7875979542732239,1,6,-1
88,810,441.9346923828125,5.542296886444092,148.70556640625,117.42352294921875,0.7382904291152954,1,6,-1
89,810,442.4945068359375,5.666015148162842,147.93927001953125,117.28155517578125,0.8192315101623535,1,6,-1
90,810,446.25006103515625,6.174587726593018,143.1875,116.81723022460938,0.8028956651687622,1,6,-1
91,810,454.276611328125,6.1907243728637695,134.83929443359375,116.55921936035156,0.8181723952293396,1,6,-1
92,810,445.97802734375,6.36338472366333,142.1173095703125,115.98033142089844,0.8255776762962341,1,6,-1
93,810,440.8731384277344,6.648273468017578,145.22317504882812,115.47474670410156,0.7072007656097412,1,6,-1
94,810,445.2413024902344,6.921188831329346,138.83065795898438,115.10067749023438,0.796258270740509,1,6,-1
95,810,439.3977355957031,6.559597015380859,143.32046508789062,114.79638671875,0.8442011475563049,1,6,-1
96,810,435.5654296875,6.102754592895508,146.53179931640625,115.49148559570312,0.875682532787323,1,6,-1
97,810,435.1999206542969,5.673084735870361,146.37936401367188,115.14764404296875,0.8722050189971924,1,6,-1
98,810,436.3511962890625,5.137850284576416,145.36651611328125,113.74905395507812,0.8513544201850891,1,6,-1
99,810,434.53497314453125,4.752053737640381,147.1536865234375,114.08023071289062,0.8398396968841553,1,6,-1
100,810,435.44635009765625,4.097713470458984,146.28515625,113.53500366210938,0.8603649139404297,1,6,-1
101,810,435.02691650390625,3.6815109252929688,146.91546630859375,112.02120208740234,0.8289355635643005,1,6,-1
101,813,776.6874389648438,18.92737579345703,42.64044189453125,36.44841003417969,0.5411760807037354,1,6,-1
102,810,435.7500305175781,3.1719284057617188,146.37844848632812,111.94608306884766,0.8090761303901672,1,6,-1
103,810,435.300537109375,2.4542202949523926,147.5013427734375,110.26414489746094,0.7666524052619934,1,6,-1
103,813,778.0744018554688,15.715482711791992,41.19171142578125,37.81330108642578,0.5178921222686768,1,6,-1
104,810,437.24688720703125,1.8908638954162598,146.71002197265625,109.7528076171875,0.6917375326156616,1,6,-1
105,810,441.1307067871094,1.5649019479751587,144.21060180664062,108.79391479492188,0.7697407603263855,1,6,-1
106,810,449.9949951171875,1.2125803232192993,135.43670654296875,107.7501449584961,0.6784343123435974,1,6,-1
107,810,448.2694091796875,0.9651305675506592,138.56884765625,106.74810791015625,0.7272468209266663,1,6,-1
108,810,456.0026550292969,0.8322193026542664,132.02572631835938,105.87232971191406,0.6625335812568665,1,6,-1
109,810,451.9784240722656,0.7435724139213562,136.47000122070312,105.60485076904297,0.5999770760536194,1,6,-1
110,810,462.72796630859375,0.8066543340682983,126.6260986328125,105.23908233642578,0.6713552474975586,1,6,-1
110,813,783.5653686523438,4.649036407470703,40.72576904296875,37.727718353271484,0.5034107565879822,1,6,-1
112,810,468.8892517089844,1.2925643920898438,123.72903442382812,104.64970397949219,0.7218496799468994,1,6,-1
113,810,459.5093994140625,1.5963177680969238,135.0098876953125,105.32042694091797,0.6422008872032166,1,6,-1
114,810,463.1141662597656,1.766028881072998,132.90542602539062,106.00772094726562,0.7081705927848816,1,6,-1
115,810,462.3404235839844,1.6297906637191772,135.61575317382812,106.30572509765625,0.7368344664573669,1,6,-1
116,810,454.4358215332031,1.3574165105819702,145.45974731445312,106.69151306152344,0.8065535426139832,1,6,-1
116,814,0.578083336353302,110.5459213256836,33.83945083618164,209.48867797851562,0.6383136510848999,1,17,-1
117,810,452.7252502441406,1.218252420425415,149.94241333007812,107.35426330566406,0.7823787927627563,1,6,-1
117,814,0.9565308094024658,101.78939819335938,38.30103302001953,230.20089721679688,0.6838647723197937,1,17,-1
118,810,453.44049072265625,1.5738128423690796,150.98541259765625,107.65824890136719,0.6627269983291626,1,6,-1
118,814,0.9562622308731079,89.67742156982422,45.14268493652344,252.53982543945312,0.7010453343391418,1,17,-1
119,810,459.0197448730469,1.779374122619629,147.64547729492188,109.25887298583984,0.7260262966156006,1,6,-1
119,814,0.8964724540710449,79.44873809814453,53.55869674682617,273.7088623046875,0.8057889938354492,1,17,-1
120,810,461.9383239746094,2.0751705169677734,148.08053588867188,110.32270812988281,0.7624703645706177,1,6,-1
120,814,0.9173616170883179,69.14069366455078,60.431095123291016,293.58282470703125,0.7693901658058167,1,17,-1
120,813,803.4434204101562,11.63032054901123,42.72650146484375,41.104610443115234,0.5081096291542053,1,6,-1
121,810,476.7215576171875,3.0898051261901855,136.03033447265625,110.69263458251953,0.6833555102348328,1,6,-1
121,814,1.0199427604675293,57.991119384765625,67.81338500976562,316.8706359863281,0.7810277342796326,1,17,-1
122,810,480.9902038574219,3.933208465576172,134.41641235351562,112.24566650390625,0.7696459293365479,1,6,-1
122,814,0.9629932641983032,49.40750503540039,76.57898712158203,334.20343017578125,0.6707140207290649,1,17,-1
123,810,475.685791015625,4.486095428466797,141.569580078125,112.529541015625,0.8545562624931335,1,6,-1
123,814,1.3900659084320068,39.2690315246582,83.93119049072266,353.4169616699219,0.849254310131073,1,17,-1
124,810,476.4866638183594,4.786475658416748,143.15438842773438,114.26771545410156,0.8531157970428467,1,6,-1
124,814,1.51212739944458,29.957902908325195,91.88775634765625,370.6042785644531,0.7929080724716187,1,17,-1
125,810,475.8696594238281,4.954347610473633,145.97982788085938,115.359130859375,0.8456299901008606,1,6,-1
125,814,1.6521697044372559,15.692144393920898,101.04022979736328,393.8717346191406,0.7007488012313843,1,17,-1
126,810,477.50311279296875,5.402572154998779,148.0594482421875,114.86439514160156,0.8067977428436279,1,6,-1
126,814,1.6589787006378174,6.997344493865967,108.90786743164062,410.5346984863281,0.7826428413391113,1,17,-1
127,810,481.0710144042969,5.504104137420654,146.75521850585938,115.52022552490234,0.8403894901275635,1,6,-1
128,810,486.2333068847656,5.743104457855225,144.17062377929688,115.65254211425781,0.7873165011405945,1,6,-1
128,814,2.053360939025879,0.9703060984611511,123.1521224975586,429.9368896484375,0.6653937697410583,1,17,-1
129,810,487.9342956542969,6.154336929321289,145.86544799804688,115.69611358642578,0.737372100353241,1,6,-1
129,814,3.0830347537994385,3.5950324535369873,130.64657592773438,434.2888488769531,0.6606816053390503,1,17,-1
130,810,491.9162902832031,6.295703887939453,145.34054565429688,116.1873779296875,0.7302120923995972,1,6,-1
131,810,494.61883544921875,6.120946407318115,146.14434814453125,116.99628448486328,0.646001935005188,1,6,-1
131,814,3.7011218070983887,2.720344066619873,148.02536010742188,449.2525329589844,0.5046507120132446,1,17,-1
132,810,496.674072265625,6.356815338134766,146.89599609375,117.26187133789062,0.5875701308250427,1,6,-1
132,814,3.5955724716186523,2.381089210510254,156.2437286376953,457.5096435546875,0.6185795068740845,1,17,-1
133,810,498.9410705566406,6.4016194343566895,146.87094116210938,118.7042236328125,0.5900197625160217,1,6,-1
134,810,501.13555908203125,6.042939186096191,147.0882568359375,119.7362060546875,0.5537430644035339,1,6,-1
134,814,3.5460381507873535,3.5442779064178467,173.78558349609375,472.87432861328125,0.7711772918701172,1,17,-1
135,810,503.9368896484375,5.756089210510254,147.155517578125,120.19908142089844,0.6578456163406372,1,6,-1
135,814,3.0579307079315186,3.864420175552368,183.4576416015625,480.6962890625,0.7247304916381836,1,17,-1
136,810,507.35260009765625,6.045854091644287,146.7933349609375,120.33631134033203,0.5629955530166626,1,6,-1
137,810,509.9436340332031,6.213005065917969,146.50552368164062,119.71795654296875,0.651572048664093,1,6,-1
137,814,3.1382346153259277,4.738139629364014,198.88914489746094,495.0401916503906,0.6973152756690979,1,17,-1
138,810,511.42999267578125,5.899124622344971,148.46527099609375,119.72496032714844,0.7892735004425049,1,6,-1
138,814,2.740797519683838,4.606723308563232,206.84832763671875,501.75469970703125,0.6851702928543091,1,17,-1
139,810,514.5800170898438,5.425078868865967,148.6898193359375,119.65447235107422,0.7515833377838135,1,6,-1
139,814,2.4916598796844482,4.1548261642456055,216.49806213378906,512.844482421875,0.6548960208892822,1,17,-1
140,810,517.4893798828125,5.092835903167725,146.717041015625,120.17552185058594,0.7434391379356384,1,6,-1
141,810,519.489501953125,5.401880264282227,146.38775634765625,120.5181655883789,0.7251091003417969,1,6,-1
142,810,521.4275512695312,5.204555511474609,146.638916015625,121.39973449707031,0.6605047583580017,1,6,-1
143,810,522.9752197265625,4.537906169891357,146.13330078125,123.62747192382812,0.6092901229858398,1,6,-1
144,810,524.8853149414062,4.157696723937988,146.38104248046875,125.70651245117188,0.8372241258621216,1,6,-1
145,810,527.0975952148438,4.004944324493408,146.683837890625,126.96125793457031,0.7368385791778564,1,6,-1
146,810,528.7391357421875,3.4785594940185547,146.54461669921875,128.4770965576172,0.7923374176025391,1,6,-1
147,810,530.607177734375,2.807670831680298,147.31427001953125,129.65811157226562,0.7518020868301392,1,6,-1
148,810,531.0723876953125,1.9929590225219727,148.45709228515625,131.15330505371094,0.6889995336532593,1,6,-1
149,810,532.8323364257812,2.4673304557800293,147.700439453125,131.7518310546875,0.6628168821334839,1,6,-1
150,814,2.7069106101989746,4.112295150756836,297.81634521484375,601.6359252929688,0.5130492448806763,1,17,-1
152,810,538.1478271484375,2.6542375087738037,150.96417236328125,135.7662353515625,0.6308452486991882,1,6,-1
153,810,541.3897094726562,2.7129504680633545,148.8470458984375,137.2942352294922,0.6265410780906677,1,6,-1
153,814,2.5003864765167236,3.232192039489746,318.4371337890625,627.8902587890625,0.6310543417930603,1,17,-1
154,810,543.4354858398438,2.909874200820923,147.77655029296875,138.01641845703125,0.6594319343566895,1,6,-1
154,814,1.7740814685821533,2.5400705337524414,324.34375,636.4276733398438,0.5869661569595337,1,17,-1
155,810,543.6378173828125,3.914133310317993,148.4144287109375,138.6759490966797,0.6774992346763611,1,6,-1
155,814,2.907413959503174,2.962022304534912,331.04510498046875,642.75048828125,0.5162453651428223,1,17,-1
156,810,545.1033935546875,3.9597506523132324,147.4910888671875,140.1182861328125,0.5058264136314392,1,6,-1
158,814,3.97930645942688,3.7794525623321533,347.395263671875,670.4021606445312,0.5287803411483765,1,17,-1
158,810,549.1674194335938,5.898777961730957,145.91522216796875,138.74583435058594,0.5624015927314758,1,6,-1
166,814,4.099879264831543,2.4669923782348633,394.21429443359375,790.45361328125,0.5323361158370972,1,17,-1
173,814,20.847484588623047,4.796496868133545,423.9893798828125,1054.9132080078125,0.6284416913986206,1,17,-1
174,814,30.830730438232422,4.543920040130615,418.8806457519531,1074.2181396484375,0.5538275837898254,1,17,-1
175,814,43.7662467956543,4.167654037475586,412.4750061035156,1075.8323974609375,0.70406574010849,1,17,-1
176,814,45.97269821166992,3.57108211517334,413.50299072265625,1076.428955078125,0.7685470581054688,1,17,-1
178,814,61.320735931396484,6.156339645385742,406.3401184082031,1073.8436279296875,0.7997644543647766,1,17,-1
179,814,68.79450225830078,6.368198871612549,401.5181579589844,1073.6318359375,0.7034403681755066,1,17,-1
180,814,70.7385482788086,6.829105377197266,400.89813232421875,1070.8487548828125,0.8291862607002258,1,17,-1
182,814,66.45036315917969,6.475444316864014,403.7242431640625,1071.748779296875,0.7530947923660278,1,17,-1
184,814,66.45215606689453,6.395443439483643,406.12158203125,1072.4149169921875,0.6165562868118286,1,17,-1
185,814,62.16150665283203,4.706683158874512,408.7783203125,1073.1282958984375,0.6827001571655273,1,17,-1
193,814,68.4218521118164,4.114822864532471,416.5613098144531,1073.578125,0.592153787612915,1,17,-1
194,814,69.82713317871094,3.2735259532928467,418.481689453125,1073.5653076171875,0.509486734867096,1,17,-1
195,814,72.81797790527344,2.90655779838562,419.0545654296875,1072.38134765625,0.8675674200057983,1,17,-1
196,814,74.67693328857422,2.077728509902954,419.7262878417969,1072.8963623046875,0.8709597587585449,1,17,-1
197,814,74.9070053100586,2.3668017387390137,422.8976135253906,1071.747314453125,0.6733049154281616,1,17,-1
198,814,78.79985046386719,4.057549476623535,422.07049560546875,1067.9495849609375,0.8213813304901123,1,17,-1
199,814,82.08325958251953,5.995116233825684,421.1855163574219,1065.912841796875,0.7665647864341736,1,17,-1
200,814,87.27925109863281,9.425475120544434,419.92657470703125,1062.9708251953125,0.6424935460090637,1,17,-1
201,814,93.38909149169922,12.212478637695312,418.6708984375,1060.97265625,0.5540429353713989,1,17,-1
202,814,99.0064468383789,14.900911331176758,417.1410827636719,1059.081298828125,0.6411466002464294,1,17,-1
203,814,104.24981689453125,16.562347412109375,415.85345458984375,1057.1793212890625,0.642030656337738,1,17,-1
207,814,126.99784851074219,27.147987365722656,411.91204833984375,1047.8048095703125,0.5820568203926086,1,17,-1
209,814,137.96827697753906,30.641695022583008,410.2373046875,1043.557373046875,0.7718948125839233,1,17,-1
210,814,143.9490966796875,31.941146850585938,407.91827392578125,1042.4749755859375,0.8252645134925842,1,17,-1
211,814,149.6634063720703,33.04705047607422,409.0867919921875,1041.4193115234375,0.523614227771759,1,17,-1
212,814,157.97584533691406,33.99319076538086,407.52203369140625,1040.037353515625,0.7748545408248901,1,17,-1
213,814,166.92263793945312,35.87211990356445,405.5272521972656,1038.3380126953125,0.6187410950660706,1,17,-1
214,814,172.92718505859375,39.05718994140625,403.7584228515625,1035.300048828125,0.5753273963928223,1,17,-1
215,814,179.90916442871094,41.33162307739258,403.77142333984375,1032.349365234375,0.7936728000640869,1,17,-1
216,814,189.26174926757812,42.561275482177734,400.4493713378906,1031.66943359375,0.7544651031494141,1,17,-1
217,814,197.75143432617188,42.553585052490234,397.8863830566406,1032.797119140625,0.5647153258323669,1,17,-1
218,814,205.8262176513672,43.58440017700195,395.6895751953125,1031.283447265625,0.6659017205238342,1,17,-1
219,814,215.17654418945312,44.3118896484375,394.7007751464844,1030.636962890625,0.5879132747650146,1,17,-1
220,814,224.58029174804688,45.295841217041016,391.9413146972656,1029.33056640625,0.5663143992424011,1,17,-1
223,814,254.47508239746094,53.73576354980469,385.8480224609375,1020.9942016601562,0.7758203744888306,1,17,-1
224,814,263.6778869628906,57.09352111816406,382.9008483886719,1017.8577880859375,0.7008513808250427,1,17,-1
225,814,270.54010009765625,58.744327545166016,380.51080322265625,1016.3361206054688,0.7692393064498901,1,17,-1
229,814,309.2171630859375,73.06098175048828,373.56781005859375,1000.7644653320312,0.6065828800201416,1,17,-1
230,814,316.7543640136719,74.00985717773438,372.4717712402344,1003.3173828125,0.5932316780090332,1,17,-1
237,814,378.0955810546875,78.17578887939453,404.02703857421875,996.359130859375,0.5906237959861755,1,17,-1
238,814,387.0440673828125,74.94330596923828,398.93707275390625,1000.5526733398438,0.7043511271476746,1,17,-1
239,814,403.7322998046875,79.12686920166016,380.3944091796875,996.9031372070312,0.7832094430923462,1,17,-1
242,814,441.4332275390625,74.08235168457031,360.517333984375,999.3241577148438,0.5862353444099426,1,17,-1
243,814,449.5293273925781,72.81370544433594,350.3210144042969,1000.694091796875,0.6779879331588745,1,17,-1
244,814,462.23809814453125,70.16775512695312,342.966552734375,1005.2088623046875,0.5397011637687683,1,17,-1
249,814,497.9438781738281,68.18084716796875,339.6446838378906,1003.2009887695312,0.5466660261154175,1,17,-1
252,814,542.3116455078125,68.06278991699219,313.37066650390625,1006.1176147460938,0.6732752919197083,1,17,-1
253,814,559.0443115234375,66.99824523925781,302.77301025390625,1008.9563598632812,0.6865162253379822,1,17,-1
254,814,575.6242065429688,67.73748016357422,290.7821044921875,1008.6734008789062,0.6219704151153564,1,17,-1
255,814,588.2205810546875,66.49991607666016,285.18572998046875,1011.4896850585938,0.5933545231819153,1,17,-1
256,814,596.7936401367188,64.66067504882812,281.12493896484375,1015.1600341796875,0.5485360622406006,1,17,-1
257,814,606.9302978515625,63.51182174682617,278.26580810546875,1015.230224609375,0.5219168663024902,1,17,-1
260,814,625.5307006835938,64.36150360107422,283.32171630859375,1014.9087524414062,0.7940354943275452,1,17,-1
261,814,639.5855712890625,63.8826789855957,274.99664306640625,1014.9024658203125,0.5952211022377014,1,17,-1
262,814,653.543212890625,63.074066162109375,268.7095947265625,1016.9259033203125,0.6965182423591614,1,17,-1
263,814,661.1658935546875,62.92588424682617,267.147705078125,1016.78564453125,0.745402991771698,1,17,-1
264,814,659.208740234375,63.83069610595703,273.67059326171875,1015.5408935546875,0.7269632816314697,1,17,-1
267,814,677.3075561523438,63.25907516479492,276.66729736328125,1016.7409057617188,0.6616314649581909,1,17,-1
268,814,684.0120239257812,62.5345458984375,274.166748046875,1017.089111328125,0.7289878129959106,1,17,-1
269,814,688.9215087890625,62.51334762573242,277.58905029296875,1017.4866333007812,0.6018469333648682,1,17,-1
270,814,693.7547607421875,61.213687896728516,280.388916015625,1018.7863159179688,0.8138117790222168,1,17,-1
271,814,699.7301635742188,61.16796112060547,278.4466552734375,1016.8193359375,0.6959009170532227,1,17,-1
273,814,712.1459350585938,62.967262268066406,282.7303466796875,1017.03271484375,0.6506352424621582,1,17,-1
276,814,720.9810791015625,59.81058120727539,292.47796630859375,1019.0617065429688,0.6449849605560303,1,17,-1
277,814,726.0501708984375,58.582069396972656,297.604248046875,1021.4179077148438,0.5366432666778564,1,17,-1
278,814,739.5753173828125,60.9976921081543,289.594970703125,1019.0023193359375,0.5664979815483093,1,17,-1
294,815,912.690185546875,206.84686279296875,217.7396240234375,873.1531372070312,0.5176194310188293,1,17,-1
295,815,918.1840209960938,209.85626220703125,221.42144775390625,870.1437377929688,0.8061297535896301,1,17,-1
296,815,926.3296508789062,209.4487762451172,218.25421142578125,870.5512084960938,0.7254520654678345,1,17,-1
297,815,933.4619750976562,214.1909942626953,217.24847412109375,865.8090209960938,0.6778813004493713,1,17,-1
301,815,962.8824462890625,236.09861755371094,208.235595703125,843.9013671875,0.550634503364563,1,17,-1
302,815,967.8113403320312,240.90110778808594,207.15887451171875,837.8524169921875,0.7356649041175842,1,17,-1
303,815,975.1993408203125,248.21798706054688,205.1087646484375,829.321533203125,0.7671741247177124,1,17,-1
304,815,980.5499267578125,253.69918823242188,207.06884765625,826.30078125,0.6547893285751343,1,17,-1
305,815,988.0208129882812,256.75421142578125,204.36712646484375,823.2457885742188,0.7035638093948364,1,17,-1
306,815,992.8825073242188,260.8095397949219,205.40118408203125,819.1904296875,0.7720968127250671,1,17,-1
307,815,1000.4754638671875,268.6139831542969,200.2374267578125,810.1131591796875,0.6710431575775146,1,17,-1
308,815,1005.9462280273438,276.0345153808594,201.41180419921875,803.9654541015625,0.7312496900558472,1,17,-1
309,815,1012.2982177734375,280.11181640625,200.73779296875,799.88818359375,0.8116868138313293,1,17,-1
310,815,1015.9783325195312,285.9889221191406,200.80523681640625,794.0111083984375,0.8319892287254333,1,17,-1
311,815,1020.6495971679688,294.9807434082031,200.43145751953125,785.019287109375,0.6777359843254089,1,17,-1
312,815,1026.4256591796875,304.0897521972656,197.8748779296875,775.9102783203125,0.7715383172035217,1,17,-1
313,815,1035.364990234375,307.3307800292969,193.7110595703125,772.669189453125,0.5913777947425842,1,17,-1
314,815,1040.2637939453125,316.5409240722656,194.4144287109375,763.4591064453125,0.6216856837272644,1,17,-1
315,815,1044.132080078125,327.3974304199219,194.5628662109375,752.6025390625,0.6318333745002747,1,17,-1
316,815,1049.5147705078125,333.6480712890625,192.9451904296875,742.5384521484375,0.7123355269432068,1,17,-1
317,815,1052.92822265625,338.0023498535156,193.777099609375,740.93212890625,0.6079813241958618,1,17,-1
318,815,1059.0521240234375,345.48211669921875,190.5662841796875,734.3971557617188,0.5767875909805298,1,17,-1
319,815,1062.10986328125,353.021484375,191.5753173828125,726.883056640625,0.6729193925857544,1,17,-1
320,815,1071.1715087890625,356.9300231933594,187.192626953125,722.652099609375,0.5476815104484558,1,17,-1
322,815,1081.5074462890625,374.2364807128906,183.9857177734375,705.7635498046875,0.5795528292655945,1,17,-1
323,815,1084.43603515625,377.12030029296875,184.43505859375,702.8796997070312,0.6066057682037354,1,17,-1
326,815,1099.17626953125,395.3310546875,180.615234375,684.6689453125,0.5860105752944946,1,17,-1
327,815,1103.18505859375,401.9251708984375,180.4210205078125,678.0748291015625,0.6108759045600891,1,17,-1
328,815,1106.747802734375,410.0994873046875,179.524658203125,669.9005126953125,0.5993011593818665,1,17,-1
329,815,1112.1875,420.3477478027344,176.6036376953125,659.6522216796875,0.6445463299751282,1,17,-1
330,815,1118.69482421875,426.7523498535156,172.84619140625,652.204345703125,0.5462661385536194,1,17,-1
331,815,1121.5618896484375,436.54986572265625,173.57080078125,643.4501342773438,0.6367911696434021,1,17,-1
332,815,1124.5460205078125,447.4539794921875,173.2215576171875,631.0870361328125,0.5622184872627258,1,17,-1
333,815,1130.5625,454.8288879394531,173.685546875,625.171142578125,0.5931529998779297,1,17,-1
334,815,1135.612548828125,463.686279296875,174.9947509765625,616.313720703125,0.5443316698074341,1,17,-1
335,815,1140.057861328125,471.9173889160156,176.502197265625,608.0826416015625,0.6369377374649048,1,17,-1
336,815,1147.0159912109375,478.5217590332031,173.8636474609375,601.478271484375,0.5821876525878906,1,17,-1
337,815,1158.09130859375,486.9522705078125,167.4112548828125,593.0477294921875,0.702716588973999,1,17,-1
338,815,1163.137939453125,493.2926330566406,168.806884765625,586.7073974609375,0.7360997796058655,1,17,-1
339,815,1168.4718017578125,498.3360595703125,169.011474609375,581.6639404296875,0.8124415874481201,1,17,-1
340,815,1175.1201171875,506.7434997558594,168.995849609375,573.2564697265625,0.7826657295227051,1,17,-1
341,815,1181.908935546875,518.0236206054688,168.851318359375,561.9673461914062,0.7968287467956543,1,17,-1
342,815,1188.49853515625,522.4107055664062,169.032470703125,557.4631958007812,0.833078920841217,1,17,-1
343,815,1198.0771484375,527.3990478515625,166.379150390625,552.340576171875,0.8298049569129944,1,17,-1
344,815,1207.6705322265625,533.6500244140625,163.136474609375,545.962158203125,0.802627444267273,1,17,-1
345,815,1213.7821044921875,539.2808837890625,166.3126220703125,539.7476806640625,0.6229130625724792,1,17,-1
346,815,1222.7154541015625,544.1192626953125,165.480712890625,534.9898681640625,0.5464615225791931,1,17,-1
351,815,1263.9451904296875,565.3229370117188,163.0701904296875,514.6770629882812,0.6254240274429321,1,17,-1
352,815,1273.4141845703125,566.9173583984375,160.991455078125,513.0826416015625,0.7725884914398193,1,17,-1
353,815,1279.9625244140625,569.1595458984375,161.4375,510.02099609375,0.5776708126068115,1,17,-1
355,815,1299.7296142578125,570.097900390625,158.7261962890625,509.902099609375,0.5734768509864807,1,17,-1
363,815,1373.4822998046875,584.3897094726562,152.03173828125,495.61029052734375,0.6585017442703247,1,17,-1
374,815,1464.5501708984375,616.5912475585938,146.43310546875,463.40875244140625,0.5486918091773987,1,17,-1
381,815,1516.1644287109375,642.1181640625,148.4541015625,437.8818359375,0.527050256729126,1,13,-1
387,815,1553.215576171875,662.77197265625,144.7738037109375,417.1971435546875,0.5284545421600342,1,6,-1
389,815,1560.7064208984375,669.9777221679688,137.271484375,270.18280029296875,0.5374871492385864,1,6,-1
394,815,1573.725341796875,696.9668579101562,135.3472900390625,235.47186279296875,0.5396689176559448,1,12,-1
397,815,1583.7900390625,715.9176025390625,133.7008056640625,228.8363037109375,0.6361010670661926,1,6,-1
398,815,1585.3155517578125,724.0399780273438,134.3408203125,234.08612060546875,0.6478186845779419,1,6,-1
403,815,1595.4483642578125,760.1928100585938,134.274169921875,311.95501708984375,0.5895882844924927,1,12,-1
404,815,1597.0628662109375,768.5802612304688,134.065673828125,311.41973876953125,0.618755042552948,1,12,-1
405,815,1598.489990234375,776.3179931640625,134.0330810546875,303.6820068359375,0.6298419237136841,1,12,-1
407,815,1599.9051513671875,793.103271484375,134.67578125,286.896728515625,0.518550455570221,1,12,-1
410,815,1603.273681640625,818.515869140625,134.7320556640625,251.2640380859375,0.7635701894760132,1,6,-1
414,815,1608.910400390625,849.9429931640625,135.6138916015625,226.3817138671875,0.5624809265136719,1,17,-1
416,815,1614.718017578125,866.8067016601562,135.4090576171875,213.19329833984375,0.570054829120636,1,17,-1
417,815,1618.4310302734375,874.5383911132812,134.7945556640625,205.46160888671875,0.8593603372573853,1,17,-1
418,815,1621.967041015625,881.6058959960938,135.47314453125,198.39410400390625,0.7070378065109253,1,17,-1
420,815,1631.4537353515625,896.306884765625,134.9744873046875,183.693115234375,0.5940185189247131,1,17,-1
421,815,1635.212890625,904.308837890625,135.296875,175.691162109375,0.5198379158973694,1,17,-1
422,815,1640.03369140625,911.1033935546875,134.95361328125,168.7098388671875,0.5800021886825562,1,17,-1
423,815,1644.744140625,918.0691528320312,135.865966796875,161.48321533203125,0.8127661943435669,1,17,-1
424,815,1649.68408203125,924.4242553710938,136.1171875,154.66168212890625,0.7984961867332458,1,17,-1
425,815,1654.477783203125,929.68017578125,136.5283203125,149.005615234375,0.8575930595397949,1,17,-1
426,815,1658.8780517578125,933.0979614257812,137.01318359375,145.43084716796875,0.8381788730621338,1,17,-1
427,815,1662.9613037109375,938.6317138671875,137.71484375,140.3167724609375,0.7945778369903564,1,17,-1
428,815,1667.0374755859375,942.39306640625,139.1253662109375,136.4185791015625,0.7456191182136536,1,17,-1
429,815,1672.1474609375,945.27001953125,139.282470703125,133.502685546875,0.7639405131340027,1,17,-1
430,815,1677.963623046875,948.2767944335938,138.580078125,130.61273193359375,0.7974845767021179,1,17,-1
431,815,1682.6334228515625,951.0182495117188,139.6396484375,127.82464599609375,0.735671877861023,1,17,-1
432,815,1687.78759765625,952.5430908203125,140.3388671875,126.2857666015625,0.7302029132843018,1,17,-1
433,815,1692.2818603515625,953.6776123046875,141.332275390625,125.1668701171875,0.8062225580215454,1,17,-1
434,815,1698.586181640625,954.7575073242188,140.9775390625,123.99212646484375,0.8126707077026367,1,17,-1
435,815,1704.381103515625,955.9185791015625,140.8924560546875,122.841064453125,0.8332349061965942,1,17,-1
436,815,1710.1898193359375,957.9490966796875,141.964599609375,121.009521484375,0.8852607011795044,1,17,-1
437,815,1715.55859375,959.6629638671875,142.533203125,119.5726318359375,0.8934076428413391,1,17,-1
438,815,1722.460205078125,961.2105712890625,142.468017578125,118.1378173828125,0.8927205204963684,1,17,-1
439,815,1729.4764404296875,962.8460083007812,142.2091064453125,116.63800048828125,0.8599836230278015,1,17,-1
440,815,1735.932373046875,965.0235595703125,142.7314453125,114.6314697265625,0.845741331577301,1,17,-1
440,816,928.7813110351562,263.2743225097656,145.43255615234375,163.00091552734375,0.5306531190872192,1,6,-1
441,815,1741.7467041015625,967.6507568359375,143.5079345703125,112.1324462890625,0.8317019939422607,1,17,-1
442,815,1747.7408447265625,969.1784057617188,143.6763916015625,110.75970458984375,0.847554087638855,1,17,-1
443,815,1754.722412109375,971.95751953125,143.5516357421875,108.04248046875,0.8453925848007202,1,17,-1
444,815,1761.434326171875,974.4267578125,145.2962646484375,105.5732421875,0.8324851393699646,1,17,-1
445,815,1768.3377685546875,976.0057373046875,147.9134521484375,103.9942626953125,0.7021452784538269,1,17,-1
446,815,1775.6673583984375,977.9951782226562,144.3326416015625,101.98492431640625,0.5968102216720581,1,17,-1
447,815,1782.6939697265625,979.5867309570312,137.3060302734375,100.33282470703125,0.6883739233016968,1,17,-1
448,815,1790.2432861328125,980.853515625,129.7567138671875,98.7469482421875,0.7155404686927795,1,17,-1
449,815,1798.4488525390625,983.973876953125,121.5511474609375,95.6107177734375,0.567602813243866,1,17,-1
450,815,1806.19677734375,986.706787109375,113.80322265625,92.29736328125,0.6469495892524719,1,17,-1
451,815,1813.519287109375,988.2611694335938,106.480712890625,90.39239501953125,0.5903270244598389,1,17,-1
452,815,1822.1546630859375,989.6848754882812,97.8453369140625,88.80657958984375,0.5906325578689575,1,17,-1
453,815,1830.0174560546875,990.1751708984375,89.9825439453125,88.5052490234375,0.6872494220733643,1,17,-1
454,815,1837.488525390625,990.9534912109375,82.511474609375,87.896728515625,0.6922612190246582,1,17,-1
455,815,1845.344482421875,990.4261474609375,74.6353759765625,88.690185546875,0.6836719512939453,1,17,-1
456,815,1853.542236328125,990.290771484375,66.2467041015625,88.9971923828125,0.653043270111084,1,17,-1
457,815,1861.026123046875,989.3655395507812,58.7127685546875,89.89349365234375,0.6112514138221741,1,17,-1
458,815,1868.46142578125,989.0228881835938,50.7205810546875,90.07122802734375,0.5645423531532288,1,17,-1
