2,719,595.3069458007812,980.8291015625,76.2364501953125,98.58349609375,0.6639624834060669,1,5,-1
3,719,596.3961181640625,981.6665649414062,76.17120361328125,97.93023681640625,0.7265017628669739,1,5,-1
4,719,596.6329956054688,982.5,77.1199951171875,97.5,0.7461820244789124,1,5,-1
5,719,597.0047607421875,983.056884765625,77.68389892578125,96.834716796875,0.7528747916221619,1,5,-1
6,719,596.6587524414062,984.3143310546875,78.72784423828125,95.4595947265625,0.7400382161140442,1,5,-1
7,719,596.2108154296875,986.5940551757812,78.9403076171875,93.09259033203125,0.7181185483932495,1,5,-1
8,719,594.4297485351562,988.9315795898438,79.5771484375,90.65789794921875,0.7318440675735474,1,5,-1
9,719,591.9302368164062,992.223388671875,79.854248046875,87.2232666015625,0.7309231758117676,1,5,-1
10,719,590.6511840820312,995.2506103515625,78.7860107421875,84.0504150390625,0.7270092964172363,1,5,-1
11,719,588.1464233398438,997.6510009765625,79.70050048828125,81.64111328125,0.7056673765182495,1,5,-1
12,719,587.7463989257812,1000.0133666992188,80.23406982421875,79.43048095703125,0.7051417827606201,1,5,-1
13,719,586.229736328125,1002.511962890625,80.6689453125,77.074462890625,0.7034975290298462,1,5,-1
14,719,585.7163696289062,1004.1279907226562,80.27252197265625,75.23760986328125,0.6954978108406067,1,5,-1
15,719,584.4056396484375,1005.6746215820312,80.7352294921875,73.72796630859375,0.7266230583190918,1,5,-1
16,719,582.8421630859375,1006.5042724609375,81.5784912109375,73.2489013671875,0.7328133583068848,1,5,-1
17,719,582.6383666992188,1006.9403076171875,80.722900390625,72.737060546875,0.7345057725906372,1,5,-1
18,719,581.9712524414062,1007.2819213867188,80.80267333984375,72.25311279296875,0.7470279932022095,1,5,-1
19,719,580.5899047851562,1007.4978637695312,81.8536376953125,71.98968505859375,0.7503239512443542,1,5,-1
20,719,580.0030517578125,1007.4974975585938,82.29412841796875,71.87872314453125,0.7489590644836426,1,5,-1
21,719,579.697265625,1007.6080322265625,82.70355224609375,71.826416015625,0.7462955713272095,1,5,-1
22,719,579.62109375,1007.5233764648438,82.64129638671875,71.95867919921875,0.7387130260467529,1,5,-1
23,719,579.6970825195312,1007.269287109375,82.7237548828125,72.253662109375,0.7389022707939148,1,5,-1
24,719,579.866943359375,1007.17919921875,82.958740234375,72.323974609375,0.7425317168235779,1,5,-1
25,719,580.0184326171875,1006.9259643554688,82.89605712890625,72.59893798828125,0.7432932257652283,1,5,-1
26,719,580.145263671875,1006.6543579101562,82.87225341796875,72.87420654296875,0.7469322681427002,1,5,-1
27,719,580.501708984375,1006.5398559570312,82.47406005859375,72.99420166015625,0.724895715713501,1,5,-1
28,719,580.7176513671875,1006.0101928710938,82.39410400390625,73.51434326171875,0.7453312277793884,1,5,-1
29,719,580.9207763671875,1005.5717163085938,82.41162109375,73.93389892578125,0.7338960766792297,1,5,-1
30,719,581.3035278320312,1004.9854125976562,82.397705078125,74.52655029296875,0.7470114231109619,1,5,-1
31,719,581.5233764648438,1004.4429321289062,82.8436279296875,74.94134521484375,0.7557017803192139,1,5,-1
32,719,581.8115844726562,1003.676513671875,82.99005126953125,75.658935546875,0.7129989266395569,1,5,-1
33,719,581.9005737304688,1002.6697387695312,82.80804443359375,76.58648681640625,0.7269888520240784,1,5,-1
34,719,581.8253784179688,999.986083984375,82.1151123046875,78.997802734375,0.7255684733390808,1,5,-1
35,719,581.0944213867188,997.5902099609375,82.15643310546875,81.154296875,0.7313228249549866,1,5,-1
36,719,580.19873046875,995.6844482421875,82.3541259765625,83.0279541015625,0.7674062252044678,1,5,-1
37,719,579.5187377929688,994.012939453125,83.067626953125,84.4351806640625,0.7695220112800598,1,5,-1
38,719,579.137939453125,991.4977416992188,83.37030029296875,87.08563232421875,0.7914149761199951,1,5,-1
39,719,578.9642333984375,990.3120727539062,84.0635986328125,88.23443603515625,0.7982054948806763,1,5,-1
40,719,579.1304931640625,989.6825561523438,83.967529296875,89.19464111328125,0.7864848375320435,1,5,-1
41,719,579.2603149414062,988.21826171875,83.74163818359375,90.6607666015625,0.7792617678642273,1,5,-1
42,719,579.54296875,986.4082641601562,83.9346923828125,92.61419677734375,0.7797831892967224,1,5,-1
43,719,579.6608276367188,985.02001953125,83.7100830078125,93.9150390625,0.7761386036872864,1,5,-1
44,719,579.7092895507812,983.6821899414062,83.84210205078125,95.31158447265625,0.7764472961425781,1,5,-1
45,719,579.7151489257812,982.092041015625,84.1007080078125,96.8529052734375,0.7377634644508362,1,5,-1
46,719,579.9306030273438,980.4708862304688,84.37823486328125,98.59173583984375,0.7425419092178345,1,5,-1
47,719,579.9164428710938,979.0934448242188,84.48980712890625,100.20770263671875,0.7171716690063477,1,5,-1
48,719,579.9593505859375,977.4869995117188,84.1907958984375,101.69696044921875,0.6976006627082825,1,5,-1
49,719,579.8609008789062,975.791748046875,83.8299560546875,103.613037109375,0.7112893462181091,1,5,-1
50,719,579.7921142578125,973.8748779296875,83.431884765625,105.48095703125,0.7003877758979797,1,5,-1
51,719,579.91064453125,972.7029418945312,82.77978515625,106.87213134765625,0.7233516573905945,1,5,-1
52,719,579.8502807617188,971.5645751953125,82.84820556640625,107.9169921875,0.6852385997772217,1,5,-1
53,719,579.810791015625,970.0390014648438,82.47369384765625,109.75128173828125,0.7281391620635986,1,5,-1
54,719,579.8695678710938,968.7713012695312,82.396240234375,110.89678955078125,0.7284495830535889,1,5,-1
55,719,578.9922485351562,967.8267211914062,83.7034912109375,111.87823486328125,0.6972669959068298,1,5,-1
56,719,577.7106323242188,967.4606323242188,84.9149169921875,112.39520263671875,0.7022832632064819,1,5,-1
57,719,577.3621826171875,966.7671508789062,84.19927978515625,113.22369384765625,0.7197467684745789,1,5,-1
58,719,577.4306030273438,966.6654052734375,83.71142578125,113.3345947265625,0.7174718379974365,1,5,-1
59,719,576.9279174804688,966.500244140625,83.9810791015625,113.402099609375,0.7260826230049133,1,5,-1
60,719,575.7721557617188,966.7394409179688,84.37127685546875,113.21881103515625,0.760308027267456,1,5,-1
61,719,575.083251953125,967.2203369140625,83.9718017578125,112.689453125,0.7656857371330261,1,5,-1
62,719,574.4570922851562,967.7528686523438,83.56695556640625,112.17498779296875,0.7554103136062622,1,5,-1
63,719,572.9447021484375,968.8816528320312,84.33404541015625,111.11834716796875,0.7687016129493713,1,5,-1
64,719,572.3632202148438,970.4230346679688,84.31878662109375,109.57696533203125,0.7573046088218689,1,5,-1
65,719,569.8295288085938,971.7786865234375,85.6771240234375,108.2213134765625,0.7511523962020874,1,5,-1
66,719,568.3145141601562,975.0597534179688,86.1832275390625,104.94024658203125,0.7614333629608154,1,5,-1
67,719,565.7384033203125,978.6405639648438,87.87396240234375,101.35943603515625,0.7538936734199524,1,5,-1
68,719,564.0388793945312,981.0686645507812,88.697998046875,98.93133544921875,0.7600246667861938,1,5,-1
69,719,562.0830078125,984.0771484375,89.99237060546875,95.9228515625,0.7693395614624023,1,5,-1
70,719,559.5428466796875,987.1557006835938,90.92987060546875,92.84429931640625,0.7887681722640991,1,5,-1
71,719,558.0574340820312,990.60693359375,90.53265380859375,89.39306640625,0.7358468770980835,1,5,-1
72,719,555.4921875,993.2344970703125,91.606689453125,86.6497802734375,0.7838018536567688,1,5,-1
73,719,554.2393798828125,995.5750122070312,91.537109375,83.96551513671875,0.767312228679657,1,5,-1
74,719,552.7244262695312,998.5789794921875,91.93072509765625,80.9967041015625,0.7430313229560852,1,5,-1
75,719,550.5884399414062,1001.950439453125,92.55584716796875,77.797119140625,0.7653940916061401,1,5,-1
76,719,548.5621337890625,1003.7426147460938,92.2757568359375,75.94805908203125,0.769378662109375,1,5,-1
77,719,546.4849243164062,1005.9576416015625,92.71380615234375,73.5601806640625,0.7658039331436157,1,5,-1
78,719,543.6725463867188,1008.0365600585938,92.791259765625,71.13739013671875,0.7632039189338684,1,5,-1
79,719,540.5520629882812,1009.6428833007812,93.018798828125,69.35382080078125,0.7433989644050598,1,5,-1
80,719,538.3071899414062,1012.4010009765625,93.13800048828125,66.7921142578125,0.7303454875946045,1,5,-1
81,719,534.9993896484375,1014.8292236328125,94.24090576171875,64.3267822265625,0.7136571407318115,1,5,-1
82,719,531.7327270507812,1017.9063110351562,94.97222900390625,61.31036376953125,0.6991132497787476,1,5,-1
83,719,529.1466674804688,1020.1416015625,94.241943359375,59.3616943359375,0.7252092957496643,1,5,-1
84,719,527.1768798828125,1022.1533203125,93.8504638671875,57.029541015625,0.700395941734314,1,5,-1
85,719,523.6375732421875,1024.2723388671875,94.89544677734375,54.3653564453125,0.693665087223053,1,5,-1
86,719,521.002197265625,1025.94482421875,95.29290771484375,52.102294921875,0.6922083497047424,1,5,-1
87,719,518.2745361328125,1027.6607666015625,94.323486328125,50.109619140625,0.6927106380462646,1,5,-1
88,719,515.2701416015625,1028.5091552734375,94.159912109375,49.2381591796875,0.6842707991600037,1,5,-1
89,719,512.1317749023438,1029.2039794921875,93.57666015625,49.1519775390625,0.6932127475738525,1,5,-1
90,719,509.03753662109375,1029.8587646484375,94.3485107421875,49.001953125,0.6784393191337585,1,5,-1
91,719,506.037841796875,1030.8353271484375,94.46124267578125,48.38623046875,0.6623051762580872,1,5,-1
92,719,503.53192138671875,1031.5394287109375,93.14093017578125,47.5810546875,0.6239671111106873,1,5,-1
93,719,501.02374267578125,1032.759033203125,93.49072265625,46.407470703125,0.6547037363052368,1,5,-1
94,719,497.98529052734375,1033.5589599609375,94.59832763671875,45.853759765625,0.6771359443664551,1,5,-1
95,719,494.60614013671875,1034.6448974609375,94.36236572265625,45.0162353515625,0.6796894669532776,1,5,-1
96,719,490.449951171875,1036.2266845703125,93.65106201171875,43.760009765625,0.6867071986198425,1,5,-1
97,719,485.9219665527344,1037.603271484375,93.79055786132812,42.396728515625,0.636421799659729,1,5,-1
98,719,481.187744140625,1038.76708984375,92.97686767578125,41.0113525390625,0.5822319388389587,1,5,-1
99,719,477.2567443847656,1039.9400634765625,91.92105102539062,39.67041015625,0.5972046256065369,1,5,-1
100,719,473.79534912109375,1041.9161376953125,92.72979736328125,37.6202392578125,0.5903387665748596,1,5,-1
132,721,364.4394836425781,1044.283203125,57.743133544921875,34.45556640625,0.6041660904884338,1,5,-1
133,721,367.220703125,1042.4239501953125,59.68865966796875,36.1766357421875,0.6612299680709839,1,5,-1
134,721,366.9668884277344,1040.76806640625,67.6297607421875,37.9688720703125,0.6479666233062744,1,5,-1
135,721,366.2703552246094,1038.6065673828125,72.71054077148438,40.4210205078125,0.6479163765907288,1,5,-1
136,721,368.0701599121094,1036.74658203125,88.2255859375,42.936279296875,0.6608861684799194,1,5,-1
137,721,371.24957275390625,1036.547607421875,86.14523315429688,43.452392578125,0.64628666639328,1,5,-1
139,721,376.7646789550781,1039.8251953125,68.46151733398438,40.1748046875,0.5517458915710449,1,5,-1
140,721,377.1039733886719,1042.87890625,61.95166015625,37.12109375,0.6205025911331177,1,5,-1
141,721,379.3152770996094,1045.4677734375,57.05413818359375,34.5322265625,0.5759038925170898,1,5,-1
160,722,350.0129699707031,844.9642944335938,120.51461791992188,139.28802490234375,0.5324607491493225,1,11,-1
163,722,337.5805358886719,846.7926025390625,124.06661987304688,143.96856689453125,0.5654686689376831,1,11,-1
180,722,281.48223876953125,871.6570434570312,138.25991821289062,161.66912841796875,0.5907644033432007,1,11,-1
181,722,278.7405090332031,870.5052490234375,140.14785766601562,171.28564453125,0.5190537571907043,1,11,-1
183,722,271.9919738769531,874.5789184570312,142.92752075195312,164.60552978515625,0.5860555768013,1,11,-1
186,722,263.91436767578125,883.9696044921875,142.3045654296875,162.240478515625,0.5291533470153809,1,11,-1
187,722,259.5462951660156,888.1268920898438,141.8189697265625,154.72576904296875,0.5342164635658264,1,11,-1
188,722,256.7662353515625,888.149169921875,144.98770141601562,156.429443359375,0.5810537338256836,1,11,-1
190,722,252.021240234375,889.9971313476562,147.0880126953125,170.09613037109375,0.6319770216941833,1,11,-1
191,722,249.41903686523438,891.6668090820312,146.95913696289062,175.86529541015625,0.5498917698860168,1,11,-1
192,722,246.8660430908203,891.0829467773438,149.29136657714844,175.18218994140625,0.5187161564826965,1,11,-1
193,722,245.1021270751953,892.4326782226562,149.73402404785156,174.29266357421875,0.5491393804550171,1,11,-1
194,722,243.54005432128906,893.9064331054688,150.5645294189453,175.39434814453125,0.5006177425384521,1,11,-1
195,722,242.1083984375,895.0352172851562,149.3487548828125,176.50006103515625,0.500096321105957,1,11,-1
