2,881,5.378953456878662,0.0761711448431015,996.2633666992188,1042.2781982421875,0.7935874462127686,1,2,-1
3,881,4.145520210266113,0.021698083728551865,994.3148193359375,1047.0660400390625,0.7861486077308655,1,2,-1
4,881,3.414842128753662,0.0,1003.7114868164062,1050.0113525390625,0.8156105279922485,1,2,-1
5,881,2.646480083465576,0.0,1003.452392578125,1057.3150634765625,0.8148744702339172,1,2,-1
6,881,2.456648111343384,0.2642737627029419,999.8995971679688,1060.8521728515625,0.811885416507721,1,2,-1
7,881,1.9822425842285156,0.23208215832710266,1005.8858032226562,1062.3154296875,0.8153926730155945,1,2,-1
8,881,0.7209065556526184,0.0,1016.6314086914062,1041.6134033203125,0.7986565232276917,1,2,-1
9,881,0.525364339351654,0.0,1011.60693359375,1041.6668701171875,0.7921324372291565,1,2,-1
10,881,0.8423934578895569,0.0,1011.551025390625,1034.0909423828125,0.7732105255126953,1,2,-1
11,881,0.5983079671859741,0.020152850076556206,1011.4669799804688,1007.4014892578125,0.7080265879631042,1,2,-1
12,881,0.8226935267448425,0.0,1006.2972412109375,1014.7897338867188,0.7436985969543457,1,2,-1
13,881,0.0,0.0,1002.3781127929688,1026.390380859375,0.758385419845581,1,2,-1
14,881,0.0,0.5827960968017578,1003.4938354492188,1031.8828125,0.7685745358467102,1,2,-1
15,881,0.0,0.0,1004.2577514648438,1036.8262939453125,0.7688987851142883,1,2,-1
16,881,0.0,0.0,1007.396240234375,1028.119140625,0.7461978793144226,1,2,-1
17,881,0.0,0.0,1016.3572998046875,988.9368896484375,0.6892954111099243,1,2,-1
18,881,0.0,0.0,1016.5904541015625,976.7012329101562,0.6316877007484436,1,2,-1
19,881,0.0,0.19737257063388824,1006.4974975585938,940.248291015625,0.5811424851417542,1,2,-1
20,881,0.0,0.13156838715076447,1004.2479858398438,949.6958618164062,0.5760117173194885,1,2,-1
21,881,0.0,0.7333277463912964,1000.2161254882812,979.02099609375,0.5854510068893433,1,2,-1
22,881,0.0,0.3329494893550873,1001.9143676757812,976.8458251953125,0.6350954174995422,1,2,-1
23,881,0.0,0.8483380079269409,1000.6923828125,963.7930908203125,0.6161511540412903,1,2,-1
24,881,0.0,0.6237320303916931,1003.9120483398438,971.5022583007812,0.6263425946235657,1,2,-1
25,881,0.0,0.5004194974899292,989.9384765625,960.8677368164062,0.633881688117981,1,2,-1
26,881,0.0,0.2925110161304474,984.46240234375,932.1339721679688,0.6233035326004028,1,2,-1
27,881,0.0,0.23583902418613434,1001.914306640625,945.169921875,0.583445131778717,1,2,-1
29,881,0.0,0.0,983.4373168945312,968.949462890625,0.6094382405281067,1,2,-1
30,881,0.0,0.0,972.9599609375,961.8427124023438,0.5639917254447937,1,2,-1
32,881,0.0,0.0,963.5537109375,944.7105712890625,0.5479677319526672,1,2,-1
35,881,0.0,0.1834852695465088,967.8068237304688,782.0057983398438,0.5718837976455688,1,2,-1
36,881,0.0,0.26641759276390076,962.6896362304688,773.1121215820312,0.5103322863578796,1,2,-1
37,881,0.0,0.5741983652114868,965.47802734375,774.3126220703125,0.5518963932991028,1,2,-1
38,881,0.0,0.3254433572292328,957.7252807617188,761.46044921875,0.5280941128730774,1,2,-1
40,881,0.0,0.0,956.7815551757812,772.042236328125,0.5172998905181885,1,2,-1
41,881,0.0,0.0,959.3577270507812,755.3966674804688,0.5577940344810486,1,2,-1
42,881,0.0,0.0,961.8240966796875,749.6639404296875,0.6019976139068604,1,2,-1
43,881,0.0,0.0,958.434814453125,764.1336669921875,0.5932588577270508,1,2,-1
44,881,0.0,0.0,956.3140258789062,757.6441040039062,0.5767965316772461,1,2,-1
45,881,0.0,0.0,948.4326782226562,748.7671508789062,0.6058836579322815,1,2,-1
46,881,0.0,0.0,949.0382080078125,762.26904296875,0.5539065003395081,1,2,-1
47,881,0.0,0.0,945.2911987304688,782.0980224609375,0.5652697682380676,1,2,-1
48,881,0.0,0.0,947.9996337890625,766.5850219726562,0.6075614094734192,1,2,-1
49,881,0.0,0.0,938.8312377929688,760.7052612304688,0.5732488036155701,1,2,-1
50,881,0.0,0.0,941.0967407226562,750.470703125,0.5822452902793884,1,2,-1
51,881,0.0,0.0,938.2017822265625,772.0797729492188,0.5149431824684143,1,2,-1
52,881,0.0,0.0,938.9927368164062,770.5609741210938,0.546071469783783,1,2,-1
53,881,0.0,0.0,941.6522827148438,772.5269775390625,0.5219616293907166,1,2,-1
54,881,0.0,0.0,938.1621704101562,766.4984741210938,0.5062959790229797,1,2,-1
55,881,0.0,0.043443091213703156,938.416015625,757.6851806640625,0.5573176145553589,1,2,-1
56,881,0.0,0.494647353887558,932.0634155273438,750.7559814453125,0.5299414992332458,1,2,-1
57,881,0.0,0.5430475473403931,932.3218383789062,750.3932495117188,0.576439619064331,1,2,-1
58,881,0.0,0.23882897198200226,933.7711791992188,739.1657104492188,0.6432632207870483,1,2,-1
59,881,0.0,0.2365843504667282,934.5935668945312,732.6158447265625,0.6894592642784119,1,2,-1
60,881,0.0,0.0,925.2840576171875,749.5173950195312,0.5903100371360779,1,2,-1
61,881,0.0,0.6950240731239319,924.6121826171875,741.1863403320312,0.6420906186103821,1,2,-1
62,881,0.0,0.0,918.1242065429688,735.2522583007812,0.6462204456329346,1,2,-1
63,881,0.0,0.2077838033437729,925.3653564453125,734.4646606445312,0.5873265266418457,1,2,-1
64,881,0.0,0.0,926.9418334960938,741.2899169921875,0.5336447954177856,1,2,-1
65,881,0.0,0.0,920.9725341796875,736.747802734375,0.5898107290267944,1,2,-1
66,881,0.0,0.0,920.1807861328125,728.7985229492188,0.639859139919281,1,2,-1
67,881,0.0,0.7671829462051392,921.0624389648438,718.7203369140625,0.588582456111908,1,2,-1
68,881,0.0,0.38177478313446045,920.3994140625,724.8670043945312,0.6168843507766724,1,2,-1
69,881,0.0,0.2044403851032257,918.6654052734375,722.5491333007812,0.5415242910385132,1,2,-1
70,881,0.0,0.37478235363960266,914.4404907226562,715.9251708984375,0.5633482933044434,1,2,-1
71,881,0.0,0.0,916.9768676757812,709.321044921875,0.5836418867111206,1,2,-1
72,881,0.0,0.40620705485343933,923.9083251953125,701.8082275390625,0.6039844155311584,1,2,-1
73,881,0.0,0.0,922.191162109375,706.99755859375,0.5956029891967773,1,2,-1
74,881,0.11828378587961197,0.7869797348976135,924.4912719726562,698.688720703125,0.637944221496582,1,2,-1
75,881,0.21108101308345795,0.009510722942650318,929.89697265625,707.4931640625,0.5564172267913818,1,2,-1
77,881,0.0,0.0,935.3079223632812,705.4799194335938,0.6449452638626099,1,2,-1
78,881,0.0,0.0,932.9390869140625,697.9661254882812,0.5151146054267883,1,2,-1
79,881,0.0,0.0,927.2937622070312,703.7691650390625,0.5747025012969971,1,2,-1
80,881,0.0,0.0,923.7885131835938,699.2418212890625,0.619038999080658,1,2,-1
81,881,0.0,0.0,925.9913330078125,696.5554809570312,0.5785337686538696,1,2,-1
82,881,0.0,0.0,914.399169921875,684.457763671875,0.6316646933555603,1,2,-1
83,881,0.0,0.0,903.2221069335938,681.5691528320312,0.5627256631851196,1,2,-1
86,881,0.0,0.0,893.54345703125,668.2968139648438,0.5337112545967102,1,2,-1
88,881,0.0,0.0,888.2174682617188,663.6467895507812,0.6383423805236816,1,2,-1
89,881,0.0,0.11237657070159912,891.7620849609375,664.066650390625,0.6441193222999573,1,2,-1
90,881,0.0,0.0,896.68603515625,668.991943359375,0.5506119728088379,1,2,-1
92,881,0.0,0.0,893.5774536132812,665.758056640625,0.6082850694656372,1,2,-1
93,881,0.0,0.0,881.3308715820312,665.0654907226562,0.7080832719802856,1,2,-1
94,881,0.0,0.0,879.5475463867188,665.4329223632812,0.6272233724594116,1,2,-1
95,881,0.0,0.08721855282783508,881.129150390625,663.3117065429688,0.5859073996543884,1,2,-1
96,881,0.0,0.7917066812515259,883.2048950195312,658.9147338867188,0.7195793986320496,1,2,-1
97,881,0.0,0.5052078366279602,878.994873046875,657.0484619140625,0.5618225932121277,1,2,-1
98,881,0.0,1.0574028491973877,882.4000854492188,649.9834594726562,0.5595489740371704,1,2,-1
99,881,0.0,0.6821997165679932,881.1597290039062,649.4854736328125,0.582788348197937,1,2,-1
100,881,0.0,1.410230040550232,882.7933349609375,649.8198852539062,0.5416725873947144,1,2,-1
101,881,0.0,0.964362621307373,887.1251831054688,651.994140625,0.5939934253692627,1,2,-1
102,881,0.0,1.1657116413116455,894.1403198242188,651.8948364257812,0.6027371287345886,1,2,-1
103,881,0.0,1.0561444759368896,892.3165283203125,653.8326416015625,0.6001681089401245,1,2,-1
104,881,0.0,0.9489140510559082,896.5827026367188,651.0927734375,0.6736619472503662,1,2,-1
105,881,0.0,1.185170292854309,895.1279296875,650.0191650390625,0.5853901505470276,1,2,-1
106,881,0.0,0.9673153758049011,902.5250244140625,651.4314575195312,0.6627023220062256,1,2,-1
107,881,0.0,0.9894627928733826,899.4525756835938,651.4667358398438,0.6916515231132507,1,2,-1
108,881,0.0,0.5482643246650696,892.7286376953125,655.3116455078125,0.7433647513389587,1,2,-1
109,881,0.0,0.8424793481826782,894.2077026367188,659.0360717773438,0.7148175239562988,1,2,-1
110,881,0.0,0.7276875972747803,891.8121948242188,659.0895385742188,0.6985142827033997,1,2,-1
111,881,0.05041496828198433,1.0967828035354614,888.848388671875,657.8172607421875,0.7220337390899658,1,2,-1
112,881,0.0,0.6346209049224854,890.0184936523438,659.4125366210938,0.7246378064155579,1,2,-1
113,881,0.0,0.990747332572937,894.231689453125,659.3499755859375,0.6483739614486694,1,2,-1
114,881,0.0,0.5281439423561096,895.5306396484375,663.0942993164062,0.6788891553878784,1,2,-1
115,881,0.0,0.4638417661190033,896.9949951171875,662.025146484375,0.571439802646637,1,2,-1
116,881,0.04775587096810341,0.5301119685173035,902.107666015625,666.5606689453125,0.6110072731971741,1,2,-1
117,881,0.12248183786869049,0.559964656829834,898.3627319335938,664.6000366210938,0.5729357004165649,1,2,-1
118,881,0.06022029370069504,0.8350949883460999,901.5625610351562,667.128173828125,0.567746102809906,1,2,-1
119,881,0.018076708540320396,0.8529416918754578,900.7401123046875,668.9773559570312,0.5848859548568726,1,2,-1
120,881,0.13588422536849976,1.1378735303878784,910.10693359375,675.837646484375,0.5008374452590942,1,2,-1
121,881,0.0,1.3536465167999268,916.5234985351562,676.9852294921875,0.5469264984130859,1,2,-1
122,881,0.0,1.3972198963165283,909.270263671875,679.9832763671875,0.5476435422897339,1,2,-1
128,881,0.0,1.7581446170806885,909.98828125,689.5704956054688,0.5298333764076233,1,2,-1
132,881,0.0,1.833573579788208,910.82275390625,702.7019653320312,0.5410342216491699,1,2,-1
133,881,0.0,1.5097670555114746,904.1244506835938,694.8721313476562,0.5873337388038635,1,2,-1
135,881,0.0,1.155352234840393,899.5299682617188,695.5694580078125,0.5249797105789185,1,2,-1
138,881,0.0,0.3743181824684143,906.864501953125,694.1861572265625,0.5335359573364258,1,2,-1
143,881,0.0,0.0,900.1098022460938,706.1808471679688,0.5874972343444824,1,2,-1
144,883,1619.2425537109375,280.8499450683594,299.7098388671875,788.51220703125,0.7138403058052063,1,0,-1
145,883,1624.4478759765625,273.53814697265625,295.30517578125,799.4013061523438,0.7087545394897461,1,0,-1
146,883,1626.893798828125,240.02662658691406,292.9669189453125,832.055419921875,0.738834023475647,1,0,-1
146,881,0.0,0.0,915.3856201171875,707.0260009765625,0.6618557572364807,1,2,-1
147,883,1633.7313232421875,279.361083984375,285.567626953125,789.6622314453125,0.766136109828949,1,0,-1
147,881,0.0,0.0,908.8201293945312,705.39794921875,0.5870397686958313,1,2,-1
148,883,1640.4700927734375,298.57403564453125,279.2669677734375,766.2191772460938,0.6702749133110046,1,0,-1
149,883,1650.83544921875,256.9856262207031,268.7001953125,802.50830078125,0.6481579542160034,1,0,-1
149,881,0.0,0.0,896.126220703125,704.8598022460938,0.5209370255470276,1,2,-1
150,883,1660.5533447265625,281.59210205078125,258.927978515625,776.8493041992188,0.7218844294548035,1,0,-1
151,883,1667.450439453125,230.02850341796875,251.78369140625,833.8356323242188,0.6835653185844421,1,0,-1
152,883,1670.111572265625,186.4086151123047,248.9630126953125,881.8888549804688,0.7237077951431274,1,0,-1
153,883,1682.0093994140625,133.43826293945312,237.864501953125,934.8597412109375,0.7072927355766296,1,0,-1
154,883,1684.7122802734375,144.54794311523438,235.1060791015625,928.7166748046875,0.6731433868408203,1,0,-1
155,883,1694.634521484375,108.9091796875,225.2734375,966.877197265625,0.6908344626426697,1,0,-1
156,883,1703.6226806640625,119.00984191894531,216.126708984375,959.6954956054688,0.6938625574111938,1,0,-1
157,883,1711.6705322265625,105.91018676757812,208.053955078125,973.3040771484375,0.6916264295578003,1,0,-1
158,883,1718.7655029296875,137.8134307861328,200.7099609375,940.1727905273438,0.6716983914375305,1,0,-1
159,883,1723.652587890625,150.2050018310547,195.8614501953125,924.7096557617188,0.7122008204460144,1,0,-1
160,883,1727.6878662109375,150.7568817138672,191.6353759765625,926.1405639648438,0.7078843712806702,1,0,-1
161,883,1731.0782470703125,140.85044860839844,188.193603515625,934.9368896484375,0.6976516246795654,1,0,-1
161,881,0.0,0.18859772384166718,915.496337890625,719.1870727539062,0.5653933882713318,1,2,-1
162,883,1732.3734130859375,126.6333999633789,186.889892578125,948.641845703125,0.682715892791748,1,0,-1
162,881,0.0,1.6051453351974487,925.5618896484375,720.5289306640625,0.6935068368911743,1,2,-1
163,883,1736.0521240234375,114.93183135986328,183.32861328125,961.8182983398438,0.6650713086128235,1,0,-1
163,881,0.0,0.6680677533149719,927.7146606445312,715.976806640625,0.8032324314117432,1,2,-1
164,883,1741.708984375,53.15183639526367,177.608154296875,1023.324462890625,0.6443209648132324,1,0,-1
164,881,0.0,1.1838563680648804,930.6022338867188,721.5437622070312,0.8128742575645447,1,2,-1
165,883,1743.8621826171875,40.664817810058594,175.7872314453125,1037.749267578125,0.6584340333938599,1,0,-1
165,881,0.0,1.9109020233154297,929.897216796875,720.4469604492188,0.7691746950149536,1,2,-1
166,883,1745.44921875,63.128936767578125,174.2353515625,1015.631103515625,0.6367757320404053,1,0,-1
166,881,0.0,2.0048539638519287,923.4970092773438,719.1941528320312,0.8255769610404968,1,2,-1
167,883,1743.5672607421875,67.0792236328125,176.1158447265625,1012.8023681640625,0.5311073064804077,1,0,-1
167,881,0.0,2.2324814796447754,926.166748046875,720.5868530273438,0.7909450531005859,1,2,-1
168,883,1743.1558837890625,58.29079055786133,176.73291015625,1020.76318359375,0.5670841932296753,1,0,-1
168,881,0.0,3.091174602508545,928.1051635742188,736.8333740234375,0.6791934370994568,1,2,-1
169,881,0.0,3.0810787677764893,934.56884765625,752.0831909179688,0.6578296422958374,1,2,-1
170,881,0.0,3.0769357681274414,933.4326782226562,744.0384521484375,0.7242386341094971,1,2,-1
171,881,0.0,2.6120071411132812,928.0069580078125,733.7566528320312,0.8059362173080444,1,2,-1
172,881,0.0,2.232327699661255,929.2213134765625,747.0050659179688,0.8016873002052307,1,2,-1
173,881,0.0,2.105978488922119,923.2495727539062,751.1664428710938,0.7822376489639282,1,2,-1
174,881,0.0,1.273061752319336,919.8192138671875,744.4561767578125,0.7030055522918701,1,2,-1
175,881,0.03229029104113579,0.8256517648696899,911.599853515625,739.3696899414062,0.744906485080719,1,2,-1
175,883,1764.430419921875,29.35378646850586,155.569580078125,1049.41357421875,0.5110423564910889,1,0,-1
176,881,0.08280667662620544,2.3898441791534424,897.8350830078125,737.0039672851562,0.785808265209198,1,2,-1
177,881,0.40269267559051514,0.7593996524810791,894.0249633789062,745.3436889648438,0.7817667126655579,1,2,-1
178,881,0.0,0.0,895.7107543945312,743.81640625,0.793908953666687,1,2,-1
179,881,0.22095318138599396,0.0,889.3764038085938,735.9812622070312,0.7975848913192749,1,2,-1
180,881,0.0,0.0,883.7127075195312,731.1879272460938,0.8184003829956055,1,2,-1
181,881,0.0,0.0,852.7149658203125,730.6898193359375,0.7340692281723022,1,2,-1
182,881,0.0,0.0,867.8964233398438,739.9625244140625,0.7958933711051941,1,2,-1
183,881,0.0,1.2791944742202759,864.428955078125,746.8916625976562,0.7580661177635193,1,2,-1
184,881,0.0,1.877681851387024,864.93701171875,744.3223266601562,0.6603876352310181,1,2,-1
185,881,0.0,4.023218154907227,862.8616943359375,749.7861328125,0.7580548524856567,1,2,-1
186,881,0.17983177304267883,3.0778796672821045,861.7703857421875,752.9711303710938,0.8196955919265747,1,2,-1
187,881,0.22544008493423462,2.418801784515381,854.9901733398438,744.0647583007812,0.8330808281898499,1,2,-1
188,881,0.4626590311527252,0.26197707653045654,856.04443359375,763.3338012695312,0.7574195861816406,1,2,-1
189,881,0.2877708673477173,1.2939770221710205,851.0606079101562,777.5339965820312,0.7327316403388977,1,2,-1
190,881,0.4811335504055023,0.0,835.038330078125,765.927734375,0.746147632598877,1,2,-1
191,881,0.3457905948162079,0.7889719009399414,832.6032104492188,755.4429321289062,0.7999907732009888,1,2,-1
192,881,0.0,0.0,833.2584838867188,765.6275024414062,0.7373294234275818,1,2,-1
193,881,0.004770311061292887,1.0116643905639648,827.79736328125,764.2922973632812,0.682439386844635,1,2,-1
194,881,0.0,0.0,827.9547119140625,768.1380004882812,0.7523963451385498,1,2,-1
195,881,0.0,0.0,823.8568115234375,758.0220336914062,0.7896893620491028,1,2,-1
196,881,0.0,0.15708418190479279,828.6453857421875,758.8883056640625,0.8087631464004517,1,2,-1
197,881,0.05258913338184357,0.0,828.3521118164062,763.3693237304688,0.739528477191925,1,2,-1
198,881,0.0,0.0,823.5393676757812,758.6380615234375,0.7522345185279846,1,2,-1
199,881,0.0,0.0,818.7613525390625,757.7849731445312,0.6520447731018066,1,2,-1
200,881,0.0,0.7902884483337402,826.9154052734375,760.7274169921875,0.7355345487594604,1,2,-1
201,881,0.8145883083343506,0.0,825.5484008789062,780.1228637695312,0.6848664283752441,1,2,-1
202,881,0.0,0.0,821.1102294921875,787.5534057617188,0.660237193107605,1,2,-1
203,881,0.2799495756626129,0.0,816.0966186523438,794.2640380859375,0.7027080059051514,1,2,-1
204,881,0.0,0.0,807.1491088867188,796.28466796875,0.7097864747047424,1,2,-1
205,881,0.3777163326740265,0.0,795.741455078125,775.2875366210938,0.739497721195221,1,2,-1
206,881,0.0,0.0,789.806640625,765.2941284179688,0.7449643015861511,1,2,-1
207,881,0.009567810222506523,0.0,779.749755859375,755.6954345703125,0.7289937734603882,1,2,-1
208,881,0.4635136127471924,0.0,782.0008544921875,762.4482421875,0.7683309316635132,1,2,-1
209,881,0.5582880973815918,0.0,783.9442138671875,768.81494140625,0.7648847699165344,1,2,-1
210,881,1.8762259483337402,0.0,783.5835571289062,774.8702392578125,0.7910768985748291,1,2,-1
211,881,1.49568510055542,0.0,776.2554931640625,755.26123046875,0.7760024070739746,1,2,-1
212,881,2.1127471923828125,0.0,773.9027099609375,760.4888916015625,0.7969235777854919,1,2,-1
213,881,2.667759418487549,0.0,773.19677734375,765.9012451171875,0.797918438911438,1,2,-1
214,881,1.643633246421814,0.0,774.4263305664062,771.9864501953125,0.7362112998962402,1,2,-1
215,881,2.3091955184936523,0.0,773.9320068359375,777.1783447265625,0.6925897598266602,1,2,-1
216,881,2.3112356662750244,0.24808268249034882,774.4986572265625,781.722900390625,0.663943886756897,1,2,-1
217,881,2.265977621078491,0.2628214657306671,769.6453857421875,756.651611328125,0.6247951984405518,1,2,-1
218,881,1.890345573425293,0.450298935174942,766.75048828125,741.0056762695312,0.5683181881904602,1,2,-1
219,881,1.5752146244049072,0.0,769.6481323242188,745.4767456054688,0.5117208957672119,1,2,-1
