121,614,1731.3885498046875,0.3584258258342743,187.448486328125,1062.6097412109375,0.6331366896629333,1,0,-1
122,614,1721.329833984375,0.5463467240333557,197.0970458984375,1064.41162109375,0.5626447200775146,1,0,-1
126,614,1678.33154296875,0.38132205605506897,239.4334716796875,1074.5853271484375,0.5195574760437012,1,0,-1
128,614,1668.8388671875,0.41020646691322327,247.943603515625,1075.753173828125,0.5318716764450073,1,0,-1
129,614,1671.7181396484375,0.4906768500804901,244.5599365234375,1072.28076171875,0.6777953505516052,1,0,-1
130,614,1673.06201171875,0.46819281578063965,243.1898193359375,1073.9263916015625,0.7113656997680664,1,0,-1
131,614,1670.3858642578125,0.45816653966903687,245.957275390625,1036.6204833984375,0.7011611461639404,1,0,-1
132,614,1665.3662109375,0.3966529369354248,251.0152587890625,1006.12841796875,0.651509165763855,1,0,-1
133,614,1661.54052734375,0.3248753547668457,254.805419921875,1000.7066040039062,0.6484594941139221,1,0,-1
134,614,1654.921630859375,0.3009341359138489,261.4744873046875,1048.6175537109375,0.5934812426567078,1,0,-1
135,614,1651.1541748046875,0.2589553892612457,265.1375732421875,1068.6798095703125,0.5622517466545105,1,0,-1
136,614,1646.88134765625,0.21162517368793488,269.270263671875,1075.328857421875,0.5999941229820251,1,0,-1
137,614,1637.5543212890625,0.21850645542144775,278.4599609375,1078.10009765625,0.5419096350669861,1,0,-1
138,614,1625.2183837890625,0.2299465388059616,290.9486083984375,1077.4644775390625,0.5812706351280212,1,0,-1
139,614,1615.397216796875,0.21825464069843292,300.64794921875,1078.1552734375,0.5481888055801392,1,0,-1
140,614,1609.048583984375,0.15425623953342438,306.9271240234375,1079.845703125,0.5383204817771912,1,0,-1
141,614,1602.642333984375,0.14030958712100983,313.6663818359375,1079.8597412109375,0.5141134858131409,1,0,-1
142,614,1592.1751708984375,0.14496266841888428,324.556640625,1078.5474853515625,0.5099988579750061,1,0,-1
143,614,1585.912841796875,0.0729178711771965,331.38037109375,1078.368896484375,0.5058979988098145,1,0,-1
144,614,1582.8780517578125,0.0,334.947021484375,1075.235107421875,0.503040611743927,1,0,-1
147,614,1578.4407958984375,0.1263020932674408,339.4442138671875,1078.855712890625,0.5262094140052795,1,0,-1
148,614,1575.0506591796875,0.18567930161952972,343.0872802734375,1079.3565673828125,0.5338552594184875,1,0,-1
149,614,1576.7042236328125,0.19798801839351654,341.6070556640625,1079.0048828125,0.5389776229858398,1,0,-1
166,614,1479.6923828125,0.2802809774875641,426.3116455078125,1079.6558837890625,0.5339199304580688,1,0,-1
167,614,1479.2303466796875,0.2451256960630417,421.2711181640625,1079.7548828125,0.5622072815895081,1,0,-1
168,614,1480.5975341796875,0.2626085877418518,414.261962890625,1079.7374267578125,0.5281394720077515,1,0,-1
169,614,1478.4466552734375,0.2729187607765198,410.7060546875,1079.72705078125,0.5712897181510925,1,0,-1
170,614,1479.627685546875,0.2606263756752014,402.2933349609375,1079.7393798828125,0.6229670643806458,1,0,-1
171,614,1478.2294921875,0.8652182817459106,397.52197265625,1079.134765625,0.6205750107765198,1,0,-1
172,614,1474.406982421875,1.3376779556274414,393.71923828125,1078.662353515625,0.6535078883171082,1,0,-1
173,614,1469.0364990234375,1.5010327100753784,394.236572265625,1078.4990234375,0.6158154010772705,1,0,-1
174,614,1465.1417236328125,1.0969657897949219,392.01171875,1078.903076171875,0.6151549220085144,1,0,-1
175,614,1461.448486328125,1.7947213649749756,386.6905517578125,1078.205322265625,0.6123893857002258,1,0,-1
181,614,1414.508056640625,0.3649289011955261,398.4193115234375,1079.4110107421875,0.5558523535728455,1,0,-1
182,614,1404.3868408203125,0.1281449794769287,404.8631591796875,1079.61572265625,0.5453084111213684,1,0,-1
184,614,1395.68505859375,0.09492068737745285,401.79833984375,1079.528076171875,0.5877248644828796,1,0,-1
185,614,1391.59814453125,0.08396251499652863,400.11376953125,1079.51318359375,0.5785691142082214,1,0,-1
186,614,1385.2562255859375,0.0790257528424263,400.04638671875,1079.5289306640625,0.5429803133010864,1,0,-1
187,614,1381.2130126953125,0.05538211017847061,399.3927001953125,1079.571044921875,0.5788670778274536,1,0,-1
188,614,1385.95556640625,1.331488013267517,389.255126953125,1078.3087158203125,0.5562237501144409,1,0,-1
189,614,1384.975341796875,1.4068448543548584,385.822509765625,1078.306884765625,0.5699976086616516,1,0,-1
190,614,1386.651123046875,2.2817583084106445,379.1805419921875,1077.482177734375,0.6179586052894592,1,0,-1
191,614,1387.669677734375,2.352963924407959,374.837158203125,1077.4580078125,0.6161983609199524,1,0,-1
192,614,1387.236328125,2.8351714611053467,370.78173828125,1077.025146484375,0.6407598853111267,1,0,-1
193,614,1388.913818359375,3.5050675868988037,363.10302734375,1076.3638916015625,0.6945784091949463,1,0,-1
194,614,1389.1077880859375,5.844455718994141,358.190673828125,1073.9964599609375,0.6324952244758606,1,0,-1
195,614,1386.3814697265625,5.949376583099365,354.623779296875,1073.9293212890625,0.6454439759254456,1,0,-1
196,614,1381.623291015625,4.921933650970459,352.9774169921875,1074.9432373046875,0.6346659064292908,1,0,-1
197,614,1376.690673828125,3.8339080810546875,353.9647216796875,1076.0601806640625,0.5986142754554749,1,0,-1
198,614,1371.624267578125,2.360830307006836,354.06201171875,1077.572509765625,0.5596006512641907,1,0,-1
199,614,1369.400390625,2.171938180923462,352.214599609375,1077.7738037109375,0.6063672304153442,1,0,-1
204,614,1330.2266845703125,5.417159557342529,369.4559326171875,1074.4686279296875,0.6146525740623474,1,0,-1
205,614,1327.7159423828125,6.1784749031066895,366.721923828125,1073.7828369140625,0.6549288630485535,1,0,-1
206,614,1320.9031982421875,8.17530345916748,369.8804931640625,1071.7872314453125,0.5734005570411682,1,0,-1
207,614,1312.9732666015625,8.234782218933105,374.1148681640625,1071.72265625,0.6334564089775085,1,0,-1
208,614,1302.223876953125,4.370833396911621,379.545166015625,1075.5218505859375,0.6201878190040588,1,0,-1
209,614,1301.7757568359375,2.6615490913391113,375.5,1077.0914306640625,0.6313650012016296,1,0,-1
210,614,1307.1678466796875,3.0337119102478027,365.2137451171875,1076.67626953125,0.7001821398735046,1,0,-1
211,614,1306.7528076171875,2.4431307315826416,362.21240234375,1077.2506103515625,0.6530398726463318,1,0,-1
212,614,1300.71826171875,4.0512189865112305,362.3115234375,1075.586669921875,0.6140768527984619,1,0,-1
213,614,1298.761474609375,5.280087947845459,358.407958984375,1074.3968505859375,0.6476671099662781,1,0,-1
214,614,1299.61767578125,6.139232635498047,350.5640869140625,1073.6009521484375,0.6749734878540039,1,0,-1
215,614,1300.2796630859375,6.976247787475586,343.7403564453125,1072.7841796875,0.6386847496032715,1,0,-1
216,614,1297.760498046875,8.122422218322754,341.3123779296875,1071.68701171875,0.6698006391525269,1,0,-1
217,614,1293.8585205078125,7.7739338874816895,340.2733154296875,1072.123291015625,0.6690322756767273,1,0,-1
218,614,1288.4190673828125,6.968385696411133,341.1171875,1072.9442138671875,0.6572655439376831,1,0,-1
219,614,1283.7738037109375,5.9907097816467285,340.666259765625,1073.890625,0.6384868025779724,1,0,-1
220,614,1278.5369873046875,4.489927291870117,340.4832763671875,1075.430419921875,0.5925371050834656,1,0,-1
222,614,1272.297119140625,7.70658540725708,340.93896484375,1072.29345703125,0.508123517036438,1,0,-1
228,614,1228.7130126953125,14.572135925292969,360.2152099609375,1065.4278564453125,0.5843759775161743,1,0,-1
229,614,1229.101318359375,13.807097434997559,355.36767578125,1066.19287109375,0.6687195301055908,1,0,-1
230,614,1216.9847412109375,13.071941375732422,364.191162109375,1066.9281005859375,0.5891081094741821,1,0,-1
231,614,1209.3961181640625,10.424318313598633,367.9149169921875,1069.57568359375,0.617303729057312,1,0,-1
232,614,1206.787353515625,10.445648193359375,366.1478271484375,1069.5543212890625,0.6043950319290161,1,0,-1
233,614,1198.825927734375,12.442112922668457,369.4068603515625,1067.557861328125,0.5927304029464722,1,0,-1
234,614,1204.2630615234375,12.658434867858887,360.7952880859375,1067.341552734375,0.6221391558647156,1,0,-1
235,614,1205.5667724609375,11.785012245178223,354.0699462890625,1068.2149658203125,0.6408243179321289,1,0,-1
236,614,1203.3482666015625,9.960137367248535,350.709716796875,1070.0399169921875,0.6476725339889526,1,0,-1
237,614,1207.353759765625,9.811466217041016,340.402099609375,1070.1884765625,0.6872299313545227,1,0,-1
238,614,1208.3909912109375,13.442079544067383,333.9132080078125,1066.557861328125,0.6983250975608826,1,0,-1
239,614,1208.3221435546875,12.64939022064209,328.5030517578125,1067.3505859375,0.6477730870246887,1,0,-1
240,614,1209.1785888671875,14.676167488098145,323.9163818359375,1065.3238525390625,0.618736207485199,1,0,-1
241,614,1206.9609375,15.709487915039062,323.440185546875,1064.2745361328125,0.6374970078468323,1,0,-1
244,614,1190.95458984375,12.42501449584961,328.354248046875,1067.5025634765625,0.5239229798316956,1,0,-1
255,614,1113.43603515625,13.92004680633545,364.711669921875,1065.9769287109375,0.5554306507110596,1,0,-1
258,614,1117.87646484375,17.258485794067383,347.281494140625,1062.6444091796875,0.6227461695671082,1,0,-1
259,614,1112.34912109375,15.218390464782715,345.72412109375,1064.677001953125,0.5274484157562256,1,0,-1
260,614,1113.338134765625,19.384180068969727,340.0245361328125,1060.5924072265625,0.5947200059890747,1,0,-1
261,614,1117.6646728515625,20.482465744018555,331.2845458984375,1059.501220703125,0.6582952737808228,1,0,-1
262,614,1119.6796875,18.622678756713867,325.8919677734375,1061.3773193359375,0.6730864644050598,1,0,-1
263,614,1122.6768798828125,18.84732437133789,316.8043212890625,1061.1527099609375,0.6905409693717957,1,0,-1
264,614,1119.63330078125,19.602466583251953,315.3646240234375,1060.3975830078125,0.6791368126869202,1,0,-1
265,614,1117.417724609375,19.491397857666016,312.71630859375,1060.508544921875,0.6045682430267334,1,0,-1
283,614,1030.18115234375,20.613340377807617,328.31201171875,1059.38671875,0.5344599485397339,1,0,-1
402,615,537.4344482421875,62.59440994262695,287.329345703125,1017.4055786132812,0.5224176645278931,1,0,-1
403,615,532.2097778320312,68.35343170166016,287.34283447265625,1011.6465454101562,0.5088745951652527,1,0,-1
416,615,461.7734069824219,77.26787567138672,290.2997741699219,1002.7321166992188,0.6121963262557983,1,0,-1
418,615,451.28289794921875,77.38121795654297,288.62945556640625,1002.6187744140625,0.562221109867096,1,0,-1
419,615,447.8479309082031,77.2072982788086,285.0862121582031,1002.792724609375,0.5177178382873535,1,0,-1
420,615,443.58074951171875,80.85003662109375,284.2572021484375,999.1499633789062,0.6710081100463867,1,0,-1
421,615,436.15716552734375,78.25433349609375,287.4404296875,1001.7456665039062,0.6648308038711548,1,0,-1
422,615,430.55279541015625,78.32938385009766,286.20452880859375,1001.6705932617188,0.6851751208305359,1,0,-1
423,615,426.6649475097656,79.76561737060547,285.6138000488281,1000.234375,0.5893653631210327,1,0,-1
425,615,413.197021484375,82.837646484375,289.15435791015625,997.162353515625,0.5493097305297852,1,0,-1
428,615,388.2798156738281,82.68312072753906,295.2377624511719,997.31689453125,0.6160435080528259,1,0,-1
429,615,381.18634033203125,83.16195678710938,296.630615234375,996.8380126953125,0.6565514206886292,1,0,-1
430,615,373.2913818359375,83.3106460571289,296.08172607421875,996.6893310546875,0.6413424015045166,1,0,-1
431,615,366.1182556152344,81.31595611572266,294.4388122558594,998.6840209960938,0.6448215842247009,1,0,-1
432,615,359.10015869140625,77.71440887451172,294.5645751953125,1002.2855834960938,0.5993462800979614,1,0,-1
433,615,353.79083251953125,79.60321044921875,293.68798828125,1000.3967895507812,0.6233747601509094,1,0,-1
434,615,347.177734375,81.52455139160156,291.59716796875,998.4754638671875,0.6240004897117615,1,0,-1
435,615,340.0608215332031,80.4850082397461,291.6271667480469,999.5150146484375,0.661553680896759,1,0,-1
436,615,334.9898376464844,79.89411163330078,290.6407165527344,1000.1058959960938,0.6845579743385315,1,0,-1
437,615,325.8799133300781,76.95995330810547,294.3122863769531,1003.0386962890625,0.6645331382751465,1,0,-1
438,615,316.5509338378906,81.55415344238281,295.9565734863281,998.4424438476562,0.6352635622024536,1,0,-1
439,615,309.85467529296875,83.10407257080078,295.733642578125,996.8959350585938,0.5747039914131165,1,0,-1
440,615,299.8276062011719,85.64745330810547,297.8882141113281,994.3525390625,0.5825039148330688,1,0,-1
441,615,292.42388916015625,85.87455749511719,300.73211669921875,994.1254272460938,0.6294355392456055,1,0,-1
442,615,283.31732177734375,85.78911590576172,302.0093994140625,994.2108764648438,0.6493231654167175,1,0,-1
443,615,272.44891357421875,83.16801452636719,305.59844970703125,996.8319702148438,0.5863666534423828,1,0,-1
444,615,264.6993713378906,80.8722915649414,305.1612854003906,999.1229248046875,0.6178103685379028,1,0,-1
445,615,257.93017578125,74.85430145263672,304.4154052734375,1005.1033325195312,0.6857038736343384,1,0,-1
446,615,253.24169921875,74.71824645996094,302.85711669921875,1005.2012939453125,0.6577761173248291,1,0,-1
447,615,247.5772247314453,72.8622817993164,302.56854248046875,1007.0,0.6908336281776428,1,0,-1
448,615,241.59127807617188,74.61677551269531,299.1911315917969,1005.0675659179688,0.695035994052887,1,0,-1
449,615,232.69952392578125,74.9110107421875,301.0341796875,1004.712158203125,0.7201820611953735,1,0,-1
450,615,226.04872131347656,76.13481903076172,301.00482177734375,1003.5648803710938,0.7010888457298279,1,0,-1
451,615,217.9971160888672,75.82171630859375,303.67767333984375,1003.9553833007812,0.7308656573295593,1,0,-1
452,615,208.8060302734375,74.73521423339844,306.6146240234375,1005.0361328125,0.6743696928024292,1,0,-1
453,615,199.3701629638672,71.16531372070312,308.69451904296875,1008.61474609375,0.5923634171485901,1,0,-1
454,615,187.18479919433594,66.24018096923828,311.33428955078125,1013.6148071289062,0.5982311964035034,1,0,-1
455,615,178.95619201660156,66.06908416748047,312.01739501953125,1013.7681884765625,0.6386718153953552,1,0,-1
456,615,172.83489990234375,64.06417846679688,309.663330078125,1015.8299560546875,0.7174504399299622,1,0,-1
457,615,164.50027465820312,65.2000961303711,312.309326171875,1014.685546875,0.7358460426330566,1,0,-1
458,615,157.44361877441406,61.837100982666016,312.07305908203125,1018.0289916992188,0.7162647247314453,1,0,-1
459,615,148.716064453125,56.63899230957031,314.4459533691406,1023.3222045898438,0.6859632134437561,1,0,-1
460,615,138.446044921875,57.51072692871094,316.46844482421875,1022.4635009765625,0.6791756749153137,1,0,-1
461,615,129.51918029785156,58.36902618408203,317.984130859375,1021.6309814453125,0.7149626612663269,1,0,-1
462,615,117.15805053710938,59.76278305053711,323.0696105957031,1020.2372436523438,0.6900640726089478,1,0,-1
463,615,105.656005859375,59.8869514465332,326.87493896484375,1020.113037109375,0.7400276064872742,1,0,-1
464,615,93.11276245117188,61.16746139526367,332.03411865234375,1018.83251953125,0.7330735921859741,1,0,-1
465,615,77.99138641357422,61.465763092041016,339.4932556152344,1018.5342407226562,0.6728550791740417,1,0,-1
466,615,69.48274993896484,61.95195770263672,338.0626525878906,1018.0480346679688,0.655668318271637,1,0,-1
467,615,62.4228630065918,59.42262268066406,335.56671142578125,1020.577392578125,0.7261385321617126,1,0,-1
468,615,55.065738677978516,58.4385986328125,335.5579833984375,1021.5614013671875,0.7456772327423096,1,0,-1
469,615,46.32677459716797,55.648494720458984,338.30108642578125,1024.3515625,0.7203582525253296,1,0,-1
470,615,30.889144897460938,48.054344177246094,344.8155517578125,1031.9456787109375,0.7393563985824585,1,0,-1
471,615,15.380653381347656,43.32213592529297,355.3566589355469,1036.6778564453125,0.7800373435020447,1,0,-1
472,615,5.56321382522583,46.21158218383789,355.5890808105469,1033.7884521484375,0.838640570640564,1,0,-1
473,615,0.0,49.1900749206543,351.6445617675781,1030.8099365234375,0.8383538722991943,1,0,-1
474,615,0.0,49.86334228515625,342.4067687988281,1030.13671875,0.8371553421020508,1,0,-1
475,615,0.0,48.00501251220703,334.13763427734375,1031.9949951171875,0.8453041315078735,1,0,-1
476,615,0.0,46.51993179321289,325.36822509765625,1033.4801025390625,0.8246497511863708,1,0,-1
477,615,0.0,45.212337493896484,313.8544921875,1034.7735595703125,0.8111802339553833,1,0,-1
478,615,0.0,43.3948974609375,304.62054443359375,1036.467529296875,0.7906399369239807,1,0,-1
479,615,0.0,37.24235916137695,295.7344970703125,1042.6397705078125,0.7992828488349915,1,0,-1
480,615,0.0,32.36827087402344,284.2153625488281,1047.5919189453125,0.7828667163848877,1,0,-1
481,615,0.0,30.937938690185547,272.5374755859375,1048.993896484375,0.7487595081329346,1,0,-1
482,615,0.0,32.10062789916992,263.5332336425781,1047.685302734375,0.7087886929512024,1,0,-1
483,615,0.0,31.426427841186523,253.3599090576172,1048.344482421875,0.6710816621780396,1,0,-1
485,615,0.0,38.557918548583984,230.35267639160156,1041.442138671875,0.637360155582428,1,0,-1
