1,221,1132.8216552734375,3.7707998752593994,544.384033203125,515.1380615234375,0.871753990650177,1,3,-1
2,221,1157.9952392578125,5.992023468017578,503.2667236328125,521.2188110351562,0.8663192987442017,1,3,-1
3,221,1187.65478515625,6.274416446685791,471.3974609375,503.5899963378906,0.8917579054832458,1,3,-1
4,221,1165.3167724609375,7.423710823059082,498.0770263671875,545.4503784179688,0.7311916351318359,1,3,-1
5,221,1193.3681640625,7.314833164215088,474.298095703125,514.2395629882812,0.8730154633522034,1,3,-1
6,221,1189.775146484375,7.707202434539795,484.7799072265625,511.658447265625,0.8622456789016724,1,3,-1
8,221,1173.2220458984375,7.225604057312012,522.7811279296875,582.2537231445312,0.8699502348899841,1,3,-1
9,221,1185.9921875,7.235213756561279,515.1668701171875,547.5693969726562,0.8967992067337036,1,3,-1
10,221,1191.536376953125,5.090170383453369,521.3359375,547.0862426757812,0.861602246761322,1,3,-1
11,221,1206.4124755859375,6.092741966247559,511.1148681640625,531.1126098632812,0.8584825992584229,1,3,-1
12,221,1202.2010498046875,4.078408241271973,521.2718505859375,547.8576049804688,0.8289608359336853,1,3,-1
13,221,1201.33837890625,5.831888198852539,526.1064453125,570.845703125,0.8520074486732483,1,3,-1
14,221,1206.515625,4.027493953704834,526.968017578125,568.5916748046875,0.8532622456550598,1,3,-1
15,221,1212.5296630859375,4.143362998962402,523.3365478515625,566.7286376953125,0.8490347266197205,1,3,-1
16,221,1212.2825927734375,3.6174473762512207,529.007080078125,569.5325317382812,0.8340285420417786,1,3,-1
17,221,1214.2958984375,3.669438600540161,529.4676513671875,569.4945678710938,0.8505372405052185,1,3,-1
18,221,1225.9681396484375,4.5190558433532715,518.9495849609375,552.3131103515625,0.8623424768447876,1,3,-1
19,221,1234.679931640625,3.646890640258789,512.4984130859375,537.6319580078125,0.8672791719436646,1,3,-1
20,221,1236.8349609375,4.279320240020752,511.6419677734375,530.056396484375,0.8762364983558655,1,3,-1
21,221,1227.7562255859375,3.090023994445801,522.63720703125,545.9234619140625,0.881270706653595,1,3,-1
22,221,1241.482177734375,3.295238494873047,509.6947021484375,528.584716796875,0.8952827453613281,1,3,-1
23,221,1243.3514404296875,3.5126607418060303,507.921142578125,533.6965942382812,0.8511634469032288,1,3,-1
24,221,1257.23193359375,3.9010610580444336,493.388671875,518.7208862304688,0.8918546438217163,1,3,-1
25,221,1266.708740234375,3.8948941230773926,483.86865234375,509.97833251953125,0.8924450874328613,1,3,-1
26,221,1267.4932861328125,3.7458691596984863,483.402587890625,507.058837890625,0.8721305727958679,1,3,-1
27,221,1260.03759765625,3.9567532539367676,489.641845703125,515.09375,0.8529526591300964,1,3,-1
28,221,1260.90771484375,3.5188558101654053,488.5706787109375,519.1627197265625,0.8730252385139465,1,3,-1
29,221,1255.0572509765625,3.6271209716796875,494.232666015625,524.7915649414062,0.8426140546798706,1,3,-1
30,221,1242.1151123046875,2.858374834060669,506.4610595703125,546.6207885742188,0.8163815140724182,1,3,-1
31,221,1253.958251953125,2.7890853881835938,495.755126953125,528.45751953125,0.9019747972488403,1,3,-1
32,221,1248.902587890625,2.2754838466644287,502.152587890625,532.1898193359375,0.8909286260604858,1,3,-1
33,221,1255.702880859375,3.1102845668792725,495.893310546875,526.296630859375,0.8866970539093018,1,3,-1
34,221,1251.1142578125,2.995109796524048,499.8720703125,529.8765869140625,0.8661699891090393,1,3,-1
35,221,1246.3519287109375,3.2592945098876953,503.3841552734375,533.45703125,0.8410377502441406,1,3,-1
36,221,1242.9398193359375,3.496011734008789,507.15673828125,535.1664428710938,0.863758385181427,1,3,-1
37,221,1254.657470703125,3.8413026332855225,495.4580078125,523.3679809570312,0.8784970045089722,1,3,-1
38,221,1255.6214599609375,3.704627513885498,494.03173828125,521.5803833007812,0.893046498298645,1,3,-1
39,221,1258.510498046875,3.416576862335205,492.142333984375,518.7581176757812,0.878313422203064,1,3,-1
40,221,1266.57373046875,3.4055252075195312,483.8563232421875,505.7702941894531,0.8685420155525208,1,3,-1
41,221,1255.697265625,3.859032154083252,493.3408203125,520.83740234375,0.8429078459739685,1,3,-1
42,221,1257.7589111328125,4.153385162353516,489.494140625,516.7877807617188,0.8685545921325684,1,3,-1
43,221,1247.8302001953125,4.315181732177734,498.120361328125,530.2921142578125,0.8473686575889587,1,3,-1
44,221,1239.148681640625,3.9841675758361816,504.5166015625,543.907470703125,0.8246666193008423,1,3,-1
45,221,1239.798828125,4.12872838973999,502.53564453125,545.8416137695312,0.8175033330917358,1,3,-1
46,221,1244.5447998046875,4.09627628326416,495.279052734375,542.1381225585938,0.6679170727729797,1,3,-1
47,221,1241.632568359375,4.052802085876465,494.421142578125,543.1941528320312,0.7854323983192444,1,3,-1
48,221,1253.0274658203125,4.101627349853516,482.61669921875,513.955078125,0.8078652620315552,1,3,-1
49,221,1256.2528076171875,4.840037822723389,475.744140625,506.65966796875,0.8022148013114929,1,3,-1
50,221,1257.7403564453125,4.874509334564209,472.4329833984375,502.6624755859375,0.831106424331665,1,3,-1
51,221,1248.5128173828125,5.060123920440674,477.9139404296875,527.8900756835938,0.7813224792480469,1,3,-1
52,221,1242.8251953125,4.833804607391357,480.4375,533.2098388671875,0.6942577362060547,1,3,-1
53,221,1248.0980224609375,4.164865016937256,474.9056396484375,518.5900268554688,0.7790417671203613,1,3,-1
54,221,1245.9117431640625,4.178799629211426,473.7821044921875,523.7293090820312,0.7866125702857971,1,3,-1
55,221,1252.267822265625,4.2125959396362305,462.7412109375,506.681396484375,0.8445417881011963,1,3,-1
56,221,1246.6690673828125,4.798461437225342,462.9951171875,522.5033569335938,0.8241608142852783,1,3,-1
57,221,1248.35107421875,5.528353691101074,456.083740234375,519.5151977539062,0.783226490020752,1,3,-1
58,221,1251.728271484375,5.448023319244385,448.706298828125,512.6188354492188,0.8266324996948242,1,3,-1
59,221,1247.4793701171875,5.187014579772949,448.7451171875,524.7338256835938,0.794349730014801,1,3,-1
60,221,1247.0340576171875,5.454164981842041,445.88037109375,517.3453979492188,0.8290599584579468,1,3,-1
61,221,1242.9893798828125,5.869297027587891,443.2784423828125,531.013916015625,0.7850571274757385,1,3,-1
62,221,1244.5496826171875,5.945574760437012,438.5224609375,529.942138671875,0.7897403836250305,1,3,-1
63,221,1250.850830078125,6.365702152252197,426.2734375,524.8836669921875,0.7904985547065735,1,3,-1
64,221,1250.1951904296875,6.203864574432373,423.0040283203125,520.96630859375,0.8453748226165771,1,3,-1
65,221,1245.4791259765625,6.2898383140563965,422.867919921875,529.6138305664062,0.7925122380256653,1,3,-1
66,221,1257.392578125,6.473611354827881,404.803466796875,497.1555480957031,0.7769922018051147,1,3,-1
67,221,1258.4754638671875,6.568809509277344,398.1824951171875,507.9153137207031,0.7655097842216492,1,3,-1
68,221,1249.000244140625,5.77373743057251,403.3302001953125,534.7882690429688,0.7582299709320068,1,3,-1
69,221,1238.1221923828125,5.203554630279541,410.662109375,548.1337890625,0.641061007976532,1,3,-1
70,221,1229.60791015625,4.450257301330566,414.792724609375,553.7029418945312,0.7547776699066162,1,3,-1
71,221,1229.1201171875,4.601940155029297,409.711669921875,557.8823852539062,0.6808835864067078,1,3,-1
72,221,1229.8604736328125,5.1341729164123535,404.66357421875,558.8827514648438,0.6845227479934692,1,3,-1
73,221,1226.4593505859375,5.049472332000732,404.5430908203125,545.8375244140625,0.7889984846115112,1,3,-1
74,221,1222.9425048828125,4.698113918304443,404.8477783203125,558.5086669921875,0.7844858169555664,1,3,-1
75,221,1223.37451171875,4.000638008117676,400.422119140625,553.8801879882812,0.7756861448287964,1,3,-1
76,221,1223.44921875,4.63144588470459,393.552490234375,544.9943237304688,0.7848535180091858,1,3,-1
77,221,1218.030029296875,3.3827524185180664,391.0902099609375,563.6841430664062,0.6756272912025452,1,3,-1
78,221,1216.612060546875,4.099726676940918,386.49072265625,567.405517578125,0.5395823121070862,1,3,-1
79,221,1215.5281982421875,3.7891652584075928,380.0858154296875,574.8380126953125,0.7362836003303528,1,3,-1
80,221,1214.7596435546875,4.4749908447265625,371.8441162109375,578.8104248046875,0.6500756144523621,1,3,-1
81,221,1210.732666015625,4.397974491119385,369.593505859375,582.3506469726562,0.7088945508003235,1,3,-1
82,221,1209.4783935546875,4.513500213623047,365.4735107421875,572.6427612304688,0.6469539403915405,1,3,-1
83,221,1204.7783203125,4.742239475250244,364.5447998046875,573.2259521484375,0.6585015654563904,1,3,-1
84,221,1203.0731201171875,4.497483253479004,357.361328125,556.5382690429688,0.6684356927871704,1,3,-1
85,221,1196.71826171875,5.41188907623291,357.743896484375,548.146484375,0.5795720219612122,1,3,-1
86,221,1189.6510009765625,4.9877753257751465,356.4466552734375,537.5064697265625,0.5718917846679688,1,3,-1
87,221,1189.5960693359375,5.909334182739258,348.0548095703125,534.8629150390625,0.5728669762611389,1,3,-1
89,221,1177.72998046875,4.607126712799072,343.4188232421875,520.282958984375,0.5945506691932678,1,3,-1
167,286,1176.52392578125,4.438910484313965,354.33935546875,529.2965087890625,0.5913852453231812,1,3,-1
168,286,1177.0926513671875,4.65159273147583,359.98193359375,545.831787109375,0.6732416152954102,1,3,-1
169,286,1177.5626220703125,4.996642589569092,366.781982421875,567.5993041992188,0.5639030933380127,1,3,-1
170,286,1178.4642333984375,5.7082133293151855,371.1219482421875,563.1643676757812,0.6434236168861389,1,3,-1
171,286,1178.0052490234375,4.933080196380615,375.18017578125,571.4141235351562,0.7840553522109985,1,3,-1
172,286,1176.8204345703125,4.741855144500732,381.4268798828125,574.6828002929688,0.7309261560440063,1,3,-1
173,286,1177.6422119140625,4.7676005363464355,384.73095703125,582.4572143554688,0.7637636661529541,1,3,-1
174,286,1181.1663818359375,4.836958408355713,388.1494140625,568.4977416992188,0.7757432460784912,1,3,-1
175,286,1183.4014892578125,4.675576210021973,391.1075439453125,559.3413696289062,0.7647972702980042,1,3,-1
176,286,1183.6632080078125,3.7479770183563232,397.332763671875,567.3150024414062,0.5989408493041992,1,3,-1
176,287,0.0,727.4515991210938,71.25635528564453,79.66259765625,0.624040961265564,1,13,-1
177,286,1183.460205078125,4.043075084686279,401.353271484375,546.18994140625,0.6591746807098389,1,3,-1
177,287,0.0,727.3743896484375,68.77161407470703,79.5787353515625,0.5881323218345642,1,13,-1
178,286,1188.93896484375,4.290048599243164,399.918212890625,541.3427124023438,0.6897152066230774,1,3,-1
179,286,1193.31787109375,3.985341787338257,402.5120849609375,530.368408203125,0.8069016933441162,1,3,-1
180,286,1202.5194091796875,4.204826831817627,399.77978515625,515.9357299804688,0.5179396271705627,1,3,-1
181,286,1201.031005859375,4.361370086669922,406.2860107421875,519.4287719726562,0.5966730713844299,1,3,-1
182,286,1202.55712890625,4.245212078094482,406.70166015625,521.5338745117188,0.7570664882659912,1,3,-1
184,286,1204.46484375,3.5874993801116943,412.23681640625,531.3512573242188,0.7810991406440735,1,3,-1
185,286,1212.953125,3.1706693172454834,407.869873046875,518.7772827148438,0.6896741390228271,1,3,-1
186,286,1211.9947509765625,2.9909698963165283,413.6700439453125,512.8995971679688,0.7625099420547485,1,3,-1
187,286,1212.4345703125,3.554273843765259,416.571533203125,511.43048095703125,0.7966310977935791,1,3,-1
187,287,0.0,727.1046752929688,55.055694580078125,84.26922607421875,0.5338695049285889,1,2,-1
188,286,1212.374755859375,2.880791664123535,418.5892333984375,513.0249633789062,0.8108952641487122,1,3,-1
188,287,0.0,726.6409301757812,53.3551139831543,86.75640869140625,0.5551961660385132,1,2,-1
189,286,1213.144775390625,2.1348156929016113,421.4193115234375,522.837646484375,0.8111994862556458,1,3,-1
190,286,1212.859619140625,2.8198399543762207,424.6583251953125,533.0409545898438,0.8024469017982483,1,3,-1
191,286,1213.53076171875,2.0140316486358643,426.586181640625,564.3114624023438,0.7147709727287292,1,3,-1
192,286,1213.834716796875,2.308351993560791,429.1451416015625,561.4666748046875,0.7679499983787537,1,3,-1
193,286,1214.72802734375,2.821892738342285,430.777099609375,542.2667846679688,0.8516719937324524,1,3,-1
194,286,1217.4163818359375,2.7341902256011963,430.23779296875,545.2849731445312,0.7560620307922363,1,3,-1
195,286,1217.2650146484375,3.13612961769104,432.607177734375,564.0924072265625,0.7708214521408081,1,3,-1
196,286,1218.0794677734375,2.892171859741211,434.394287109375,551.6596069335938,0.7904008030891418,1,3,-1
197,286,1219.2940673828125,4.032841205596924,434.6181640625,535.7924194335938,0.8210620880126953,1,3,-1
198,286,1220.4793701171875,3.630422353744507,435.8388671875,531.0084838867188,0.7858535051345825,1,3,-1
199,286,1222.9752197265625,4.162622451782227,435.4844970703125,515.196044921875,0.7698966264724731,1,3,-1
200,286,1223.169189453125,4.824342250823975,436.979736328125,512.7802734375,0.7832058668136597,1,3,-1
201,286,1221.107421875,4.4613542556762695,441.1776123046875,520.7295532226562,0.6881064772605896,1,3,-1
202,286,1221.0009765625,4.892961025238037,442.3023681640625,514.2846069335938,0.7779231071472168,1,3,-1
203,286,1220.12060546875,5.282399654388428,445.1090087890625,515.4163818359375,0.5247755646705627,1,3,-1
204,286,1218.769287109375,4.577147483825684,447.0045166015625,505.2970275878906,0.6818128228187561,1,3,-1
205,286,1218.8570556640625,4.366198539733887,449.8153076171875,507.962158203125,0.7322043776512146,1,3,-1
206,286,1218.777099609375,4.553847312927246,451.125244140625,518.5721435546875,0.6416993737220764,1,3,-1
207,286,1220.3726806640625,4.664312839508057,452.791259765625,514.0928344726562,0.7270267605781555,1,3,-1
208,286,1220.39892578125,5.051682949066162,455.3455810546875,501.8411865234375,0.7990808486938477,1,3,-1
209,286,1221.165283203125,5.171171188354492,454.599365234375,501.0062561035156,0.8020603656768799,1,3,-1
210,286,1224.6214599609375,5.338688373565674,451.4163818359375,489.5526123046875,0.8107749223709106,1,3,-1
211,286,1224.330078125,5.919248580932617,452.15234375,490.9835205078125,0.6936488747596741,1,3,-1
212,286,1227.4232177734375,5.638016700744629,450.5723876953125,483.6746520996094,0.6994287371635437,1,3,-1
213,286,1226.101318359375,5.672922134399414,450.981201171875,486.4006652832031,0.7076965570449829,1,3,-1
214,286,1227.9805908203125,5.5976176261901855,451.291748046875,485.4654235839844,0.7266927361488342,1,3,-1
215,286,1226.2379150390625,5.619549751281738,455.1363525390625,498.3039245605469,0.687235951423645,1,3,-1
216,286,1227.11328125,5.36688756942749,455.549072265625,503.6269226074219,0.698392927646637,1,3,-1
217,286,1227.25390625,5.504886627197266,456.2886962890625,506.8499755859375,0.7441152334213257,1,3,-1
218,286,1230.612548828125,5.152374744415283,455.6064453125,499.3771667480469,0.7028460502624512,1,3,-1
219,286,1231.6539306640625,4.989778995513916,456.8548583984375,497.457275390625,0.7628187537193298,1,3,-1
220,286,1234.9796142578125,5.097683906555176,454.303955078125,495.65802001953125,0.6805903315544128,1,3,-1
221,286,1234.7730712890625,4.965024948120117,458.0057373046875,490.47161865234375,0.7405840754508972,1,3,-1
222,286,1239.6717529296875,5.293152809143066,455.307861328125,481.62396240234375,0.7412685751914978,1,3,-1
223,286,1238.462158203125,5.31678581237793,457.15673828125,484.6876220703125,0.7752941250801086,1,3,-1
224,286,1243.4227294921875,4.976198673248291,454.3192138671875,475.60345458984375,0.6189961433410645,1,3,-1
225,286,1241.8475341796875,4.7961602210998535,456.8873291015625,488.4709777832031,0.7797489762306213,1,3,-1
226,286,1242.115966796875,4.794658184051514,456.024169921875,494.1104736328125,0.777618944644928,1,3,-1
227,286,1242.4893798828125,4.6432881355285645,457.2239990234375,499.3384094238281,0.8288345336914062,1,3,-1
228,286,1241.052978515625,4.806177616119385,459.0980224609375,495.9476623535156,0.8305334448814392,1,3,-1
229,286,1242.7021484375,4.5478901863098145,458.30859375,525.4595336914062,0.6584560871124268,1,3,-1
230,286,1239.9981689453125,4.605373382568359,464.0123291015625,515.2576293945312,0.8283519148826599,1,3,-1
231,286,1242.3173828125,4.553277969360352,462.1156005859375,502.439208984375,0.8329100012779236,1,3,-1
232,286,1244.22314453125,4.63490104675293,460.971435546875,495.4638671875,0.8259149193763733,1,3,-1
233,286,1243.8590087890625,4.763347148895264,462.718505859375,497.685791015625,0.7770499587059021,1,3,-1
234,286,1245.06103515625,4.869120121002197,462.1158447265625,490.3038635253906,0.8268980383872986,1,3,-1
235,286,1244.1546630859375,5.074455261230469,463.5325927734375,485.9450988769531,0.8514237999916077,1,3,-1
236,286,1243.885498046875,5.141016483306885,463.3917236328125,472.68304443359375,0.8535017967224121,1,3,-1
237,286,1245.878662109375,5.091664791107178,461.05224609375,469.12298583984375,0.8649330139160156,1,3,-1
238,286,1246.4642333984375,4.991582870483398,459.91455078125,473.2288513183594,0.8333129286766052,1,3,-1
239,286,1248.0574951171875,4.827584266662598,457.5791015625,474.121826171875,0.8317239284515381,1,3,-1
240,286,1249.3104248046875,4.8365092277526855,455.22705078125,474.09814453125,0.8419791460037231,1,3,-1
241,286,1249.8648681640625,5.031907081604004,453.9893798828125,473.9584655761719,0.84953773021698,1,3,-1
242,286,1250.958740234375,4.75733757019043,453.56005859375,475.8097229003906,0.8349099159240723,1,3,-1
243,286,1250.17529296875,4.690394401550293,453.8453369140625,474.5501708984375,0.8514082431793213,1,3,-1
244,286,1249.82470703125,4.749025821685791,453.0411376953125,476.3448486328125,0.8509384393692017,1,3,-1
245,286,1250.69677734375,4.823693752288818,453.222412109375,475.44110107421875,0.8814451694488525,1,3,-1
246,286,1249.7808837890625,5.026558876037598,451.91650390625,474.60150146484375,0.8313705921173096,1,3,-1
247,286,1249.9989013671875,5.122971534729004,450.536865234375,474.3179016113281,0.818296492099762,1,3,-1
248,286,1250.3475341796875,4.84034538269043,450.00146484375,477.4303894042969,0.831105649471283,1,3,-1
249,286,1251.8143310546875,4.742208480834961,446.2490234375,479.0658264160156,0.858066201210022,1,3,-1
250,286,1253.072998046875,4.7920823097229,441.9659423828125,479.1379699707031,0.8625296354293823,1,3,-1
251,286,1254.83203125,4.82802152633667,438.2301025390625,481.676513671875,0.8738305568695068,1,3,-1
252,286,1254.5941162109375,4.804451942443848,437.9718017578125,486.0316467285156,0.8505542278289795,1,3,-1
253,286,1256.413818359375,5.059950351715088,434.91162109375,488.46002197265625,0.8775648474693298,1,3,-1
254,286,1257.8592529296875,5.260306358337402,430.70166015625,488.6290283203125,0.8524895310401917,1,3,-1
255,286,1256.7412109375,5.438900470733643,430.0279541015625,491.70599365234375,0.8460458517074585,1,3,-1
256,286,1255.622802734375,5.330979347229004,429.7247314453125,496.4613342285156,0.8247601389884949,1,3,-1
257,286,1253.799560546875,5.260080814361572,430.8355712890625,502.1478271484375,0.8474025130271912,1,3,-1
258,286,1252.3699951171875,4.838115215301514,430.88623046875,504.0937805175781,0.7835981845855713,1,3,-1
259,286,1254.6749267578125,4.7368083000183105,425.93896484375,505.092529296875,0.7648140788078308,1,3,-1
260,286,1255.621826171875,4.869977951049805,421.6898193359375,501.101806640625,0.8038986921310425,1,3,-1
261,286,1258.2142333984375,4.964519500732422,416.455078125,502.578857421875,0.8077961206436157,1,3,-1
262,286,1253.2239990234375,4.838972568511963,420.3885498046875,503.2118225097656,0.8493345379829407,1,3,-1
263,286,1250.9495849609375,5.048151016235352,421.3997802734375,504.1204528808594,0.8548267483711243,1,3,-1
264,286,1251.9527587890625,4.928184509277344,419.4410400390625,509.6581726074219,0.7539379000663757,1,3,-1
265,286,1251.9111328125,5.113585948944092,418.72265625,509.10107421875,0.8254510760307312,1,3,-1
266,286,1252.8907470703125,4.754395008087158,414.608642578125,509.77508544921875,0.8553699254989624,1,3,-1
267,286,1253.753173828125,4.646978378295898,408.4019775390625,510.5506591796875,0.8493690490722656,1,3,-1
268,286,1250.8724365234375,4.9835710525512695,407.7071533203125,513.6536865234375,0.8471648693084717,1,3,-1
269,286,1252.559326171875,4.536037445068359,403.4007568359375,518.0557250976562,0.821634829044342,1,3,-1
270,286,1252.793701171875,4.318427562713623,400.554931640625,515.3749389648438,0.8282670378684998,1,3,-1
271,286,1252.484375,3.9422521591186523,396.7044677734375,515.5598754882812,0.6157688498497009,1,3,-1
272,286,1251.805419921875,3.2420706748962402,393.173095703125,521.9044189453125,0.5815505981445312,1,3,-1
273,286,1247.8782958984375,3.2346346378326416,393.3321533203125,530.864013671875,0.6950757503509521,1,3,-1
274,286,1245.2083740234375,3.7471535205841064,389.44921875,528.5189819335938,0.7358203530311584,1,3,-1
275,286,1244.2039794921875,3.798617362976074,386.352783203125,527.1618041992188,0.8174290657043457,1,3,-1
276,286,1239.87158203125,3.6720945835113525,384.573974609375,532.8265991210938,0.7508734464645386,1,3,-1
277,286,1239.2928466796875,3.244936466217041,381.41796875,529.6021728515625,0.8161369562149048,1,3,-1
278,286,1237.088134765625,3.6187329292297363,379.595947265625,526.57666015625,0.7909488081932068,1,3,-1
279,286,1234.282470703125,3.7518961429595947,376.59130859375,529.1468505859375,0.7878127694129944,1,3,-1
280,286,1231.1484375,3.5401313304901123,373.040771484375,548.9368286132812,0.6945013999938965,1,3,-1
281,286,1232.1954345703125,3.821342706680298,366.4908447265625,544.417724609375,0.6232078075408936,1,3,-1
282,286,1229.0037841796875,3.7401235103607178,361.7913818359375,540.4706420898438,0.6171490550041199,1,3,-1
283,286,1225.121337890625,3.9314568042755127,357.0914306640625,540.2317504882812,0.5117099285125732,1,3,-1
284,286,1224.0943603515625,4.131402969360352,351.276123046875,533.25830078125,0.6109840273857117,1,3,-1
285,286,1221.5283203125,4.6917338371276855,348.0595703125,531.0364990234375,0.5998400449752808,1,3,-1
286,286,1219.8104248046875,4.519546031951904,343.0753173828125,537.7711791992188,0.6752873659133911,1,3,-1
287,286,1216.1090087890625,3.8272078037261963,341.9378662109375,531.627197265625,0.7197361588478088,1,3,-1
288,286,1211.537353515625,3.2449309825897217,340.2230224609375,537.3536987304688,0.6866291165351868,1,3,-1
289,286,1208.5196533203125,3.016467332839966,337.406494140625,532.8751831054688,0.6993763446807861,1,3,-1
290,286,1201.578369140625,2.8756730556488037,336.916015625,532.1900024414062,0.6896229386329651,1,3,-1
291,286,1202.434326171875,2.609255790710449,328.5218505859375,530.29833984375,0.5387779474258423,1,3,-1
292,286,1204.6162109375,2.613041877746582,320.7891845703125,524.5646362304688,0.5088396072387695,1,3,-1
293,286,1204.9361572265625,2.587489366531372,315.108154296875,521.7557373046875,0.5258921980857849,1,3,-1
