38,368,1003.9329223632812,451.09149169921875,149.68023681640625,538.45166015625,0.5904526710510254,1,6,-1
39,368,1003.8657836914062,447.6228332519531,148.96710205078125,554.2982177734375,0.5162891745567322,1,6,-1
40,368,1003.20849609375,446.0201416015625,149.1705322265625,567.0288696289062,0.5140753984451294,1,6,-1
42,368,998.9155883789062,448.1673278808594,153.76275634765625,547.1541748046875,0.670318603515625,1,6,-1
43,368,999.3643798828125,445.0926818847656,153.6373291015625,544.2635498046875,0.6140505075454712,1,6,-1
44,368,999.2400512695312,447.2269287109375,153.14434814453125,545.4254760742188,0.5535562038421631,1,6,-1
45,368,1000.1612548828125,443.79931640625,152.3497314453125,546.146484375,0.548414409160614,1,6,-1
51,368,1002.003662109375,430.05523681640625,148.7467041015625,566.7378540039062,0.5573858618736267,1,6,-1
52,368,1000.4539794921875,435.1331787109375,149.4884033203125,574.0139770507812,0.5324147343635559,1,6,-1
53,368,998.2451171875,436.14044189453125,150.0018310546875,573.5001220703125,0.5301376581192017,1,6,-1
56,368,997.8790893554688,436.49005126953125,147.13238525390625,570.407958984375,0.6820291876792908,1,6,-1
57,368,998.4736328125,434.8679504394531,146.0782470703125,576.1275634765625,0.5812009572982788,1,6,-1
60,368,995.4864501953125,429.87274169921875,145.908203125,588.3162841796875,0.5175415873527527,1,6,-1
62,368,991.2888793945312,429.4842224121094,143.91644287109375,593.5841064453125,0.5688413381576538,1,6,-1
63,368,990.9305419921875,433.2868347167969,142.1331787109375,592.6209716796875,0.6120864152908325,1,6,-1
64,368,989.6061401367188,431.3373718261719,141.46185302734375,597.2542724609375,0.6031201481819153,1,6,-1
65,368,986.6845092773438,428.4106750488281,142.57708740234375,604.8837890625,0.609407901763916,1,6,-1
66,368,985.6317749023438,424.3423767089844,141.94573974609375,609.6429443359375,0.6466231942176819,1,6,-1
67,368,984.6046142578125,422.6767578125,141.656982421875,606.865966796875,0.5594968795776367,1,6,-1
68,368,979.9852294921875,417.67547607421875,145.8878173828125,615.6661987304688,0.6742252111434937,1,6,-1
69,368,978.3396606445312,416.5963439941406,147.16339111328125,614.73291015625,0.6971752047538757,1,6,-1
70,368,976.4515991210938,414.2806396484375,147.78948974609375,616.818359375,0.6818987131118774,1,6,-1
71,368,974.7488403320312,415.91558837890625,148.17864990234375,614.9319458007812,0.6402924060821533,1,6,-1
72,368,970.5474243164062,406.1766052246094,151.53460693359375,626.4991455078125,0.5765237808227539,1,6,-1
73,368,966.10546875,402.28533935546875,154.8695068359375,629.9724731445312,0.6679170727729797,1,6,-1
74,368,963.4771118164062,406.0579833984375,157.54083251953125,627.336669921875,0.5633049607276917,1,6,-1
75,368,960.2962036132812,402.79864501953125,158.51434326171875,631.9058227539062,0.5553763508796692,1,6,-1
76,368,958.5772705078125,403.67279052734375,159.6749267578125,634.2639770507812,0.6294383406639099,1,6,-1
77,368,955.1298217773438,397.9775695800781,161.01837158203125,644.513427734375,0.5509330034255981,1,6,-1
78,368,951.2293090820312,398.3981018066406,162.39129638671875,646.772705078125,0.5929440259933472,1,6,-1
80,368,945.9102783203125,393.035400390625,162.46826171875,655.6168212890625,0.5780572295188904,1,6,-1
83,368,945.6505737304688,389.80352783203125,158.18365478515625,681.4026489257812,0.5328942537307739,1,6,-1
84,368,943.660400390625,391.0273742675781,159.1258544921875,673.6165771484375,0.5432438254356384,1,6,-1
86,368,940.2479248046875,390.9744873046875,159.18798828125,669.8751220703125,0.5190128087997437,1,6,-1
87,368,929.8123168945312,377.09796142578125,168.01495361328125,681.3103637695312,0.5268943309783936,1,6,-1
88,368,923.2891235351562,373.2698669433594,173.00433349609375,683.841064453125,0.5619974136352539,1,6,-1
89,368,920.8011474609375,368.94439697265625,173.8248291015625,684.1675415039062,0.5667626261711121,1,6,-1
90,368,915.9420166015625,364.9651794433594,177.108154296875,688.58935546875,0.5626667737960815,1,6,-1
91,370,244.55897521972656,175.27679443359375,75.18394470214844,92.5791015625,0.6488364338874817,1,13,-1
92,368,909.20849609375,360.96832275390625,180.4580078125,685.3690795898438,0.5969313979148865,1,6,-1
93,368,905.2994384765625,354.94146728515625,182.0574951171875,691.2044067382812,0.5926399230957031,1,6,-1
94,368,901.201904296875,349.9814453125,184.137939453125,684.3162841796875,0.5583832263946533,1,6,-1
95,368,892.999755859375,351.778564453125,190.52392578125,679.215576171875,0.5995238423347473,1,6,-1
96,368,890.4075927734375,348.1236267089844,191.954833984375,683.4891357421875,0.562598466873169,1,6,-1
100,370,186.43414306640625,138.613525390625,82.74313354492188,96.01747131347656,0.5139226913452148,1,13,-1
223,373,720.6925659179688,1.0535857677459717,378.01849365234375,1078.9464111328125,0.6042618751525879,1,6,-1
224,373,714.9811401367188,0.5161207914352417,378.43121337890625,1079.48388671875,0.5317172408103943,1,6,-1
