121,72,0.6060042977333069,41.54380798339844,76.42547607421875,439.42681884765625,0.5362770557403564,1,6,-1
125,72,0.5030874609947205,1.5988037586212158,107.69824981689453,502.38519287109375,0.5895006060600281,1,6,-1
127,72,1.1801939010620117,0.0,124.27781677246094,521.28466796875,0.5420968532562256,1,6,-1
128,72,1.6332834959030151,0.0,131.62246704101562,537.6331787109375,0.5021347999572754,1,6,-1
129,72,1.7676153182983398,0.0,140.40896606445312,547.3871459960938,0.708027720451355,1,6,-1
130,72,1.8282084465026855,0.0,148.69436645507812,552.7619018554688,0.6141341328620911,1,6,-1
131,72,1.8558406829833984,0.0,157.33355712890625,562.8609008789062,0.5588017702102661,1,6,-1
132,72,1.6851608753204346,0.0,165.6087188720703,570.5941162109375,0.6403681635856628,1,6,-1
133,72,1.5645215511322021,0.0,174.9099884033203,562.644775390625,0.5772466063499451,1,6,-1
176,73,38.612579345703125,1.2709434032440186,435.35479736328125,1078.72900390625,0.5721909403800964,1,6,-1
177,73,45.34487533569336,2.1574203968048096,434.3348388671875,1076.919677734375,0.5593549609184265,1,6,-1
189,73,46.78067398071289,0.4042627811431885,443.81805419921875,1079.5782470703125,0.5289478302001953,1,6,-1
191,73,53.06010055541992,1.1864099502563477,439.1003723144531,1078.587158203125,0.6386000514030457,1,6,-1
192,73,55.638763427734375,1.9353214502334595,439.2486877441406,1075.9517822265625,0.6133931875228882,1,6,-1
193,73,57.918678283691406,1.8292930126190186,439.6673889160156,1075.7823486328125,0.5695753693580627,1,6,-1
194,73,60.68770217895508,1.855674386024475,440.2551574707031,1075.2294921875,0.5217998027801514,1,6,-1
195,73,63.75574493408203,1.940748691558838,439.9382019042969,1075.04638671875,0.5847182869911194,1,6,-1
196,73,66.76478576660156,1.9275846481323242,440.2242431640625,1075.1192626953125,0.5917477011680603,1,6,-1
197,73,69.69140625,1.8315507173538208,441.32489013671875,1075.3677978515625,0.6584651470184326,1,6,-1
198,73,72.73104858398438,3.6846470832824707,442.6415100097656,1073.5848388671875,0.7031490802764893,1,6,-1
199,73,76.59577178955078,5.361883163452148,442.3232421875,1072.017333984375,0.7252596020698547,1,6,-1
200,73,80.23160552978516,8.146684646606445,442.7785949707031,1069.38720703125,0.7391400933265686,1,6,-1
201,73,84.18212890625,11.269599914550781,442.4136962890625,1066.2574462890625,0.7935458421707153,1,6,-1
202,73,88.52122497558594,13.115622520446777,442.127197265625,1064.552490234375,0.8137520551681519,1,6,-1
203,73,92.35607147216797,15.418964385986328,443.09765625,1062.40234375,0.7905046939849854,1,6,-1
204,73,96.51653289794922,18.230815887451172,443.64532470703125,1059.450927734375,0.8016616106033325,1,6,-1
205,73,102.3696517944336,20.400352478027344,441.9194641113281,1057.293701171875,0.8077775835990906,1,6,-1
206,73,107.94841766357422,22.684856414794922,440.96844482421875,1054.9166259765625,0.8068261742591858,1,6,-1
207,73,113.40206146240234,24.9563045501709,440.9720764160156,1052.509521484375,0.7974792122840881,1,6,-1
208,73,118.3518295288086,26.444862365722656,440.6023864746094,1051.043701171875,0.7907216548919678,1,6,-1
209,73,125.11094665527344,28.08255958557129,439.691162109375,1049.5064697265625,0.7831490635871887,1,6,-1
210,73,131.481201171875,29.382888793945312,439.6796875,1048.3260498046875,0.7796285152435303,1,6,-1
211,73,138.5323944091797,31.23647117614746,438.87115478515625,1046.3720703125,0.7494730949401855,1,6,-1
212,73,147.18592834472656,33.505252838134766,436.94110107421875,1043.750244140625,0.5522207617759705,1,6,-1
213,73,154.97955322265625,32.941627502441406,432.864990234375,1044.2181396484375,0.8086388111114502,1,6,-1
214,73,162.59365844726562,33.28245544433594,428.9325256347656,1044.3109130859375,0.8106042742729187,1,6,-1
215,73,171.56788635253906,34.52030563354492,424.779541015625,1043.0850830078125,0.8475743532180786,1,6,-1
216,73,181.32008361816406,36.20769500732422,421.0478515625,1041.3951416015625,0.8136516213417053,1,6,-1
217,73,190.10836791992188,37.671539306640625,419.8895568847656,1040.2696533203125,0.830501139163971,1,6,-1
218,73,198.6578826904297,38.418434143066406,418.03997802734375,1039.28515625,0.8018149733543396,1,6,-1
219,73,207.1045684814453,39.742977142333984,416.61846923828125,1037.9298095703125,0.8047131896018982,1,6,-1
220,73,215.21932983398438,41.72909927368164,415.3102722167969,1036.3546142578125,0.8248754739761353,1,6,-1
221,73,224.15419006347656,43.172325134277344,413.91082763671875,1034.785888671875,0.828952968120575,1,6,-1
222,73,233.92999267578125,46.394866943359375,410.70074462890625,1031.684326171875,0.8306531310081482,1,6,-1
223,73,243.1904754638672,49.00333023071289,409.222900390625,1028.99853515625,0.8423111438751221,1,6,-1
224,73,253.528076171875,51.201393127441406,407.6763916015625,1027.132568359375,0.8182762265205383,1,6,-1
225,73,262.01544189453125,51.9296760559082,404.73516845703125,1026.6812744140625,0.7846856117248535,1,6,-1
226,73,271.1949157714844,54.26858139038086,403.2339172363281,1025.397216796875,0.840596616268158,1,6,-1
227,73,281.93902587890625,57.41156005859375,398.99420166015625,1020.7340698242188,0.8415249586105347,1,6,-1
228,73,289.72601318359375,59.36895751953125,396.28570556640625,1019.5691528320312,0.8457027673721313,1,6,-1
229,73,299.6736755371094,60.70294952392578,392.1574401855469,1017.9644165039062,0.8518368601799011,1,6,-1
230,73,306.5218505859375,62.55691146850586,391.4371337890625,1017.443115234375,0.8616008758544922,1,6,-1
231,73,314.972412109375,64.40139770507812,392.37896728515625,1014.849853515625,0.8454278111457825,1,6,-1
232,73,324.86798095703125,67.11823272705078,390.93536376953125,1011.4757690429688,0.8588224053382874,1,6,-1
233,73,334.3712463378906,68.91996002197266,389.6076965332031,1009.2627563476562,0.8330690264701843,1,6,-1
234,73,347.58514404296875,71.225341796875,383.91339111328125,1006.696533203125,0.8660651445388794,1,6,-1
235,73,358.20294189453125,71.8126220703125,379.3779296875,1007.12255859375,0.8614781498908997,1,6,-1
236,73,369.3582458496094,71.44038391113281,374.6189270019531,1003.7971801757812,0.8088551759719849,1,6,-1
237,73,378.1594543457031,71.57313537597656,375.2447204589844,1008.4268798828125,0.8977513909339905,1,6,-1
238,73,387.0104064941406,72.14244079589844,375.9396057128906,1007.8575439453125,0.8824946880340576,1,6,-1
239,73,397.6827087402344,74.54264831542969,372.3134460449219,1005.4573364257812,0.8830832242965698,1,6,-1
240,73,405.62750244140625,75.1703872680664,371.82611083984375,1004.674072265625,0.8748049736022949,1,6,-1
241,73,414.8241882324219,76.22879791259766,368.4604187011719,1003.2813110351562,0.884110152721405,1,6,-1
242,73,424.61114501953125,77.83366394042969,366.48126220703125,999.5388793945312,0.8752082586288452,1,6,-1
243,73,433.89892578125,76.85808563232422,364.6119384765625,1001.9699096679688,0.864362359046936,1,6,-1
244,73,445.3249206542969,77.49703216552734,360.6777648925781,1002.4573364257812,0.8576353192329407,1,6,-1
245,73,453.87518310546875,78.96893310546875,359.92437744140625,1001.0310668945312,0.8447474837303162,1,6,-1
246,73,463.95098876953125,77.7073745727539,358.22540283203125,1002.2926025390625,0.8391652703285217,1,6,-1
247,73,475.2142028808594,72.63904571533203,353.9834899902344,1007.3609619140625,0.6998056173324585,1,6,-1
248,73,484.1878967285156,71.65412139892578,351.1691589355469,1008.3458862304688,0.8497319221496582,1,6,-1
249,73,494.2672424316406,69.60449981689453,349.6585998535156,1008.636474609375,0.8392423391342163,1,6,-1
250,73,501.6900329589844,72.63540649414062,346.6990051269531,1007.3646240234375,0.8434513807296753,1,6,-1
251,73,511.0180969238281,65.32340240478516,344.7872009277344,1014.6765747070312,0.8148317933082581,1,6,-1
252,73,521.8903198242188,67.18534088134766,341.3162841796875,1012.8146362304688,0.8086708784103394,1,6,-1
253,73,531.5664672851562,64.00718688964844,337.89129638671875,1015.9927978515625,0.8349120020866394,1,6,-1
254,73,542.2863159179688,63.95572280883789,332.16094970703125,1016.0442504882812,0.8461951017379761,1,6,-1
255,73,549.907470703125,62.37376022338867,330.52685546875,1017.626220703125,0.8716310858726501,1,6,-1
256,73,560.231201171875,61.64774703979492,325.98150634765625,1018.3522338867188,0.8565854430198669,1,6,-1
257,73,570.6005859375,63.332393646240234,325.114501953125,1016.6676025390625,0.7815842032432556,1,6,-1
258,73,579.0529174804688,63.98965835571289,324.21026611328125,1016.0103149414062,0.8137899041175842,1,6,-1
259,73,590.1834106445312,63.357303619384766,318.85845947265625,1016.6427001953125,0.5345519185066223,1,6,-1
260,73,598.3104248046875,61.04186248779297,316.9715576171875,1018.9581298828125,0.8388609886169434,1,6,-1
261,73,606.8460693359375,59.28865432739258,314.38848876953125,1020.7113647460938,0.8431379795074463,1,6,-1
262,73,618.2182006835938,57.43288040161133,308.818359375,1022.567138671875,0.8560354113578796,1,6,-1
263,73,627.2839965820312,56.249176025390625,306.634033203125,1023.7508544921875,0.8482267260551453,1,6,-1
264,73,637.53515625,56.00526428222656,303.23272705078125,1023.9947509765625,0.8109017014503479,1,6,-1
265,73,646.2898559570312,56.42908477783203,300.6033935546875,1023.5709228515625,0.8300148248672485,1,6,-1
266,73,652.8955078125,56.02146530151367,300.67559814453125,1023.978515625,0.813353955745697,1,6,-1
267,73,663.6484375,56.359249114990234,296.435546875,1023.6407470703125,0.7819617986679077,1,6,-1
268,73,672.8135375976562,56.72089767456055,291.8753662109375,1023.2791137695312,0.8107529878616333,1,6,-1
269,73,680.397705078125,57.688724517822266,292.10272216796875,1022.311279296875,0.8049757480621338,1,6,-1
270,73,689.8323974609375,58.7568473815918,289.701416015625,1021.2431640625,0.7944771647453308,1,6,-1
271,73,696.1068115234375,59.402130126953125,289.06304931640625,1020.597900390625,0.7385267615318298,1,6,-1
272,73,705.8849487304688,60.52320861816406,288.1982421875,1019.476806640625,0.682968258857727,1,6,-1
273,73,716.9688110351562,74.69125366210938,283.31781005859375,1005.3087158203125,0.8171703219413757,1,6,-1
274,73,725.6177978515625,64.73614501953125,280.6605224609375,1015.2638549804688,0.7421152591705322,1,6,-1
275,73,731.3682250976562,61.18796157836914,278.6077880859375,1018.81201171875,0.7863430976867676,1,6,-1
276,73,742.3109130859375,61.41755294799805,275.21282958984375,1018.5824584960938,0.7590180039405823,1,6,-1
277,73,756.2299194335938,69.85437774658203,270.38763427734375,1010.1456298828125,0.7770567536354065,1,6,-1
278,73,768.1080322265625,91.5219955444336,265.3641357421875,988.47802734375,0.7469421625137329,1,6,-1
279,73,776.5849609375,90.5240707397461,264.3375244140625,989.4759521484375,0.7667907476425171,1,6,-1
280,73,785.454345703125,120.9946060180664,263.3759765625,959.00537109375,0.7957873940467834,1,6,-1
281,73,794.1317138671875,141.5711212158203,261.864501953125,938.4288940429688,0.7551825642585754,1,6,-1
282,73,804.552734375,150.62924194335938,258.1112060546875,929.3707275390625,0.7985039353370667,1,6,-1
283,73,817.2526245117188,159.18560791015625,250.38104248046875,920.8143920898438,0.7304162383079529,1,6,-1
284,73,826.8135375976562,149.87579345703125,247.22564697265625,930.1242065429688,0.6939029693603516,1,6,-1
285,73,834.2246704101562,158.95458984375,247.12835693359375,921.04541015625,0.6827101111412048,1,6,-1
286,73,843.6112670898438,171.38485717773438,244.28814697265625,908.6151123046875,0.6961473822593689,1,6,-1
287,73,850.8004760742188,180.37411499023438,243.06512451171875,899.6258544921875,0.6871016621589661,1,6,-1
288,73,859.2218627929688,181.12969970703125,240.14739990234375,898.8703002929688,0.6964351534843445,1,6,-1
289,73,867.124755859375,177.91030883789062,237.07080078125,902.0897216796875,0.6167871952056885,1,6,-1
290,73,873.8798217773438,186.70716857910156,236.43560791015625,893.1263427734375,0.563328206539154,1,6,-1
