2,643,1412.1136474609375,0.7807816863059998,159.5704345703125,133.65447998046875,0.9267402291297913,1,6,-1
2,644,478.5801696777344,4.32316255569458,104.62680053710938,147.85757446289062,0.6959353089332581,1,6,-1
3,643,1410.9617919921875,1.0941131114959717,160.661865234375,131.4479522705078,0.931065022945404,1,6,-1
3,644,477.8311462402344,2.865298271179199,102.77548217773438,149.62229919433594,0.5404700636863708,1,6,-1
4,643,1410.2398681640625,1.2305855751037598,161.0482177734375,130.46180725097656,0.9187909960746765,1,6,-1
5,643,1409.751953125,1.3249884843826294,160.830078125,129.6145782470703,0.9291649460792542,1,6,-1
5,644,474.3214416503906,2.3368442058563232,103.58236694335938,147.41123962402344,0.8389779925346375,1,6,-1
6,643,1408.69775390625,1.4965384006500244,160.6220703125,128.56491088867188,0.9254806041717529,1,6,-1
6,644,472.34765625,2.257913589477539,104.95599365234375,145.9500274658203,0.800132691860199,1,6,-1
7,643,1408.0577392578125,1.6645647287368774,160.8868408203125,127.29389953613281,0.9335569143295288,1,6,-1
7,644,470.70404052734375,3.3542613983154297,104.90826416015625,143.1086883544922,0.7017146944999695,1,6,-1
8,643,1407.4278564453125,1.537856101989746,160.013916015625,126.47334289550781,0.9368903636932373,1,6,-1
8,644,468.73553466796875,2.9830307960510254,105.32562255859375,140.98976135253906,0.7109326124191284,1,6,-1
9,643,1407.073486328125,1.2726370096206665,158.59423828125,126.05918884277344,0.9364990592002869,1,6,-1
10,643,1406.6197509765625,1.3302818536758423,158.169189453125,124.50133514404297,0.931318998336792,1,6,-1
10,644,465.5163269042969,1.5436416864395142,106.30123901367188,139.44960021972656,0.7033354043960571,1,6,-1
11,643,1404.7655029296875,1.2129647731781006,158.7099609375,123.94927215576172,0.9298313856124878,1,6,-1
11,644,463.80023193359375,1.7193858623504639,106.195556640625,138.6182861328125,0.7553991675376892,1,6,-1
12,643,1403.2889404296875,1.3090440034866333,158.56982421875,122.89501953125,0.9198588728904724,1,6,-1
13,643,1401.64501953125,1.5424938201904297,158.998779296875,122.3907699584961,0.9240403175354004,1,6,-1
13,644,461.24224853515625,1.776365876197815,106.41778564453125,137.7471923828125,0.8151764869689941,1,6,-1
14,643,1400.494384765625,1.8517038822174072,159.7132568359375,120.13190460205078,0.9203552007675171,1,6,-1
15,643,1399.6324462890625,1.659842610359192,159.38671875,119.5727767944336,0.8742645978927612,1,6,-1
15,644,457.6586608886719,1.845524549484253,106.90048217773438,137.2006072998047,0.6342891454696655,1,6,-1
16,643,1399.6829833984375,1.9969189167022705,158.7420654296875,119.27740478515625,0.897770881652832,1,6,-1
16,644,455.4051513671875,0.9104478359222412,108.03680419921875,137.96690368652344,0.7371032238006592,1,6,-1
17,643,1398.2706298828125,2.1723833084106445,159.2786865234375,118.92455291748047,0.9231352806091309,1,6,-1
18,643,1397.8233642578125,2.248225688934326,159.344482421875,118.99441528320312,0.9084526300430298,1,6,-1
18,644,453.0497131347656,0.6981344819068909,108.13565063476562,134.3557586669922,0.5316658020019531,1,6,-1
19,643,1397.5888671875,2.377635955810547,159.0584716796875,118.85452270507812,0.8903565406799316,1,6,-1
19,644,451.8432922363281,0.9626164436340332,108.62130737304688,133.5315399169922,0.5935225486755371,1,6,-1
20,643,1397.2392578125,2.103447675704956,159.444091796875,118.91567993164062,0.8771703243255615,1,6,-1
21,643,1397.4964599609375,1.933357834815979,158.8419189453125,119.14259338378906,0.8827810287475586,1,6,-1
21,644,450.15435791015625,1.0103503465652466,109.40447998046875,132.66505432128906,0.6915911436080933,1,6,-1
22,643,1397.0010986328125,1.842054009437561,159.087158203125,119.08432006835938,0.8780191540718079,1,6,-1
23,643,1396.488037109375,1.8317493200302124,159.0467529296875,118.65373229980469,0.8753002285957336,1,6,-1
24,643,1396.1036376953125,1.953669548034668,157.5679931640625,118.25878143310547,0.8723412752151489,1,6,-1
25,643,1395.3104248046875,1.983957052230835,158.521728515625,118.00251770019531,0.8816239833831787,1,6,-1
25,644,446.65704345703125,1.0121700763702393,108.27166748046875,131.8740234375,0.767484188079834,1,6,-1
26,643,1393.5789794921875,1.8895057439804077,158.63525390625,118.0148696899414,0.9022216796875,1,6,-1
26,644,444.7660827636719,1.014035940170288,109.57534790039062,132.20025634765625,0.8347463607788086,1,6,-1
27,643,1392.5037841796875,1.9253225326538086,158.7286376953125,117.86297607421875,0.9010716080665588,1,6,-1
27,644,443.306884765625,0.9389428496360779,108.93206787109375,131.8793487548828,0.8013392090797424,1,6,-1
28,643,1391.2496337890625,1.9138400554656982,158.1649169921875,117.58113861083984,0.8884580731391907,1,6,-1
28,644,442.1314392089844,1.1920658349990845,108.42532348632812,131.94593811035156,0.782844066619873,1,6,-1
29,643,1388.6644287109375,2.350283145904541,158.835693359375,116.76289367675781,0.8763496279716492,1,6,-1
29,644,440.85968017578125,1.1259918212890625,108.77313232421875,132.2933349609375,0.7691075205802917,1,6,-1
30,643,1386.9215087890625,2.482428550720215,158.1029052734375,116.65184020996094,0.8515622019767761,1,6,-1
30,644,439.2796936035156,1.0647224187850952,108.71035766601562,131.7184295654297,0.6810917854309082,1,6,-1
31,643,1385.3470458984375,2.2223803997039795,158.7008056640625,117.10179901123047,0.8712824583053589,1,6,-1
31,644,437.0154724121094,0.950296938419342,109.01583862304688,131.7108154296875,0.897037148475647,1,6,-1
32,643,1384.071533203125,2.3243696689605713,159.107666015625,116.4065933227539,0.8697476387023926,1,6,-1
32,644,435.76092529296875,1.371551275253296,109.6207275390625,131.6283721923828,0.883073627948761,1,6,-1
33,643,1383.224609375,2.096503496170044,158.741455078125,117.2449951171875,0.8842422366142273,1,6,-1
33,644,433.1184387207031,1.2434648275375366,109.74209594726562,131.0448760986328,0.8271666765213013,1,6,-1
34,643,1381.11865234375,2.046227216720581,159.2042236328125,117.42835235595703,0.9010413289070129,1,6,-1
34,644,431.1278381347656,1.172065258026123,110.45266723632812,131.3604278564453,0.8731328248977661,1,6,-1
35,643,1378.490234375,2.10115122795105,159.4071044921875,117.27806091308594,0.8796513676643372,1,6,-1
36,643,1376.7156982421875,2.3610661029815674,158.881591796875,116.67160034179688,0.8430097699165344,1,6,-1
37,643,1375.064453125,2.344611167907715,158.689208984375,116.99443817138672,0.8456364870071411,1,6,-1
37,644,424.9518737792969,0.912682294845581,111.26052856445312,131.98617553710938,0.6322100758552551,1,6,-1
38,643,1372.812744140625,2.4515583515167236,159.46044921875,117.12925720214844,0.8289750218391418,1,6,-1
39,643,1372.092041015625,2.338726282119751,157.2813720703125,117.02142333984375,0.8528798222541809,1,6,-1
39,644,420.66229248046875,0.6865051984786987,111.14117431640625,131.51956176757812,0.8097139596939087,1,6,-1
40,643,1370.4384765625,2.19199800491333,156.135498046875,117.49557495117188,0.8124180436134338,1,6,-1
40,644,418.257568359375,0.9989541172981262,111.419921875,130.76153564453125,0.5131145715713501,1,6,-1
41,643,1367.6444091796875,2.167947769165039,156.7410888671875,117.13383483886719,0.8644618391990662,1,6,-1
42,643,1364.7257080078125,2.1439764499664307,157.967041015625,116.44440460205078,0.8765885829925537,1,6,-1
42,644,413.7286376953125,0.9966358542442322,112.7303466796875,130.38583374023438,0.5538307428359985,1,6,-1
43,643,1363.1126708984375,2.065270185470581,158.5313720703125,116.10240173339844,0.8916634917259216,1,6,-1
43,644,412.2799072265625,0.9269183874130249,112.37786865234375,130.12852478027344,0.6044859886169434,1,6,-1
44,643,1361.899169921875,2.162747621536255,158.0899658203125,116.20962524414062,0.9064009189605713,1,6,-1
44,644,410.5878601074219,1.0823111534118652,112.55484008789062,129.20184326171875,0.5664500594139099,1,6,-1
45,643,1359.81103515625,2.147719144821167,157.867919921875,116.5813217163086,0.9016825556755066,1,6,-1
45,644,408.66827392578125,1.161280632019043,112.56610107421875,127.75545501708984,0.7477577328681946,1,6,-1
46,643,1359.1517333984375,1.8877166509628296,156.6396484375,116.61466979980469,0.8771227598190308,1,6,-1
47,643,1358.0135498046875,1.8271825313568115,155.083740234375,116.60400390625,0.8906899690628052,1,6,-1
48,643,1356.33740234375,1.947913646697998,154.6334228515625,116.69967651367188,0.8802889585494995,1,6,-1
48,644,401.4677429199219,0.8517857193946838,113.82711791992188,128.01284790039062,0.5944015979766846,1,6,-1
49,643,1353.4112548828125,2.276676893234253,155.93603515625,116.20076751708984,0.8882890343666077,1,6,-1
50,643,1351.9166259765625,2.162132501602173,156.92041015625,116.67797088623047,0.8368847370147705,1,6,-1
50,644,397.4766540527344,0.9015840291976929,113.80908203125,127.54609680175781,0.7372788190841675,1,6,-1
51,643,1351.0225830078125,2.201626777648926,156.32568359375,116.85066986083984,0.8659160733222961,1,6,-1
52,643,1349.5384521484375,2.1673083305358887,155.641357421875,116.88072204589844,0.853627622127533,1,6,-1
52,644,393.9209289550781,0.9447293281555176,113.46466064453125,124.5634765625,0.6600852608680725,1,6,-1
53,643,1348.4927978515625,1.9633718729019165,154.39990234375,117.07078552246094,0.8763173818588257,1,6,-1
53,644,391.50128173828125,0.8196821212768555,113.90786743164062,125.02104187011719,0.8115027546882629,1,6,-1
54,643,1346.82177734375,2.0510640144348145,154.48876953125,116.57078552246094,0.8711268901824951,1,6,-1
54,644,389.32427978515625,0.634653627872467,113.72073364257812,123.62447357177734,0.7807023525238037,1,6,-1
55,643,1345.24072265625,2.118945360183716,154.136962890625,116.55193328857422,0.8961023092269897,1,6,-1
55,644,387.44635009765625,0.7191066741943359,113.89395141601562,122.1803970336914,0.7927340865135193,1,6,-1
56,643,1343.232666015625,2.072650194168091,154.3450927734375,116.18080139160156,0.8929803967475891,1,6,-1
56,644,385.3832092285156,0.49453970789909363,114.58462524414062,121.45548248291016,0.8973401188850403,1,6,-1
57,643,1341.6488037109375,2.00378680229187,154.806396484375,115.93778228759766,0.8806484341621399,1,6,-1
57,644,383.30035400390625,0.3468938171863556,114.26119995117188,121.32453155517578,0.807355523109436,1,6,-1
58,643,1339.8763427734375,2.0366997718811035,153.6380615234375,116.46308135986328,0.8571831583976746,1,6,-1
58,644,381.1496276855469,0.24933433532714844,114.64596557617188,119.2023696899414,0.8856949210166931,1,6,-1
59,643,1338.1357421875,2.038374900817871,153.31005859375,116.74595642089844,0.9073666334152222,1,6,-1
59,644,378.77947998046875,0.19560955464839935,114.88424682617188,118.40595245361328,0.8710386157035828,1,6,-1
60,643,1336.1397705078125,1.8069050312042236,153.4974365234375,116.84852600097656,0.9004725813865662,1,6,-1
60,644,376.6407775878906,0.04385319724678993,114.080810546875,118.96846771240234,0.7356974482536316,1,6,-1
61,643,1334.9002685546875,2.052408456802368,152.304443359375,116.71614074707031,0.8710606098175049,1,6,-1
61,644,374.50616455078125,0.07884187996387482,114.9686279296875,117.49656677246094,0.8217869400978088,1,6,-1
62,643,1331.5081787109375,2.20627760887146,153.50390625,117.13919830322266,0.8933834433555603,1,6,-1
62,644,372.0533142089844,0.23877999186515808,114.45462036132812,115.7724609375,0.7851585745811462,1,6,-1
63,643,1328.7379150390625,2.4082014560699463,152.833740234375,117.77383422851562,0.8937037587165833,1,6,-1
63,644,369.252685546875,0.26545581221580505,115.54364013671875,114.90462493896484,0.8547670841217041,1,6,-1
64,643,1327.138427734375,2.069105625152588,151.624267578125,119.13316345214844,0.8910841941833496,1,6,-1
64,644,366.7369689941406,0.13386443257331848,114.50332641601562,113.97298431396484,0.7315458059310913,1,6,-1
65,643,1324.767333984375,1.5545462369918823,151.876220703125,119.7344970703125,0.9029949307441711,1,6,-1
65,644,363.6597900390625,0.34175363183021545,115.03875732421875,113.49916076660156,0.7910109758377075,1,6,-1
66,643,1321.880126953125,1.3423936367034912,151.8074951171875,119.84687042236328,0.9128130674362183,1,6,-1
67,643,1317.9193115234375,1.8627477884292603,152.894287109375,120.9926528930664,0.9142473340034485,1,6,-1
67,644,355.987548828125,0.07833371311426163,117.06671142578125,112.83946228027344,0.5273438692092896,1,6,-1
68,643,1314.324462890625,1.8463815450668335,153.0203857421875,122.91780090332031,0.9259203672409058,1,6,-1
69,643,1311.949951171875,1.4877490997314453,151.479736328125,124.24011993408203,0.9290698766708374,1,6,-1
70,643,1309.8238525390625,1.353331208229065,150.74365234375,125.76898956298828,0.9308850169181824,1,6,-1
70,644,346.7669982910156,0.0,117.02700805664062,108.95542907714844,0.7917358875274658,1,6,-1
71,643,1306.2283935546875,1.4562727212905884,151.7166748046875,127.00151824951172,0.9326131343841553,1,6,-1
71,644,343.0436096191406,0.0,117.0517578125,107.53382873535156,0.8453145027160645,1,6,-1
72,643,1303.7071533203125,1.84158456325531,150.0181884765625,127.34564208984375,0.9258340001106262,1,6,-1
72,644,339.27471923828125,0.0,116.07656860351562,106.20582580566406,0.8112022280693054,1,6,-1
73,643,1300.48876953125,1.387437343597412,149.72021484375,129.34817504882812,0.9276182651519775,1,6,-1
73,644,335.5949401855469,0.058876946568489075,115.82284545898438,104.75825500488281,0.8590033054351807,1,6,-1
74,643,1297.9521484375,1.089420199394226,148.7379150390625,130.30471801757812,0.9123045802116394,1,6,-1
74,644,331.1056213378906,0.08139663934707642,116.25439453125,104.13417053222656,0.8635919094085693,1,6,-1
75,643,1293.9927978515625,1.1777992248535156,148.9111328125,131.72767639160156,0.9116134643554688,1,6,-1
75,644,328.8994140625,0.04251692816615105,114.60983276367188,102.45587158203125,0.8540046215057373,1,6,-1
76,643,1290.2918701171875,1.705568552017212,148.5008544921875,132.48147583007812,0.9151196479797363,1,6,-1
76,644,325.0243225097656,0.18670468032360077,114.90975952148438,100.9521713256836,0.856166660785675,1,6,-1
77,643,1287.6226806640625,1.7398570775985718,147.3145751953125,133.40359497070312,0.8819357752799988,1,6,-1
77,644,320.7129211425781,0.12133434414863586,115.50234985351562,99.91885375976562,0.7753416299819946,1,6,-1
78,643,1283.5670166015625,1.8081167936325073,147.791015625,135.22828674316406,0.9086498618125916,1,6,-1
78,644,316.78076171875,0.18770679831504822,115.52883911132812,98.5567398071289,0.8516804575920105,1,6,-1
79,643,1279.2242431640625,1.6299989223480225,147.54541015625,136.8885498046875,0.9104598164558411,1,6,-1
79,644,312.654541015625,0.25338801741600037,116.87353515625,97.52140045166016,0.8778145909309387,1,6,-1
80,643,1276.1036376953125,1.713437557220459,145.606689453125,138.81027221679688,0.8930768370628357,1,6,-1
80,644,307.73114013671875,0.7660937309265137,117.83364868164062,96.44287109375,0.8557867407798767,1,6,-1
81,643,1271.5792236328125,2.1578855514526367,145.9708251953125,138.567626953125,0.9161756634712219,1,6,-1
81,644,303.506103515625,0.5859191417694092,116.971435546875,94.8311767578125,0.8820546865463257,1,6,-1
82,643,1267.6331787109375,2.6513421535491943,145.894287109375,140.04391479492188,0.9111023545265198,1,6,-1
82,644,298.7259826660156,0.29804590344429016,116.79339599609375,93.81300354003906,0.8834369778633118,1,6,-1
83,643,1264.1409912109375,3.284335136413574,145.9111328125,139.63909912109375,0.9127671122550964,1,6,-1
83,644,294.4414367675781,0.6515983939170837,116.94439697265625,92.41861724853516,0.8762847185134888,1,6,-1
84,643,1262.021728515625,3.192723035812378,144.585693359375,141.16656494140625,0.914100706577301,1,6,-1
84,644,289.6472473144531,0.4528338611125946,117.29806518554688,91.94448852539062,0.9048643112182617,1,6,-1
85,643,1256.8408203125,3.1452577114105225,145.0633544921875,143.25758361816406,0.9156234860420227,1,6,-1
85,644,284.9345703125,0.803477942943573,116.43292236328125,91.29354858398438,0.8855810165405273,1,6,-1
86,643,1253.055419921875,2.917447328567505,145.3037109375,145.74923706054688,0.9085466861724854,1,6,-1
86,644,281.3071594238281,0.9181653261184692,117.18869018554688,90.28195190429688,0.9089068174362183,1,6,-1
87,643,1250.294189453125,2.441709518432617,143.6768798828125,147.85745239257812,0.8554643392562866,1,6,-1
87,644,276.99005126953125,0.5464826226234436,116.87936401367188,88.31048583984375,0.8774533867835999,1,6,-1
88,643,1246.8089599609375,2.5479750633239746,142.9462890625,149.1412353515625,0.874920129776001,1,6,-1
88,644,273.7575988769531,0.29879921674728394,117.24639892578125,88.07273864746094,0.8726983666419983,1,6,-1
89,643,1242.7598876953125,2.36686372756958,143.351318359375,149.9241180419922,0.8497654795646667,1,6,-1
89,644,269.6041259765625,0.2625465393066406,116.12811279296875,85.59133911132812,0.8946124911308289,1,6,-1
90,643,1239.760009765625,2.1439833641052246,142.4986572265625,151.98318481445312,0.8706129193305969,1,6,-1
90,644,264.4039611816406,0.23106668889522552,115.97003173828125,85.89720153808594,0.8755747675895691,1,6,-1
91,643,1236.3592529296875,2.155362367630005,141.010009765625,152.76455688476562,0.8599230051040649,1,6,-1
91,644,260.66619873046875,0.3955530822277069,115.2470703125,85.22056579589844,0.8384367823600769,1,6,-1
92,643,1233.414794921875,1.9900059700012207,140.5826416015625,154.14349365234375,0.8400424122810364,1,6,-1
92,644,257.3857116699219,0.5481484532356262,115.65377807617188,83.05813598632812,0.8710517287254333,1,6,-1
93,643,1229.98583984375,2.8091485500335693,140.7896728515625,154.16757202148438,0.86903977394104,1,6,-1
93,644,253.87416076660156,0.4593402147293091,115.40519714355469,82.39700317382812,0.8491016626358032,1,6,-1
94,643,1226.81787109375,3.3034489154815674,140.24462890625,154.5745391845703,0.7853653430938721,1,6,-1
94,644,252.8057861328125,1.460740327835083,112.66098022460938,79.56934356689453,0.8913386464118958,1,6,-1
95,643,1222.3665771484375,2.5985934734344482,141.691650390625,156.23263549804688,0.8479752540588379,1,6,-1
95,644,247.09820556640625,1.1291251182556152,113.10317993164062,78.07105255126953,0.8941290378570557,1,6,-1
96,643,1218.86962890625,2.472444772720337,143.14794921875,155.45947265625,0.8922975659370422,1,6,-1
96,644,244.45941162109375,0.9543807506561279,112.30636596679688,76.02889251708984,0.8895105719566345,1,6,-1
97,643,1216.3236083984375,3.6203598976135254,141.4637451171875,156.25901794433594,0.855725884437561,1,6,-1
97,644,243.480712890625,0.7192266583442688,109.59201049804688,73.87652587890625,0.8986548781394958,1,6,-1
98,643,1214.043701171875,4.290670394897461,139.8868408203125,156.60162353515625,0.8879699110984802,1,6,-1
98,644,239.47898864746094,0.22466525435447693,109.64170837402344,73.0691909790039,0.8961139917373657,1,6,-1
99,643,1210.78125,5.458613395690918,139.28466796875,156.5577392578125,0.8837873339653015,1,6,-1
99,644,235.6149139404297,0.5161599516868591,109.66227722167969,69.5858154296875,0.8824458718299866,1,6,-1
100,643,1207.1072998046875,9.495302200317383,139.382080078125,153.59580993652344,0.8645864725112915,1,6,-1
100,644,231.2570343017578,0.5798081159591675,109.07325744628906,67.27021026611328,0.8886141180992126,1,6,-1
100,645,1882.2664794921875,449.5499572753906,36.6656494140625,160.85885620117188,0.6687119007110596,1,6,-1
101,643,1203.77685546875,9.008578300476074,138.8460693359375,154.50350952148438,0.8074222207069397,1,6,-1
101,644,227.2784423828125,0.28297489881515503,108.53826904296875,66.0609130859375,0.8891955018043518,1,6,-1
101,645,1875.5145263671875,443.462890625,42.8975830078125,172.93975830078125,0.5535423159599304,1,6,-1
102,643,1200.1214599609375,8.727669715881348,139.6324462890625,155.08709716796875,0.8340460062026978,1,6,-1
102,644,223.5438995361328,0.0,106.97407531738281,64.87874603271484,0.8645045757293701,1,6,-1
103,643,1196.9698486328125,9.230912208557129,139.7857666015625,154.6125946044922,0.7438551187515259,1,6,-1
103,644,219.5774383544922,0.09409895539283752,107.47578430175781,63.53459167480469,0.8595239520072937,1,6,-1
104,643,1193.666259765625,10.762312889099121,138.7899169921875,154.29273986816406,0.6143490076065063,1,6,-1
104,644,216.71046447753906,0.038823917508125305,107.83409118652344,62.53937530517578,0.8667912483215332,1,6,-1
105,643,1191.263427734375,12.72701358795166,137.54638671875,153.1207275390625,0.8515145778656006,1,6,-1
105,644,213.19618225097656,0.0331839993596077,105.79948425292969,60.234619140625,0.8823597431182861,1,6,-1
106,643,1187.5770263671875,14.835392951965332,138.0430908203125,151.639892578125,0.7915838956832886,1,6,-1
106,644,209.34254455566406,0.2192055583000183,103.37834167480469,57.4064826965332,0.8818511962890625,1,6,-1
107,643,1183.402099609375,16.33803939819336,137.8160400390625,150.47637939453125,0.650357723236084,1,6,-1
107,644,205.26577758789062,0.18670614063739777,103.04632568359375,53.82611083984375,0.8710381984710693,1,6,-1
108,643,1180.224853515625,16.8528995513916,136.9285888671875,150.08349609375,0.7340065240859985,1,6,-1
108,644,201.8356170654297,0.18892289698123932,101.09651184082031,50.993507385253906,0.8519762754440308,1,6,-1
109,643,1177.1021728515625,18.04473304748535,136.8409423828125,149.21011352539062,0.8685678839683533,1,6,-1
109,644,198.77674865722656,0.41936418414115906,99.51029968261719,47.82243728637695,0.8356937170028687,1,6,-1
110,643,1173.15966796875,18.95484161376953,137.157470703125,149.14559936523438,0.8836823105812073,1,6,-1
110,644,195.49261474609375,0.665339469909668,98.5325927734375,46.198795318603516,0.7888407707214355,1,6,-1
111,643,1169.9111328125,20.09001922607422,136.9549560546875,148.96395874023438,0.8461087346076965,1,6,-1
111,644,191.50830078125,0.8641577959060669,97.33432006835938,42.266239166259766,0.6678239703178406,1,6,-1
112,643,1166.970703125,20.25600242614746,136.76171875,149.13015747070312,0.883014976978302,1,6,-1
112,644,188.6879425048828,0.9883666634559631,96.16935729980469,38.63813400268555,0.5924983024597168,1,6,-1
113,643,1163.2877197265625,20.52057647705078,136.5799560546875,149.62530517578125,0.9184834957122803,1,6,-1
113,644,185.16015625,1.1991932392120361,94.8416748046875,37.12372970581055,0.6949811577796936,1,6,-1
114,643,1159.7686767578125,21.73304557800293,136.5948486328125,148.7938690185547,0.8943696618080139,1,6,-1
114,644,181.4972686767578,1.1183900833129883,93.33464050292969,37.49320983886719,0.699001669883728,1,6,-1
115,643,1156.9415283203125,23.69123077392578,136.200439453125,147.92678833007812,0.8415476679801941,1,6,-1
116,643,1154.4150390625,23.543140411376953,135.98876953125,149.07298278808594,0.8916504383087158,1,6,-1
117,643,1150.73486328125,24.51319122314453,135.048828125,149.84957885742188,0.8917761445045471,1,6,-1
118,643,1147.3441162109375,25.499910354614258,134.5252685546875,150.05538940429688,0.875262975692749,1,6,-1
119,643,1144.6658935546875,26.852153778076172,133.449951171875,149.30557250976562,0.7692131400108337,1,6,-1
120,643,1141.0870361328125,28.032081604003906,133.3692626953125,149.07571411132812,0.8961883783340454,1,6,-1
124,643,1127.1134033203125,30.13802719116211,134.0194091796875,149.4962158203125,0.6457975506782532,1,6,-1
126,643,1121.1705322265625,31.35194969177246,133.70068359375,149.442626953125,0.7633168697357178,1,6,-1
127,643,1118.8135986328125,32.238677978515625,132.631103515625,149.09442138671875,0.8114370107650757,1,6,-1
128,643,1114.6649169921875,33.09444808959961,132.960693359375,147.9481201171875,0.7663189172744751,1,6,-1
129,643,1111.7381591796875,36.30665969848633,132.9534912109375,145.20277404785156,0.7870666980743408,1,6,-1
130,643,1108.9476318359375,35.94987106323242,133.0382080078125,145.9608917236328,0.7504845857620239,1,6,-1
131,643,1105.6336669921875,36.240386962890625,133.0474853515625,145.9117889404297,0.8323752880096436,1,6,-1
132,643,1101.9627685546875,35.96913528442383,132.1602783203125,146.76988220214844,0.7631884813308716,1,6,-1
133,643,1098.6976318359375,37.31732940673828,131.705810546875,145.81259155273438,0.6127037405967712,1,6,-1
135,643,1091.556640625,38.961647033691406,130.9488525390625,145.62100219726562,0.7569242119789124,1,6,-1
136,643,1087.704833984375,38.27887725830078,131.256103515625,147.31130981445312,0.7942017316818237,1,6,-1
137,643,1084.443115234375,38.237892150878906,131.287841796875,147.43862915039062,0.8745540380477905,1,6,-1
138,643,1081.53564453125,39.44953918457031,130.69482421875,145.9289093017578,0.9225922226905823,1,6,-1
139,643,1077.1822509765625,39.85434341430664,131.3470458984375,145.74618530273438,0.9123699069023132,1,6,-1
140,643,1073.7813720703125,39.72655487060547,130.91796875,146.48956298828125,0.9218805432319641,1,6,-1
141,643,1071.2177734375,40.696083068847656,129.874755859375,145.31118774414062,0.901361882686615,1,6,-1
142,643,1067.0980224609375,41.376251220703125,130.259765625,144.74639892578125,0.9044406414031982,1,6,-1
143,643,1063.0230712890625,41.56218338012695,131.3243408203125,144.2694854736328,0.8279324769973755,1,6,-1
144,643,1059.5242919921875,41.43583679199219,130.581787109375,144.0408935546875,0.8368891477584839,1,6,-1
145,643,1056.243896484375,41.085044860839844,129.5467529296875,144.54763793945312,0.9028028249740601,1,6,-1
146,643,1052.540283203125,41.34136199951172,129.1854248046875,144.32522583007812,0.8787299394607544,1,6,-1
147,643,1049.2021484375,41.21271514892578,128.7427978515625,144.63302612304688,0.7152014374732971,1,6,-1
148,643,1046.1085205078125,40.78703308105469,128.099365234375,145.23907470703125,0.7532228231430054,1,6,-1
149,643,1041.0118408203125,40.10116195678711,129.9002685546875,146.2053680419922,0.6490946412086487,1,6,-1
150,643,1037.639892578125,40.28573989868164,129.7646484375,145.3800811767578,0.913040280342102,1,6,-1
151,643,1034.619873046875,40.498924255371094,128.269287109375,145.16055297851562,0.8976039290428162,1,6,-1
152,643,1029.019287109375,39.796783447265625,129.6710205078125,146.14068603515625,0.9081438183784485,1,6,-1
153,643,1025.6929931640625,39.04060745239258,130.006591796875,147.0935516357422,0.9208520650863647,1,6,-1
154,643,1023.3709716796875,39.52141571044922,129.34814453125,146.0162353515625,0.8889346718788147,1,6,-1
155,643,1019.9932250976562,39.245967864990234,128.59918212890625,145.6702423095703,0.8191850185394287,1,6,-1
156,643,1016.6228637695312,39.385398864746094,128.31195068359375,145.10552978515625,0.8368849754333496,1,6,-1
157,643,1013.0748901367188,39.15087890625,128.85833740234375,145.23179626464844,0.7018991112709045,1,6,-1
158,643,1010.9588623046875,39.16718673706055,128.1947021484375,145.26211547851562,0.7458471655845642,1,6,-1
159,643,1007.1784057617188,39.00432586669922,128.54656982421875,145.233642578125,0.8492385745048523,1,6,-1
160,643,1004.2552490234375,39.033233642578125,128.4814453125,144.80978393554688,0.8198930621147156,1,6,-1
161,643,1001.4489135742188,38.86188507080078,127.58306884765625,145.4554443359375,0.5795667767524719,1,6,-1
162,643,998.2391357421875,39.09834671020508,127.717529296875,145.6092529296875,0.8206085562705994,1,6,-1
163,643,994.0034790039062,39.70113754272461,128.01812744140625,144.9507293701172,0.8189228177070618,1,6,-1
164,643,990.5510864257812,39.92091751098633,128.01129150390625,144.53501892089844,0.8892824053764343,1,6,-1
165,643,987.1242065429688,40.29366683959961,128.54669189453125,144.42640686035156,0.9222978353500366,1,6,-1
166,643,983.642822265625,40.3187141418457,128.2025146484375,144.7814178466797,0.9228665828704834,1,6,-1
167,643,979.4777221679688,41.0318717956543,129.23394775390625,144.64158630371094,0.9119089841842651,1,6,-1
168,643,976.5838012695312,40.968441009521484,129.89849853515625,145.19187927246094,0.8990595936775208,1,6,-1
169,643,974.1928100585938,41.71310806274414,128.61358642578125,144.52952575683594,0.8980614542961121,1,6,-1
170,643,970.0250244140625,42.10620880126953,128.5262451171875,144.6689453125,0.8162640929222107,1,6,-1
171,643,966.2589721679688,42.88393020629883,128.80950927734375,143.62417602539062,0.7768566012382507,1,6,-1
172,643,963.4741821289062,43.847251892089844,127.52764892578125,142.72616577148438,0.7165332436561584,1,6,-1
173,643,959.9400634765625,44.292724609375,127.354736328125,142.91502380371094,0.8496209979057312,1,6,-1
174,643,956.4474487304688,43.920013427734375,127.02093505859375,143.6865692138672,0.8240283727645874,1,6,-1
175,643,953.0181884765625,44.47455978393555,126.9140625,143.67230224609375,0.8793036937713623,1,6,-1
176,643,949.7637939453125,45.249107360839844,126.6737060546875,143.34579467773438,0.8226611018180847,1,6,-1
177,643,945.8287353515625,45.38899230957031,127.5875244140625,143.9126434326172,0.8509613275527954,1,6,-1
178,643,941.9444580078125,45.94877624511719,128.1070556640625,143.7786865234375,0.8446550369262695,1,6,-1
179,643,938.4678344726562,45.832664489746094,127.28778076171875,144.28976440429688,0.7712347507476807,1,6,-1
180,643,933.95068359375,46.58110427856445,128.3634033203125,144.3997344970703,0.7186824679374695,1,6,-1
181,643,930.592529296875,46.54292678833008,128.281494140625,144.32012939453125,0.8425038456916809,1,6,-1
182,643,927.816162109375,46.32323455810547,127.153076171875,145.28134155273438,0.776239812374115,1,6,-1
183,643,923.4578857421875,46.21217727661133,127.77685546875,145.49252319335938,0.7437422871589661,1,6,-1
188,643,905.595458984375,47.931968688964844,127.218505859375,144.00552368164062,0.6065995097160339,1,6,-1
189,643,902.337890625,48.42333221435547,126.3662109375,143.43319702148438,0.5450459122657776,1,6,-1
190,643,898.2180786132812,48.24596405029297,126.95452880859375,143.7415771484375,0.6961294412612915,1,6,-1
191,643,895.1387329101562,48.63663864135742,126.5286865234375,143.13845825195312,0.6265471577644348,1,6,-1
192,643,891.968994140625,48.27410125732422,125.80108642578125,143.679443359375,0.5405126810073853,1,6,-1
194,643,883.7985229492188,47.79381561279297,127.54461669921875,143.30657958984375,0.7518854141235352,1,6,-1
195,643,880.6859130859375,49.0639533996582,127.8768310546875,142.0172576904297,0.841623842716217,1,6,-1
196,643,878.5855712890625,48.701148986816406,126.03521728515625,141.83224487304688,0.86362624168396,1,6,-1
197,643,874.2822875976562,48.204219818115234,125.29559326171875,142.81979370117188,0.655229389667511,1,6,-1
201,643,859.4739990234375,47.62169647216797,128.4893798828125,143.65875244140625,0.5942525863647461,1,6,-1
202,643,856.947265625,47.12898254394531,127.37921142578125,144.5876007080078,0.6925631761550903,1,6,-1
203,643,854.0909423828125,46.995628356933594,126.3531494140625,144.47268676757812,0.5682738423347473,1,6,-1
205,643,846.6488647460938,46.66975784301758,126.02227783203125,145.02035522460938,0.5297169089317322,1,6,-1
207,643,837.917724609375,46.99349594116211,128.42596435546875,144.47474670410156,0.5653863549232483,1,6,-1
208,643,834.1141967773438,46.918251037597656,128.14593505859375,144.54632568359375,0.5430732369422913,1,6,-1
218,643,793.2822265625,43.252952575683594,127.19000244140625,145.579345703125,0.8018067479133606,1,6,-1
219,643,788.00439453125,42.526451110839844,129.0157470703125,145.86367797851562,0.805788516998291,1,6,-1
220,643,784.6566162109375,43.01689529418945,128.69061279296875,145.1441650390625,0.7863659858703613,1,6,-1
221,643,781.7366333007812,42.81258010864258,128.27203369140625,145.8621063232422,0.8672757744789124,1,6,-1
222,643,777.156982421875,42.39208984375,128.5028076171875,146.11166381835938,0.5074369311332703,1,6,-1
223,643,773.9600830078125,42.311973571777344,127.31866455078125,146.34307861328125,0.5215570330619812,1,6,-1
224,643,770.5653686523438,42.28107833862305,127.8970947265625,146.75205993652344,0.7257686257362366,1,6,-1
225,643,766.017333984375,42.48976516723633,129.39056396484375,146.33631896972656,0.7247864007949829,1,6,-1
228,643,756.03271484375,43.623077392578125,130.1339111328125,146.58384704589844,0.5478094816207886,1,6,-1
230,643,749.6183471679688,44.62527084350586,129.95404052734375,146.97129821777344,0.6159330606460571,1,6,-1
233,643,737.4170532226562,46.42704772949219,129.79241943359375,146.35179138183594,0.5022625923156738,1,6,-1
238,643,717.4884033203125,50.43203353881836,131.41558837890625,143.90390014648438,0.5289219617843628,1,6,-1
241,643,705.3014526367188,50.29046630859375,131.244140625,147.4438934326172,0.6614962816238403,1,6,-1
246,643,686.3848266601562,50.78241729736328,130.33319091796875,147.5924072265625,0.6977095007896423,1,6,-1
247,643,681.843994140625,50.072628021240234,131.615234375,147.7195281982422,0.7871253490447998,1,6,-1
252,643,663.097900390625,48.4332160949707,132.98809814453125,149.10769653320312,0.5477359890937805,1,6,-1
260,643,632.3912963867188,43.83087921142578,135.145751953125,149.84225463867188,0.5028309226036072,1,6,-1
271,643,593.020263671875,34.300498962402344,137.637939453125,153.12045288085938,0.5056273937225342,1,6,-1
274,643,582.4910278320312,31.289669036865234,138.2265625,154.89222717285156,0.6403154730796814,1,6,-1
334,648,342.9092712402344,1.410005807876587,159.905517578125,145.9259796142578,0.6970977187156677,1,6,-1
335,648,339.0192565917969,1.1100646257400513,160.4317626953125,145.02114868164062,0.6994675397872925,1,6,-1
336,648,333.7402648925781,1.6842635869979858,162.16934204101562,143.6553192138672,0.5423485040664673,1,6,-1
337,648,328.89019775390625,1.134230375289917,162.60247802734375,143.72402954101562,0.7404552698135376,1,6,-1
342,648,303.388916015625,1.5152184963226318,164.8843994140625,138.5569610595703,0.6196128726005554,1,6,-1
343,648,297.217041015625,1.9770362377166748,166.73223876953125,136.6046600341797,0.8482890129089355,1,6,-1
344,648,292.7099304199219,2.0185959339141846,166.02334594726562,135.9164276123047,0.7635563015937805,1,6,-1
345,648,286.2426452636719,2.3638625144958496,167.103271484375,135.1468963623047,0.6378577947616577,1,6,-1
346,648,280.8225402832031,2.0651113986968994,168.37295532226562,135.26893615722656,0.5249729156494141,1,6,-1
347,648,275.1087646484375,1.665215015411377,168.54806518554688,134.213134765625,0.6822021007537842,1,6,-1
348,648,269.99407958984375,1.1122970581054688,169.30709838867188,133.61962890625,0.7976022958755493,1,6,-1
349,648,263.16729736328125,1.3346501588821411,169.79641723632812,132.49221801757812,0.6203168630599976,1,6,-1
350,648,257.53765869140625,1.2425376176834106,169.18743896484375,131.84506225585938,0.6272990703582764,1,6,-1
351,648,250.28070068359375,1.2704570293426514,170.57785034179688,131.16943359375,0.6401588320732117,1,6,-1
352,648,245.27157592773438,1.1432257890701294,170.72796630859375,130.48410034179688,0.900197446346283,1,6,-1
353,648,238.72866821289062,1.0349301099777222,172.33883666992188,130.33950805664062,0.8898618817329407,1,6,-1
354,648,232.7172393798828,1.1329063177108765,172.71690368652344,130.07550048828125,0.8901566863059998,1,6,-1
355,648,225.90838623046875,1.2345361709594727,174.43011474609375,129.1746826171875,0.8684324026107788,1,6,-1
356,648,220.99427795410156,1.5146254301071167,174.4545440673828,127.57613372802734,0.8526982069015503,1,6,-1
357,648,213.39743041992188,1.5269628763198853,176.67193603515625,127.59696960449219,0.7993603348731995,1,6,-1
358,648,206.2773895263672,1.4476609230041504,176.4589080810547,126.56985473632812,0.5637445449829102,1,6,-1
360,648,194.85986328125,1.1873382329940796,171.8621826171875,124.53131866455078,0.6319833993911743,1,6,-1
361,648,188.82029724121094,0.8044183850288391,174.9639129638672,123.46324157714844,0.8051363825798035,1,6,-1
362,648,181.40042114257812,0.2665030062198639,177.99606323242188,121.9917221069336,0.8391674160957336,1,6,-1
363,648,174.95127868652344,0.032974716275930405,179.75282287597656,121.88465118408203,0.8158860802650452,1,6,-1
364,648,168.33444213867188,0.0,180.995361328125,120.61503601074219,0.6318893432617188,1,6,-1
368,648,143.27337646484375,0.11026443541049957,181.58041381835938,116.66612243652344,0.7146140336990356,1,6,-1
369,648,135.1405487060547,0.1267944574356079,186.4934539794922,114.98995971679688,0.8967783451080322,1,6,-1
370,648,129.7243194580078,0.05848635360598564,186.63987731933594,113.9998550415039,0.8533433079719543,1,6,-1
371,648,122.61344909667969,0.04903937876224518,188.31190490722656,112.50245666503906,0.7970397472381592,1,6,-1
372,648,115.33677673339844,0.2608598470687866,188.3526153564453,110.8288345336914,0.6961038112640381,1,6,-1
373,648,108.04779815673828,0.425167441368103,189.18722534179688,108.86144256591797,0.7910475134849548,1,6,-1
374,648,100.77579498291016,0.5227434039115906,189.68838500976562,107.77133178710938,0.782375693321228,1,6,-1
375,648,91.12750244140625,0.3313958942890167,192.26605224609375,106.23552703857422,0.6138175129890442,1,6,-1
376,648,84.68517303466797,0.41448843479156494,193.85263061523438,104.64214324951172,0.6742413640022278,1,6,-1
377,648,78.04457092285156,0.420956015586853,194.5320281982422,102.61589813232422,0.5853132009506226,1,6,-1
378,648,70.40534973144531,0.4948020279407501,196.0872344970703,100.93657684326172,0.7033867239952087,1,6,-1
379,648,63.32303237915039,0.6846370100975037,197.3843994140625,98.94074249267578,0.7341383099555969,1,6,-1
380,648,56.30485153198242,0.6740156412124634,197.3109130859375,97.57138061523438,0.6981013417243958,1,6,-1
383,648,36.1080436706543,0.7894222736358643,200.17584228515625,92.93672943115234,0.5061647295951843,1,6,-1
384,648,29.65858268737793,0.7281488180160522,200.08404541015625,91.17369079589844,0.7001721858978271,1,6,-1
385,648,20.197738647460938,0.7078410387039185,203.4320526123047,89.73155975341797,0.7469757199287415,1,6,-1
386,648,10.7466459274292,0.8372936248779297,204.4690399169922,87.65690612792969,0.7580066323280334,1,6,-1
388,648,0.0,1.4603211879730225,201.59671020507812,83.48799133300781,0.5294677019119263,1,12,-1
393,648,0.0,0.09671486914157867,166.6632843017578,78.98329162597656,0.6699135303497314,1,6,-1
394,648,0.0,0.25536778569221497,159.1489715576172,76.567138671875,0.6594420075416565,1,6,-1
395,648,0.0,0.7328493595123291,151.0297393798828,74.5003890991211,0.6031913757324219,1,12,-1
395,649,0.0,0.10945449024438858,151.50970458984375,74.71044921875,0.5373542308807373,1,6,-1
396,648,0.0,1.0048052072525024,143.40904235839844,73.03441619873047,0.5470840930938721,1,12,-1
397,648,0.0,1.2950239181518555,137.27513122558594,71.55127716064453,0.559495747089386,1,6,-1
407,648,0.0,1.006235122680664,66.28357696533203,60.08002471923828,0.595527708530426,1,6,-1
408,648,0.11029472947120667,1.4990792274475098,57.184085845947266,59.18663787841797,0.7058963179588318,1,6,-1
490,653,0.0,61.743778228759766,86.89672088623047,173.4483184814453,0.5934461355209351,1,7,-1
492,653,0.0,56.81330108642578,68.10865020751953,366.6657409667969,0.6742585301399231,1,6,-1
493,653,0.04608560726046562,56.132225036621094,58.68986511230469,401.1700134277344,0.6140581965446472,1,6,-1
494,653,0.0,54.4590950012207,48.89244079589844,409.173583984375,0.5821226835250854,1,6,-1
495,653,0.0,54.86117172241211,40.4130973815918,393.9479675292969,0.6367661356925964,1,6,-1
497,654,0.0,61.652626037597656,20.335002899169922,123.31037139892578,0.6846094727516174,1,6,-1
