1,916,1245.0467529296875,0.0,153.7548828125,66.82344055175781,0.8890036940574646,1,6,-1
2,916,1249.9027099609375,0.0,151.702880859375,70.13557434082031,0.8878182768821716,1,6,-1
2,1037,1873.3038330078125,278.44757080078125,46.61962890625,178.06826782226562,0.7713720798492432,1,6,-1
3,916,1251.388427734375,3.871619939804077,151.227294921875,66.77706909179688,0.8862221837043762,1,6,-1
3,1037,1872.9647216796875,277.9114990234375,46.9560546875,179.60836791992188,0.7711932063102722,1,6,-1
4,916,1251.9581298828125,4.94354772567749,151.0540771484375,66.52315521240234,0.8868651986122131,1,6,-1
4,1037,1872.78173828125,278.3960266113281,47.1046142578125,180.23208618164062,0.8334739804267883,1,6,-1
5,916,1252.3831787109375,4.942182540893555,150.944091796875,66.89032745361328,0.889704167842865,1,6,-1
5,1037,1872.45263671875,279.0269775390625,47.4571533203125,180.75213623046875,0.7660231590270996,1,6,-1
6,916,1253.4349365234375,4.7187628746032715,150.4462890625,67.2851333618164,0.8858913779258728,1,6,-1
6,1037,1872.3743896484375,279.8846435546875,47.560302734375,182.26657104492188,0.754392147064209,1,6,-1
7,916,1253.8282470703125,4.508161544799805,150.6781005859375,67.38005065917969,0.8864412307739258,1,6,-1
7,1037,1872.6904296875,282.4056701660156,47.307373046875,182.066162109375,0.6760311722755432,1,6,-1
8,916,1254.404296875,4.1689348220825195,151.2918701171875,68.1180419921875,0.8862481117248535,1,6,-1
8,1037,1873.1888427734375,284.8175354003906,46.8111572265625,181.40673828125,0.6686692237854004,1,6,-1
9,916,1254.6834716796875,4.006765842437744,152.2237548828125,68.83770751953125,0.874783456325531,1,6,-1
9,1037,1873.677978515625,288.48974609375,46.322021484375,179.416015625,0.6284341216087341,1,6,-1
10,916,1255.6297607421875,4.078685760498047,151.87939453125,69.80723571777344,0.8791025280952454,1,6,-1
10,1037,1874.504150390625,291.8483581542969,45.495849609375,177.49456787109375,0.5749043226242065,1,6,-1
11,916,1255.9268798828125,3.8001697063446045,153.8319091796875,71.03884887695312,0.8823607563972473,1,6,-1
11,1037,1875.4263916015625,295.533447265625,44.5736083984375,175.47247314453125,0.5736556053161621,1,6,-1
12,916,1256.2579345703125,3.324676513671875,154.9046630859375,72.1502685546875,0.8858753442764282,1,6,-1
12,1037,1876.6087646484375,299.23077392578125,43.3912353515625,173.82171630859375,0.573554515838623,1,6,-1
13,916,1257.876953125,2.863579273223877,154.979248046875,73.98995971679688,0.8790435791015625,1,6,-1
13,1037,1878.156005859375,302.85113525390625,41.843994140625,172.09970092773438,0.683356523513794,1,6,-1
14,916,1258.7835693359375,2.7065389156341553,155.7794189453125,75.58335876464844,0.8785630464553833,1,6,-1
14,1037,1879.9378662109375,306.59869384765625,40.0621337890625,169.9593505859375,0.7245049476623535,1,6,-1
15,916,1258.9622802734375,2.1604738235473633,156.899658203125,76.72807312011719,0.8649237155914307,1,6,-1
15,1037,1881.21435546875,310.88067626953125,38.78564453125,167.81484985351562,0.736065149307251,1,6,-1
16,916,1260.6695556640625,2.1516332626342773,155.691162109375,78.51786041259766,0.8770437836647034,1,6,-1
16,1037,1882.0780029296875,315.0968017578125,37.7705078125,166.4405517578125,0.758056104183197,1,6,-1
17,916,1261.1431884765625,2.003488779067993,156.3995361328125,79.56790924072266,0.9022584557533264,1,6,-1
17,1037,1882.526611328125,318.4656066894531,37.2254638671875,165.99090576171875,0.7622986435890198,1,6,-1
18,916,1262.1610107421875,1.8613648414611816,155.4681396484375,79.37236785888672,0.8980294466018677,1,6,-1
18,1037,1882.28125,321.5075988769531,37.3349609375,165.12127685546875,0.778171956539154,1,6,-1
19,916,1262.21875,1.6510335206985474,154.83056640625,80.84757995605469,0.8997633457183838,1,6,-1
19,1037,1881.931640625,323.2254943847656,37.58837890625,166.28268432617188,0.7034173607826233,1,6,-1
20,916,1262.670654296875,1.6661972999572754,154.6512451171875,81.5501480102539,0.9031871557235718,1,6,-1
20,1037,1880.3895263671875,325.1524963378906,39.0609130859375,167.73043823242188,0.6784168481826782,1,6,-1
21,916,1262.7149658203125,1.6514415740966797,154.402587890625,82.6502685546875,0.9041075110435486,1,6,-1
21,1037,1878.1077880859375,325.2851257324219,41.17724609375,171.11752319335938,0.6946774125099182,1,6,-1
22,916,1261.6959228515625,1.3929412364959717,154.3857421875,84.40542602539062,0.9131157398223877,1,6,-1
22,1037,1874.7633056640625,325.33050537109375,44.125244140625,177.44039916992188,0.8175467252731323,1,6,-1
23,916,1259.77783203125,1.6474660634994507,154.9847412109375,86.00613403320312,0.9127225875854492,1,6,-1
23,1037,1870.639892578125,323.0989685058594,47.7076416015625,187.009033203125,0.6988852620124817,1,6,-1
24,916,1257.2880859375,1.671978235244751,155.3944091796875,86.45706176757812,0.9140401482582092,1,6,-1
24,1037,1864.86083984375,318.5857238769531,52.8150634765625,200.40853881835938,0.6996780633926392,1,6,-1
25,916,1253.6932373046875,1.2098135948181152,155.0433349609375,88.54011535644531,0.9151720404624939,1,6,-1
25,1037,1857.5931396484375,312.26361083984375,59.297119140625,217.29083251953125,0.5159581303596497,1,6,-1
26,916,1250.4305419921875,1.3660690784454346,152.326904296875,89.04293060302734,0.915860116481781,1,6,-1
27,916,1245.0858154296875,0.9088392853736877,152.9080810546875,91.11357116699219,0.911148190498352,1,6,-1
28,916,1239.56884765625,0.5124508142471313,152.98095703125,92.3796157836914,0.9087469577789307,1,6,-1
29,916,1234.476318359375,0.3471929430961609,153.0438232421875,92.97421264648438,0.9010989665985107,1,6,-1
30,916,1229.6182861328125,0.3576703369617462,151.337158203125,94.04566955566406,0.9009080529212952,1,6,-1
31,916,1223.4329833984375,0.13935017585754395,152.3111572265625,95.19337463378906,0.9009745121002197,1,6,-1
32,916,1217.08447265625,0.036388009786605835,152.044921875,95.49220275878906,0.9036993980407715,1,6,-1
33,916,1211.9708251953125,0.0,151.4556884765625,95.6140365600586,0.9025183916091919,1,6,-1
33,1038,1772.6295166015625,225.75477600097656,145.5333251953125,390.663330078125,0.6945938467979431,1,17,-1
34,916,1207.103515625,0.029792863875627518,150.578857421875,96.2009506225586,0.9062297344207764,1,6,-1
34,1038,1762.7135009765625,215.3472137451172,154.6827392578125,410.2052001953125,0.8060722947120667,1,17,-1
35,916,1202.88720703125,0.07841183245182037,150.2523193359375,96.5983657836914,0.9121789336204529,1,6,-1
35,1038,1752.60302734375,203.08273315429688,165.5885009765625,432.1916198730469,0.8283289074897766,1,17,-1
36,916,1198.826171875,0.2175665646791458,149.3779296875,96.63190460205078,0.8988815546035767,1,6,-1
36,1038,1745.3818359375,191.30856323242188,173.8240966796875,452.4392395019531,0.7870583534240723,1,17,-1
37,916,1196.081298828125,0.3236263692378998,149.0010986328125,97.73982238769531,0.8684839010238647,1,6,-1
37,1038,1739.1639404296875,181.64732360839844,180.8214111328125,470.68939208984375,0.7379135489463806,1,17,-1
38,916,1193.5501708984375,0.3065781593322754,149.1668701171875,98.61359405517578,0.8323487639427185,1,6,-1
38,1038,1732.91845703125,173.09674072265625,187.08154296875,486.8779296875,0.6321142911911011,1,17,-1
39,916,1192.13671875,0.31266558170318604,148.4820556640625,100.24785614013672,0.819571316242218,1,6,-1
40,916,1191.0721435546875,0.4365924298763275,148.033203125,101.65324401855469,0.8574783802032471,1,6,-1
41,916,1190.4603271484375,0.5722873210906982,147.4581298828125,103.30873107910156,0.8717707395553589,1,6,-1
41,1038,1722.581298828125,152.39105224609375,196.5924072265625,526.0306396484375,0.5067878365516663,1,17,-1
42,916,1189.76025390625,0.6155929565429688,146.864501953125,104.52156829833984,0.8204389810562134,1,6,-1
43,916,1189.2752685546875,0.643006443977356,146.026611328125,106.25372314453125,0.7790467143058777,1,6,-1
44,916,1190.534423828125,0.6839821934700012,143.2989501953125,107.17610168457031,0.7342164516448975,1,6,-1
45,916,1190.2322998046875,0.7147727012634277,142.0574951171875,108.3228530883789,0.7413133382797241,1,6,-1
46,916,1187.648193359375,0.9461267590522766,143.7353515625,111.10453033447266,0.8296888470649719,1,6,-1
46,1038,1708.955078125,16.507362365722656,210.013916015625,690.7037353515625,0.5569483041763306,1,17,-1
47,916,1187.3841552734375,1.0524343252182007,144.2960205078125,112.06848907470703,0.7960617542266846,1,6,-1
48,916,1185.8067626953125,1.3506618738174438,145.8839111328125,114.00228118896484,0.8952204585075378,1,6,-1
49,916,1184.2913818359375,1.586167335510254,146.133056640625,114.63867950439453,0.8633199334144592,1,6,-1
50,916,1183.5791015625,2.1075048446655273,146.109375,116.57781982421875,0.8926501870155334,1,6,-1
51,916,1182.954833984375,1.822453498840332,146.4661865234375,118.29529571533203,0.8989983201026917,1,6,-1
52,916,1182.3907470703125,1.8468436002731323,146.4595947265625,119.2322006225586,0.9111152291297913,1,6,-1
53,916,1182.1318359375,1.4558160305023193,146.5809326171875,121.75608825683594,0.9160001873970032,1,6,-1
54,916,1181.6514892578125,1.0437517166137695,145.6845703125,123.45172119140625,0.899063229560852,1,6,-1
55,916,1181.469482421875,0.8564844727516174,145.4176025390625,125.2988510131836,0.9085318446159363,1,6,-1
56,916,1181.10693359375,0.6314519643783569,145.7833251953125,127.43424987792969,0.9116536974906921,1,6,-1
57,916,1180.9696044921875,0.6592763662338257,145.246337890625,129.6604766845703,0.908017098903656,1,6,-1
58,916,1181.0538330078125,0.8569295406341553,145.62841796875,130.9347381591797,0.9074004888534546,1,6,-1
59,916,1181.491455078125,0.8838254809379578,146.052734375,132.1049041748047,0.9159840941429138,1,6,-1
60,916,1182.8355712890625,1.0799484252929688,145.2532958984375,133.07611083984375,0.916475772857666,1,6,-1
61,916,1184.8785400390625,1.2898029088974,145.00390625,133.93447875976562,0.907454252243042,1,6,-1
62,916,1187.1754150390625,1.4755361080169678,144.0335693359375,135.39801025390625,0.8860270977020264,1,6,-1
62,1039,139.08177185058594,0.9070557355880737,107.01394653320312,40.60234832763672,0.7366412281990051,1,6,-1
63,916,1189.70849609375,0.9403617978096008,143.2481689453125,137.2864532470703,0.833626389503479,1,6,-1
63,1039,138.68084716796875,0.8433873057365417,109.13746643066406,42.918128967285156,0.8008864521980286,1,6,-1
64,916,1191.2020263671875,0.5027630925178528,143.2275390625,138.66563415527344,0.8687305450439453,1,6,-1
64,1039,140.09339904785156,0.7049936056137085,111.14382934570312,45.596107482910156,0.8268380165100098,1,6,-1
65,916,1192.9573974609375,1.5072460174560547,144.3402099609375,137.66769409179688,0.599122166633606,1,6,-1
65,1039,139.56849670410156,0.6362621188163757,114.75230407714844,49.57059097290039,0.8574838638305664,1,6,-1
66,916,1193.4681396484375,1.8600660562515259,145.659912109375,137.39471435546875,0.7970842123031616,1,6,-1
66,1039,139.19192504882812,0.569904088973999,117.47543334960938,52.97747802734375,0.8776741027832031,1,6,-1
67,916,1193.781982421875,2.035703420639038,146.5872802734375,138.1267852783203,0.8228828310966492,1,6,-1
67,1039,138.81166076660156,0.3766157925128937,119.72111511230469,58.980953216552734,0.8384879231452942,1,6,-1
68,916,1193.767333984375,2.1733531951904297,146.62548828125,138.8138885498047,0.7912135720252991,1,6,-1
68,1039,138.69192504882812,0.37591782212257385,120.599365234375,60.06517028808594,0.8706604838371277,1,6,-1
69,916,1193.513916015625,2.309201717376709,146.3270263671875,139.47775268554688,0.7694879770278931,1,6,-1
69,1039,136.519775390625,0.27386176586151123,122.75326538085938,61.003326416015625,0.88905930519104,1,6,-1
70,916,1192.88330078125,2.1606991291046143,146.1820068359375,139.8075408935547,0.7001469135284424,1,6,-1
70,1039,135.28843688964844,0.26224789023399353,123.79078674316406,61.37238693237305,0.8991169333457947,1,6,-1
71,1039,133.6550750732422,0.10937275737524033,124.36271667480469,64.03986358642578,0.8965624570846558,1,6,-1
72,1039,131.5531463623047,0.18614712357521057,125.54866027832031,64.91554260253906,0.886581301689148,1,6,-1
72,916,1190.982177734375,1.476672649383545,144.9564208984375,141.92860412597656,0.6063479781150818,1,6,-1
73,1039,129.90426635742188,0.5232308506965637,124.5152587890625,64.98638916015625,0.8773768544197083,1,6,-1
73,916,1190.261474609375,1.3576606512069702,144.9210205078125,142.0181427001953,0.6787602305412292,1,6,-1
74,1039,126.80216979980469,0.3735702633857727,125.4493408203125,66.95616149902344,0.8457611203193665,1,6,-1
74,916,1188.0052490234375,1.5950708389282227,145.4332275390625,142.202392578125,0.6581606864929199,1,6,-1
75,1039,122.89869689941406,0.41437140107154846,127.64511108398438,68.41594696044922,0.8811348080635071,1,6,-1
75,916,1186.8045654296875,1.2357807159423828,145.2843017578125,143.3629913330078,0.7559128403663635,1,6,-1
76,1039,122.19547271728516,0.3813115060329437,126.35303497314453,68.19207763671875,0.8716778755187988,1,6,-1
76,916,1185.080810546875,1.3416190147399902,145.986328125,143.2117462158203,0.6545717716217041,1,6,-1
77,1039,119.79680633544922,0.3996039927005768,125.46041107177734,68.80372619628906,0.8671964406967163,1,6,-1
77,916,1183.59423828125,1.4055774211883545,145.9027099609375,143.29336547851562,0.7783908247947693,1,6,-1
78,1039,116.62345886230469,0.45947080850601196,126.28907775878906,69.759521484375,0.8844104409217834,1,6,-1
78,916,1182.6427001953125,1.1574279069900513,145.4588623046875,143.4242401123047,0.8089213967323303,1,6,-1
79,1039,112.0249252319336,0.5049223303794861,128.84906005859375,69.70722961425781,0.8823387622833252,1,6,-1
79,916,1181.5098876953125,1.2366889715194702,146.2327880859375,143.23458862304688,0.713581919670105,1,6,-1
80,1039,111.03203582763672,1.1082675457000732,128.23309326171875,70.70967102050781,0.8732824325561523,1,6,-1
80,916,1180.4896240234375,0.9979543089866638,145.8614501953125,143.78744506835938,0.6505399346351624,1,6,-1
81,1039,110.59996032714844,1.5494053363800049,126.63124084472656,70.63360595703125,0.8729968070983887,1,6,-1
81,916,1180.0543212890625,1.0055891275405884,144.619384765625,144.5480194091797,0.6151354908943176,1,6,-1
82,1039,107.42322540283203,1.5249308347702026,127.91217803955078,71.0655517578125,0.8698054552078247,1,6,-1
82,916,1178.355712890625,1.3980181217193604,145.0892333984375,144.00022888183594,0.7692268490791321,1,6,-1
83,1039,102.6689224243164,1.216986894607544,131.322509765625,71.45072174072266,0.8797601461410522,1,6,-1
83,916,1177.344482421875,1.3118326663970947,145.804931640625,144.1845245361328,0.8153592944145203,1,6,-1
84,1039,98.38371276855469,1.0219613313674927,135.07794189453125,72.59525299072266,0.8758504986763,1,6,-1
84,916,1176.2752685546875,1.1714506149291992,145.4453125,144.26809692382812,0.7886027693748474,1,6,-1
85,1039,96.51638793945312,1.283026933670044,135.33238220214844,72.1556625366211,0.8741403222084045,1,6,-1
85,916,1175.2431640625,1.3918747901916504,144.76513671875,144.12649536132812,0.7357808351516724,1,6,-1
86,1039,95.62730407714844,1.1774073839187622,134.72219848632812,74.2017593383789,0.8740819096565247,1,6,-1
86,916,1173.8448486328125,1.5585440397262573,145.1341552734375,144.03077697753906,0.7885798215866089,1,6,-1
87,1039,93.22212982177734,1.0195645093917847,135.769775390625,75.9144287109375,0.876650869846344,1,6,-1
87,916,1172.1568603515625,1.6081973314285278,145.864013671875,143.82455444335938,0.7914494872093201,1,6,-1
88,1039,91.50125885009766,1.0906248092651367,134.25360107421875,76.0906982421875,0.8735199570655823,1,6,-1
88,916,1170.75390625,1.7242568731307983,146.3994140625,144.40155029296875,0.790002703666687,1,6,-1
89,1039,87.91171264648438,0.49555230140686035,136.18399047851562,77.70375061035156,0.8634418845176697,1,6,-1
89,916,1170.1995849609375,1.6376512050628662,146.2718505859375,145.80503845214844,0.7695372104644775,1,6,-1
90,1039,86.02446746826172,0.7574121952056885,136.32373046875,77.9891128540039,0.8784916400909424,1,6,-1
90,916,1169.039794921875,1.9895026683807373,146.54150390625,145.7135009765625,0.8337891101837158,1,6,-1
91,1039,84.34611511230469,1.5567994117736816,136.05674743652344,77.7174072265625,0.8504698872566223,1,6,-1
91,916,1168.526123046875,2.6511662006378174,144.9725341796875,145.76071166992188,0.7222556471824646,1,6,-1
92,1039,81.92008209228516,2.1777613162994385,136.08474731445312,76.72319793701172,0.7793267965316772,1,6,-1
92,916,1167.4923095703125,3.1540403366088867,144.701904296875,145.7637176513672,0.8010804057121277,1,6,-1
93,1039,78.83367156982422,2.4452078342437744,136.88815307617188,77.27042388916016,0.8575218319892883,1,6,-1
93,916,1166.8868408203125,3.6004912853240967,144.1810302734375,145.60781860351562,0.8514786958694458,1,6,-1
94,1039,74.95477294921875,1.812868595123291,138.74404907226562,79.80095672607422,0.8434783220291138,1,6,-1
94,916,1166.4140625,3.5746986865997314,144.0174560546875,146.00172424316406,0.8197405338287354,1,6,-1
95,1039,72.03484344482422,1.4637199640274048,139.431640625,79.55638885498047,0.8695766925811768,1,6,-1
95,916,1165.5006103515625,2.9436001777648926,144.364013671875,147.07456970214844,0.8387371897697449,1,6,-1
96,1039,69.06535339355469,1.3550571203231812,141.26380920410156,80.3896484375,0.8685303330421448,1,6,-1
96,916,1164.9864501953125,2.3511478900909424,143.665771484375,147.9084014892578,0.7581912875175476,1,6,-1
97,1039,66.55521392822266,1.7359375953674316,142.45184326171875,80.4356689453125,0.8374888896942139,1,6,-1
97,916,1162.9102783203125,1.9306856393814087,145.1263427734375,149.6753692626953,0.8074959516525269,1,6,-1
98,1039,64.4843978881836,0.5327227115631104,143.2017822265625,81.58464050292969,0.8043133020401001,1,6,-1
98,916,1161.9295654296875,1.738524317741394,145.0196533203125,150.54209899902344,0.7947649359703064,1,6,-1
99,1039,62.3038444519043,0.749052882194519,143.8518829345703,82.86930084228516,0.8690956830978394,1,6,-1
99,916,1161.2447509765625,1.9057101011276245,144.875244140625,151.24392700195312,0.8048099279403687,1,6,-1
100,1039,60.02076721191406,1.0098975896835327,144.4601593017578,84.00765991210938,0.8688709735870361,1,6,-1
100,916,1160.343017578125,1.903815507888794,144.6397705078125,151.93173217773438,0.7678776979446411,1,6,-1
101,1039,57.61426544189453,1.0653035640716553,145.016357421875,83.73861694335938,0.8665096759796143,1,6,-1
101,916,1159.1517333984375,1.8033292293548584,145.171630859375,152.6144256591797,0.7063726186752319,1,6,-1
102,1039,56.86756134033203,1.584943413734436,144.32669067382812,84.77040100097656,0.8416416645050049,1,6,-1
103,1039,54.132450103759766,1.547821283340454,145.4918212890625,87.0692138671875,0.8232738375663757,1,6,-1
104,1039,51.95199966430664,1.5663474798202515,146.8813934326172,88.51034545898438,0.7290477752685547,1,6,-1
106,1039,45.85343933105469,1.550168752670288,148.5736541748047,89.63745880126953,0.5126516222953796,1,6,-1
107,1039,43.78257369995117,1.1514886617660522,148.4994354248047,91.88668060302734,0.7735561728477478,1,6,-1
108,1039,40.7035026550293,0.7478376626968384,149.40316772460938,94.56689453125,0.5087859630584717,1,6,-1
109,1039,38.235137939453125,0.8456036448478699,150.0320281982422,95.51244354248047,0.7680806517601013,1,6,-1
110,1039,35.549415588378906,0.8084693551063538,150.91946411132812,96.78524780273438,0.7932151556015015,1,6,-1
111,1039,31.91316032409668,0.7025781273841858,153.30162048339844,100.51202392578125,0.5168398022651672,1,6,-1
112,1039,30.092662811279297,0.4320003092288971,153.25735473632812,103.46067810058594,0.5813961625099182,1,6,-1
113,1039,28.9174861907959,0.6099268198013306,152.03419494628906,103.10489654541016,0.713091254234314,1,6,-1
114,1039,25.275056838989258,0.6994218230247498,154.3334503173828,105.04630279541016,0.680492639541626,1,6,-1
115,1039,21.551557540893555,0.47215694189071655,155.6287841796875,106.93009185791016,0.6468604803085327,1,6,-1
117,1039,16.724674224853516,0.3591296970844269,157.89634704589844,108.68205261230469,0.6902742981910706,1,6,-1
125,1039,0.7445859313011169,1.147145390510559,162.24972534179688,117.92163848876953,0.6143630743026733,1,6,-1
126,1039,0.0,1.0181858539581299,160.9803009033203,120.10044860839844,0.7067492604255676,1,6,-1
228,1040,933.9688110351562,116.0435791015625,230.62615966796875,963.9564208984375,0.7085498571395874,1,17,-1
244,1040,878.6956176757812,368.4385681152344,198.33441162109375,711.474365234375,0.7840085625648499,1,17,-1
245,1040,874.7490234375,375.6011657714844,199.021240234375,704.383056640625,0.8478265404701233,1,17,-1
246,1040,870.0360107421875,383.1626892089844,199.6153564453125,696.8372802734375,0.644123375415802,1,17,-1
247,1040,865.5071411132812,387.9000549316406,199.72247314453125,692.0999755859375,0.5029537677764893,1,17,-1
248,1040,857.9807739257812,393.3855285644531,201.92413330078125,686.614501953125,0.6990354061126709,1,17,-1
249,1040,852.10693359375,396.89337158203125,202.895751953125,683.1066284179688,0.8202323317527771,1,17,-1
250,1040,846.2388916015625,401.5675354003906,203.5848388671875,678.4324951171875,0.8256036043167114,1,17,-1
251,1040,840.4550170898438,407.2477722167969,204.60882568359375,672.752197265625,0.7845908403396606,1,17,-1
252,1040,836.1848754882812,410.4049377441406,203.81512451171875,669.5950927734375,0.8254086375236511,1,17,-1
253,1040,830.729736328125,415.8202819824219,202.9296875,664.1796875,0.8338503837585449,1,17,-1
267,1040,745.2391967773438,465.70648193359375,213.79254150390625,614.2935180664062,0.6770021915435791,1,17,-1
271,1040,722.3671264648438,473.5929260253906,215.1373291015625,606.4071044921875,0.7312042117118835,1,17,-1
272,1040,714.709228515625,474.3989562988281,215.368896484375,605.60107421875,0.5504457354545593,1,17,-1
275,1040,697.1339111328125,479.8013610839844,217.3912353515625,600.1986083984375,0.5579268932342529,1,17,-1
278,1040,678.5875244140625,483.27685546875,218.42669677734375,596.72314453125,0.8380516767501831,1,17,-1
279,1040,670.9719848632812,485.0953674316406,220.34661865234375,594.9046630859375,0.5021407604217529,1,17,-1
282,1040,649.7264404296875,488.8406982421875,221.59515380859375,591.1593017578125,0.6131720542907715,1,17,-1
283,1040,642.0137939453125,491.40521240234375,223.06201171875,588.5947875976562,0.7375540733337402,1,17,-1
284,1040,635.445068359375,490.96343994140625,223.3494873046875,589.0365600585938,0.7626218199729919,1,17,-1
285,1040,628.3363647460938,495.4210205078125,224.369873046875,584.5789794921875,0.5435783863067627,1,17,-1
286,1040,620.569580078125,496.43316650390625,225.8841552734375,583.5668334960938,0.6526920795440674,1,17,-1
288,1040,605.7744140625,499.1415710449219,225.12445068359375,580.8583984375,0.7988447546958923,1,17,-1
289,1040,598.2059936523438,498.90185546875,226.19183349609375,581.09814453125,0.6717582941055298,1,17,-1
290,1040,590.5640258789062,498.3724060058594,227.45733642578125,581.6275634765625,0.729893147945404,1,17,-1
291,1040,582.00048828125,498.4039001464844,228.8594970703125,581.5960693359375,0.7542859315872192,1,17,-1
293,1040,566.441162109375,499.3038330078125,231.0736083984375,580.6961669921875,0.8159503936767578,1,17,-1
294,1040,558.620361328125,500.4208984375,230.72332763671875,579.5791015625,0.8414630889892578,1,17,-1
295,1040,550.5394897460938,501.1379699707031,231.405517578125,578.862060546875,0.8652302622795105,1,17,-1
296,1040,542.3411254882812,502.32183837890625,232.6805419921875,577.6781616210938,0.8814516663551331,1,17,-1
297,1040,533.2462158203125,503.766357421875,233.16351318359375,576.233642578125,0.7696227431297302,1,17,-1
301,1040,496.9280090332031,507.7207946777344,237.40023803710938,572.2791748046875,0.8404631614685059,1,17,-1
303,1040,477.2098083496094,512.1249389648438,240.64639282226562,567.8750610351562,0.8944836258888245,1,17,-1
304,1040,466.6214599609375,514.1343994140625,243.423583984375,565.8656005859375,0.9038364291191101,1,17,-1
305,1040,456.1673278808594,514.5772094726562,245.38009643554688,565.4227905273438,0.9027979373931885,1,17,-1
306,1040,445.60992431640625,515.5941162109375,245.483642578125,564.4058837890625,0.862371563911438,1,17,-1
307,1040,435.24554443359375,516.0438232421875,247.14093017578125,563.9561767578125,0.9031360745429993,1,17,-1
308,1040,423.8626708984375,517.04736328125,249.62042236328125,562.95263671875,0.5894219875335693,1,17,-1
309,1040,414.3295593261719,518.90673828125,250.93130493164062,560.8822021484375,0.8184450268745422,1,17,-1
310,1040,403.0052795410156,520.45068359375,252.80612182617188,559.0068359375,0.8490776419639587,1,17,-1
311,1040,393.1092224121094,520.9963989257812,252.61599731445312,557.7518920898438,0.9236366152763367,1,17,-1
312,1040,383.223876953125,520.7610473632812,254.30908203125,557.8458862304688,0.9200129508972168,1,17,-1
313,1040,372.1864318847656,520.955810546875,256.5132141113281,558.24560546875,0.8887172341346741,1,17,-1
314,1040,361.9603271484375,521.798095703125,257.8870849609375,557.3116455078125,0.9162597060203552,1,17,-1
315,1040,351.82965087890625,522.5598754882812,259.72637939453125,556.0678100585938,0.8792313933372498,1,17,-1
316,1040,342.1305847167969,522.3237915039062,260.1270446777344,555.6636352539062,0.8957545757293701,1,17,-1
317,1040,333.25628662109375,522.5750122070312,259.74468994140625,555.5792846679688,0.8472031950950623,1,17,-1
321,1040,296.2719421386719,519.748046875,261.7514343261719,559.1378173828125,0.678404688835144,1,17,-1
322,1040,288.4466552734375,519.4862670898438,259.43634033203125,559.7637329101562,0.8920254111289978,1,17,-1
323,1040,279.66632080078125,519.7918701171875,260.23333740234375,559.733642578125,0.8266167640686035,1,17,-1
324,1040,270.1871032714844,520.1978149414062,261.1596984863281,559.8021850585938,0.8442299962043762,1,17,-1
325,1040,260.2994384765625,520.946044921875,262.76239013671875,558.6673583984375,0.8805232644081116,1,17,-1
326,1040,251.31771850585938,521.4442138671875,264.3092346191406,557.8974609375,0.8606902956962585,1,17,-1
327,1040,243.50140380859375,521.7098388671875,263.72296142578125,557.768798828125,0.8153856992721558,1,17,-1
328,1040,234.62989807128906,523.0036010742188,264.21002197265625,556.4694213867188,0.5450350046157837,1,17,-1
333,1040,194.79931640625,532.3030395507812,264.7923278808594,547.2379760742188,0.6089003086090088,1,17,-1
334,1040,187.0170440673828,535.991943359375,264.61474609375,543.8116455078125,0.5103418231010437,1,17,-1
337,1040,164.98707580566406,545.1315307617188,266.7747802734375,534.8684692382812,0.8086255788803101,1,17,-1
338,1040,158.55172729492188,548.0921020507812,267.8998718261719,531.6058959960938,0.8926327228546143,1,17,-1
339,1040,153.62310791015625,552.6036987304688,267.4501037597656,526.7822875976562,0.6077699661254883,1,17,-1
340,1040,148.8434600830078,556.4545288085938,266.8489990234375,522.6441040039062,0.7060061693191528,1,17,-1
341,1040,144.4121856689453,559.6080322265625,265.39984130859375,519.1171875,0.5999814867973328,1,17,-1
342,1040,139.84226989746094,564.7611083984375,264.12896728515625,514.16943359375,0.6514196395874023,1,6,-1
344,1040,133.2913818359375,571.0574951171875,262.3193664550781,508.158935546875,0.6438560485839844,1,17,-1
345,1040,130.58743286132812,575.3607177734375,261.578857421875,504.13037109375,0.625788152217865,1,17,-1
346,1040,127.91780090332031,579.2293090820312,260.26947021484375,500.33782958984375,0.6524379849433899,1,17,-1
348,1040,122.60592651367188,590.4041748046875,257.9465026855469,489.2906494140625,0.7238551378250122,1,17,-1
354,1040,106.0190658569336,612.8748779296875,251.32244873046875,466.00439453125,0.7095551490783691,1,13,-1
355,1040,102.79292297363281,615.7804565429688,250.45057678222656,463.01373291015625,0.8050263524055481,1,13,-1
356,1040,99.3506851196289,618.3043212890625,250.22711181640625,460.055419921875,0.6371728777885437,1,13,-1
358,1040,92.44519805908203,624.3008422851562,248.25332641601562,454.49139404296875,0.8546218276023865,1,13,-1
359,1040,88.75663757324219,626.9267578125,246.9449005126953,451.865966796875,0.8987293839454651,1,13,-1
360,1040,85.24291229248047,629.5804443359375,245.6370849609375,449.33251953125,0.9001284241676331,1,13,-1
361,1040,81.8999252319336,632.8224487304688,244.35269165039062,445.79986572265625,0.8855056166648865,1,13,-1
362,1040,77.79469299316406,635.2041625976562,244.37062072753906,443.47113037109375,0.5419396758079529,1,13,-1
