169,140,109.0875244140625,511.8600769042969,71.33963012695312,105.40414428710938,0.6620141863822937,1,6,-1
180,140,69.02315521240234,509.48028564453125,76.48210906982422,109.25152587890625,0.6117161512374878,1,6,-1
181,140,65.58283233642578,508.9943542480469,76.6611557006836,110.08682250976562,0.8310737013816833,1,6,-1
182,140,62.30564498901367,508.33013916015625,76.75154113769531,110.902587890625,0.7977699637413025,1,6,-1
183,140,59.4263801574707,508.1105651855469,75.72738647460938,111.72506713867188,0.5892547965049744,1,6,-1
184,140,55.55835723876953,507.46148681640625,76.44527435302734,112.69085693359375,0.8331136703491211,1,6,-1
196,140,12.683165550231934,495.0910949707031,83.57562255859375,117.00228881835938,0.5703166127204895,1,6,-1
205,140,0.0,483.8027038574219,68.6588134765625,124.61892700195312,0.5710841417312622,1,6,-1
206,140,0.0,481.2520446777344,65.5240249633789,126.30722045898438,0.6338813304901123,1,6,-1
207,140,0.0,478.8012390136719,62.59578323364258,125.92349243164062,0.7867535352706909,1,6,-1
208,140,0.0,476.49560546875,59.76292419433594,126.28643798828125,0.7663818001747131,1,6,-1
209,140,0.0,473.03558349609375,56.900535583496094,125.83648681640625,0.6509271860122681,1,6,-1
210,140,0.0,469.1461486816406,54.39451217651367,123.82510375976562,0.6854026913642883,1,6,-1
211,140,0.09232860058546066,465.4963073730469,51.70220184326172,111.27993774414062,0.6471399664878845,1,6,-1
213,140,0.3241744637489319,459.83062744140625,46.11403274536133,101.4415283203125,0.5023033618927002,1,6,-1
214,140,0.40196508169174194,457.15435791015625,42.722991943359375,99.9761962890625,0.6136155724525452,1,6,-1
215,140,0.3472711145877838,452.8350524902344,39.284027099609375,100.11398315429688,0.6384578347206116,1,6,-1
216,140,0.0,451.25726318359375,35.583770751953125,98.35931396484375,0.7777042388916016,1,6,-1
217,140,0.0,448.8890075683594,32.58087158203125,94.87484741210938,0.816368043422699,1,6,-1
218,140,0.0,446.59014892578125,29.14711570739746,91.91424560546875,0.8172616362571716,1,6,-1
219,140,0.0,446.17626953125,24.59194564819336,86.32464599609375,0.7823017835617065,1,6,-1
220,140,0.0,444.9398193359375,20.149967193603516,77.013427734375,0.7271866202354431,1,6,-1
