205,217,21.472368240356445,2.7611234188079834,138.90609741210938,164.5706787109375,0.9225290417671204,1,11,-1
206,217,7.919756889343262,0.8364863991737366,139.6001434326172,162.02371215820312,0.9131616353988647,1,11,-1
207,217,5.9810309410095215,3.026355504989624,139.91156005859375,160.97813415527344,0.9131916761398315,1,11,-1
208,217,13.751893997192383,3.3294386863708496,125.44427490234375,153.18421936035156,0.9107821583747864,1,11,-1
209,217,13.77940559387207,4.557458877563477,120.64097595214844,159.7924041748047,0.9048466682434082,1,11,-1
210,217,4.692160129547119,11.268404006958008,114.55581665039062,149.95639038085938,0.8811565637588501,1,11,-1
211,217,3.6951541900634766,16.05018424987793,106.26042938232422,148.100830078125,0.7711407542228699,1,11,-1
212,217,0.12070570886135101,21.112979888916016,92.83638000488281,137.17929077148438,0.6597909331321716,1,11,-1
213,217,0.0,27.239864349365234,83.84534454345703,116.5233154296875,0.718947172164917,1,11,-1
214,217,0.0,28.960735321044922,70.23609161376953,108.99346923828125,0.5052692294120789,1,11,-1
281,221,882.953369140625,402.9609069824219,135.801513671875,154.53634643554688,0.621415913105011,1,6,-1
288,221,880.9240112304688,410.1684265136719,136.94415283203125,154.82595825195312,0.5784540176391602,1,6,-1
