2,750,310.2411193847656,0.0,159.3077392578125,102.84358978271484,0.9187121391296387,1,6,-1
3,750,307.0955505371094,0.0,161.7423095703125,99.9288558959961,0.9189292192459106,1,6,-1
4,750,313.30419921875,0.0,153.14328002929688,97.00775909423828,0.9021525979042053,1,6,-1
5,750,305.731201171875,0.0,159.21804809570312,94.97648620605469,0.9061586856842041,1,6,-1
6,750,304.3720397949219,0.20659324526786804,159.93780517578125,93.15372467041016,0.8088781833648682,1,6,-1
7,750,301.75909423828125,0.1984410285949707,162.19012451171875,91.48027038574219,0.8787396550178528,1,6,-1
8,750,298.8853759765625,0.2432415783405304,161.32989501953125,90.92583465576172,0.839414656162262,1,6,-1
9,750,297.65789794921875,0.3447958827018738,161.37042236328125,89.84104919433594,0.8850887417793274,1,6,-1
10,750,297.0990905761719,0.4461863338947296,160.23345947265625,89.134765625,0.8741498589515686,1,6,-1
11,750,297.2598876953125,0.6108267307281494,159.37115478515625,87.00506591796875,0.8828979134559631,1,6,-1
12,750,296.47796630859375,0.5358405709266663,159.57931518554688,86.2119140625,0.9334306716918945,1,6,-1
13,750,295.9051818847656,0.4727388322353363,160.65432739257812,85.69670104980469,0.9326324462890625,1,6,-1
14,750,295.7502746582031,0.4596904218196869,161.36392211914062,85.74907684326172,0.9256762862205505,1,6,-1
15,750,296.39312744140625,0.8677370548248291,161.67337036132812,85.32490539550781,0.8944311738014221,1,6,-1
16,750,297.6706848144531,0.7262505292892456,162.3704833984375,86.13703918457031,0.742007851600647,1,6,-1
17,750,299.609375,0.7184568643569946,162.85174560546875,85.93756866455078,0.9195206165313721,1,6,-1
18,750,302.9216613769531,0.6622002124786377,162.74484252929688,85.96945190429688,0.9131346344947815,1,6,-1
19,750,303.62652587890625,0.6165779232978821,163.24530029296875,86.45216369628906,0.9188631772994995,1,6,-1
20,750,306.946044921875,0.5763571262359619,162.4532470703125,87.17082214355469,0.897484302520752,1,6,-1
21,750,310.0546875,0.4720885157585144,162.01419067382812,87.98789978027344,0.9233576059341431,1,6,-1
22,750,314.65155029296875,0.40113887190818787,161.899658203125,88.52965545654297,0.9263295531272888,1,6,-1
22,754,675.89013671875,0.09771041572093964,47.09649658203125,23.985246658325195,0.513897180557251,1,6,-1
23,750,318.9525146484375,0.37325993180274963,160.41281127929688,89.0358657836914,0.9161017537117004,1,6,-1
24,750,321.8424072265625,0.3688407242298126,160.12612915039062,89.8043441772461,0.9272987842559814,1,6,-1
25,750,325.173583984375,0.3444305658340454,158.92581176757812,90.21126556396484,0.9318423867225647,1,6,-1
26,750,328.1682434082031,0.30002936720848083,159.66094970703125,90.45919036865234,0.9312558174133301,1,6,-1
27,750,330.1976623535156,0.2842959463596344,159.20648193359375,90.13217163085938,0.9219595193862915,1,6,-1
28,750,331.79876708984375,0.2656998634338379,159.4788818359375,90.06425476074219,0.887698233127594,1,6,-1
29,750,334.3930358886719,0.31239956617355347,158.91268920898438,91.18476104736328,0.9214413166046143,1,6,-1
30,750,336.56634521484375,0.2843320965766907,158.890625,91.95733642578125,0.7986220717430115,1,6,-1
31,750,339.5867614746094,0.14804133772850037,156.7608642578125,92.13652801513672,0.9039320945739746,1,6,-1
32,750,341.90087890625,0.008166625164449215,157.47235107421875,92.06908416748047,0.8760002255439758,1,6,-1
32,754,698.9434204101562,0.024619437754154205,45.11737060546875,24.60188865661621,0.563861608505249,1,6,-1
33,750,344.02734375,0.0,156.270751953125,91.90049743652344,0.8878793716430664,1,6,-1
34,750,344.84759521484375,0.0,157.57855224609375,91.6650161743164,0.9036081433296204,1,6,-1
35,750,346.2582092285156,0.006276677828282118,158.48257446289062,92.21240234375,0.8559924364089966,1,6,-1
36,750,350.0162048339844,0.05407610908150673,156.83273315429688,91.737548828125,0.9051916003227234,1,6,-1
37,750,352.4698181152344,0.0754162073135376,155.91354370117188,92.44776916503906,0.8587709069252014,1,6,-1
38,750,352.6876525878906,0.13779638707637787,156.476806640625,92.93395233154297,0.758080780506134,1,6,-1
39,750,355.7679138183594,0.14272010326385498,156.33773803710938,93.72492980957031,0.7972853779792786,1,6,-1
40,750,355.5401306152344,0.39082205295562744,156.81015014648438,93.97722625732422,0.8736705183982849,1,6,-1
41,750,356.0108337402344,0.3547133207321167,156.97976684570312,94.72224426269531,0.8964368104934692,1,6,-1
42,750,357.4985656738281,0.32058438658714294,157.18875122070312,95.38359069824219,0.9133260250091553,1,6,-1
42,755,106.4107437133789,1.9050395488739014,44.28258514404297,32.96095275878906,0.5165459513664246,1,6,-1
42,754,713.6655883789062,0.4584628939628601,41.9609375,27.059162139892578,0.5316275954246521,1,6,-1
43,750,359.45654296875,0.2940172851085663,157.80133056640625,96.5434341430664,0.923273503780365,1,6,-1
43,755,110.2195053100586,3.226574420928955,42.49378204345703,31.696327209472656,0.5066702961921692,1,6,-1
43,754,713.9228515625,0.4454590678215027,43.44805908203125,27.871105194091797,0.5742049813270569,1,6,-1
44,750,373.0237121582031,0.26418977975845337,144.92880249023438,97.64579772949219,0.9073789715766907,1,6,-1
44,754,716.18359375,0.4235807955265045,42.792724609375,29.19671058654785,0.6498572826385498,1,6,-1
45,750,368.75567626953125,0.2485743761062622,151.431884765625,97.68627166748047,0.9060078263282776,1,6,-1
45,754,718.4098510742188,0.5736196637153625,42.63873291015625,29.92771339416504,0.6289790868759155,1,6,-1
45,755,115.09999084472656,3.9796500205993652,40.11216735839844,34.393653869628906,0.5232090950012207,1,6,-1
46,750,369.0900573730469,0.23201780021190643,154.83413696289062,99.21837615966797,0.9158853888511658,1,6,-1
46,754,719.8660888671875,0.469256192445755,44.5179443359375,30.356998443603516,0.5503057837486267,1,6,-1
47,750,370.59063720703125,0.204756960272789,154.67401123046875,100.8003158569336,0.9151170253753662,1,6,-1
47,754,723.79931640625,0.7862703204154968,42.38031005859375,31.001737594604492,0.6848252415657043,1,6,-1
48,750,375.81524658203125,0.20760034024715424,151.93646240234375,102.66050720214844,0.9162578582763672,1,6,-1
48,754,724.758544921875,1.0958037376403809,44.02337646484375,31.251955032348633,0.7316752076148987,1,6,-1
49,750,376.8699035644531,0.1994747817516327,153.39505004882812,104.01788330078125,0.9243268370628357,1,6,-1
49,754,727.223876953125,1.8549621105194092,42.61492919921875,31.959671020507812,0.7038105130195618,1,6,-1
50,750,378.77203369140625,0.1927684247493744,153.64373779296875,104.55902862548828,0.9315085411071777,1,6,-1
50,754,729.6027221679688,2.4493939876556396,42.80322265625,32.898895263671875,0.7069534659385681,1,6,-1
51,750,380.5439758300781,0.24037770926952362,155.28457641601562,105.49908447265625,0.9423030614852905,1,6,-1
51,754,732.0137939453125,3.1405282020568848,42.69342041015625,34.65531921386719,0.660174548625946,1,6,-1
52,750,383.5326843261719,0.3302593529224396,153.82473754882812,106.73639678955078,0.9496133327484131,1,6,-1
52,754,733.6414794921875,3.203815460205078,43.2945556640625,37.112464904785156,0.7041186094284058,1,6,-1
53,750,387.2083740234375,0.44244858622550964,153.1151123046875,107.40030670166016,0.9472771286964417,1,6,-1
53,754,737.5733642578125,4.116095066070557,40.7139892578125,37.49738311767578,0.6194397807121277,1,6,-1
54,750,389.6184387207031,0.39750936627388,153.03390502929688,108.44060516357422,0.9472957849502563,1,6,-1
54,754,738.7691650390625,4.922781944274902,41.65631103515625,39.13885498046875,0.5637790560722351,1,6,-1
55,750,392.02862548828125,0.45165613293647766,152.775390625,109.03872680664062,0.9419980049133301,1,6,-1
55,754,740.919189453125,5.41996955871582,41.750732421875,39.49174499511719,0.5583465099334717,1,6,-1
56,750,394.9517517089844,0.6460951566696167,152.32131958007812,110.58765411376953,0.9220442175865173,1,6,-1
57,750,409.5943908691406,1.1520222425460815,140.15267944335938,111.96268463134766,0.9121556878089905,1,6,-1
58,750,406.1715087890625,1.0023014545440674,144.9268798828125,113.00271606445312,0.9382904171943665,1,6,-1
59,750,407.4025573730469,0.7172379493713379,145.93356323242188,113.85425567626953,0.9223698377609253,1,6,-1
60,750,406.4487609863281,0.8761948943138123,149.41378784179688,114.47994232177734,0.9313504099845886,1,6,-1
61,750,409.17041015625,1.1540005207061768,148.58697509765625,114.52510070800781,0.9119176268577576,1,6,-1
62,750,409.6997985839844,1.2578355073928833,150.68801879882812,114.33958435058594,0.9215732216835022,1,6,-1
63,750,412.3399963378906,1.1893442869186401,149.64968872070312,113.8727035522461,0.927116334438324,1,6,-1
64,750,415.95245361328125,1.0759166479110718,147.73492431640625,113.66143035888672,0.9217641949653625,1,6,-1
65,750,416.93609619140625,0.6612074375152588,148.748291015625,113.47441864013672,0.9256721138954163,1,6,-1
66,750,417.8760681152344,0.7894917726516724,149.16677856445312,112.53032684326172,0.9224517345428467,1,6,-1
67,750,419.0821533203125,0.9358187913894653,149.3228759765625,111.87865447998047,0.9180073738098145,1,6,-1
68,750,420.0400695800781,1.2132515907287598,151.33840942382812,112.26607513427734,0.9156859517097473,1,6,-1
69,750,422.3751220703125,1.5285661220550537,150.84796142578125,112.272216796875,0.9208472371101379,1,6,-1
70,750,425.12158203125,1.8425250053405762,149.40130615234375,112.623779296875,0.891046941280365,1,6,-1
71,750,426.4356689453125,2.177048444747925,148.9979248046875,114.17475128173828,0.9157658219337463,1,6,-1
72,750,426.5903625488281,2.4579601287841797,150.03335571289062,114.950927734375,0.9289305806159973,1,6,-1
73,750,426.9803161621094,2.3894472122192383,150.93588256835938,115.27224731445312,0.9220984578132629,1,6,-1
74,750,428.93359375,2.466940402984619,149.30902099609375,116.75035095214844,0.9152138829231262,1,6,-1
75,750,430.0504150390625,2.5063858032226562,148.94500732421875,117.47149658203125,0.9305277466773987,1,6,-1
76,750,430.6694030761719,2.6294920444488525,148.21951293945312,117.44108581542969,0.9265291690826416,1,6,-1
77,750,431.8855285644531,2.4992716312408447,149.27603149414062,118.52397155761719,0.9346678256988525,1,6,-1
78,750,436.3753356933594,2.465977907180786,145.53085327148438,119.55127716064453,0.913947343826294,1,6,-1
79,750,438.0695495605469,2.6339242458343506,144.23147583007812,120.02166748046875,0.9283007979393005,1,6,-1
80,750,439.1025390625,2.6596343517303467,144.47796630859375,119.75662994384766,0.9305521249771118,1,6,-1
81,750,443.6033935546875,2.4259586334228516,140.560302734375,119.50775909423828,0.9216433763504028,1,6,-1
82,750,442.89276123046875,2.463493585586548,143.7889404296875,119.86882781982422,0.9299125075340271,1,6,-1
83,750,445.6130065917969,2.4245963096618652,142.78598022460938,119.95712280273438,0.9107875227928162,1,6,-1
84,750,447.0096740722656,2.0574703216552734,142.35256958007812,121.3348617553711,0.9170123338699341,1,6,-1
85,750,444.4779357910156,1.9426398277282715,145.16976928710938,121.80532836914062,0.92268306016922,1,6,-1
86,750,442.385986328125,1.8851306438446045,146.78533935546875,121.65342712402344,0.9304667115211487,1,6,-1
87,750,441.6368713378906,2.029062509536743,147.81228637695312,121.60424041748047,0.931738018989563,1,6,-1
88,750,441.6083068847656,2.0114197731018066,147.27359008789062,121.67278289794922,0.9289383888244629,1,6,-1
89,750,442.3047180175781,2.1532392501831055,146.34744262695312,121.54544830322266,0.924219012260437,1,6,-1
90,750,442.2979431152344,2.6421117782592773,145.81033325195312,120.70528411865234,0.9276421666145325,1,6,-1
91,750,447.1266784667969,2.893160820007324,140.94845581054688,119.93769073486328,0.9216147065162659,1,6,-1
92,750,442.6712341308594,2.6455602645874023,144.16519165039062,119.85626220703125,0.9369140863418579,1,6,-1
93,750,440.02740478515625,2.4423742294311523,145.526123046875,119.9749984741211,0.9275771379470825,1,6,-1
94,750,439.6096496582031,2.7180275917053223,145.34237670898438,119.25897216796875,0.9266815781593323,1,6,-1
95,750,437.69903564453125,2.597147226333618,145.817138671875,119.68107604980469,0.924927830696106,1,6,-1
96,750,435.1687316894531,2.5077807903289795,147.52755737304688,119.23113250732422,0.9352012872695923,1,6,-1
97,750,433.33197021484375,2.214383840560913,148.62396240234375,119.1435317993164,0.9363594055175781,1,6,-1
98,750,432.095703125,1.7344038486480713,150.06439208984375,118.80572509765625,0.9310275912284851,1,6,-1
99,750,431.16619873046875,1.8750333786010742,150.92828369140625,117.67813110351562,0.9371440410614014,1,6,-1
100,750,432.2330627441406,1.5659633874893188,150.00613403320312,116.7852783203125,0.9269185066223145,1,6,-1
101,750,432.2783508300781,1.3317797183990479,150.46865844726562,115.36712646484375,0.9363368153572083,1,6,-1
102,750,431.7879943847656,1.1394644975662231,151.54940795898438,114.14447784423828,0.9348052740097046,1,6,-1
103,750,433.3490295410156,0.8332790732383728,150.49105834960938,112.46989440917969,0.9370951652526855,1,6,-1
104,750,435.4707946777344,0.5666166543960571,149.41244506835938,111.7757797241211,0.9398306608200073,1,6,-1
105,750,435.8348693847656,0.5320211052894592,150.16897583007812,110.34319305419922,0.9459424018859863,1,6,-1
106,750,436.3701171875,0.2647751569747925,149.59619140625,108.81827545166016,0.9454489946365356,1,6,-1
107,750,435.87005615234375,0.0,150.42059326171875,108.59068298339844,0.9481307864189148,1,6,-1
108,750,437.03765869140625,0.0,150.4749755859375,107.44906616210938,0.945884644985199,1,6,-1
108,756,781.298583984375,4.838460922241211,41.06390380859375,40.051597595214844,0.5250187516212463,1,6,-1
109,750,437.9902038574219,0.0,150.21871948242188,106.60467529296875,0.9460065364837646,1,6,-1
109,756,781.8548583984375,3.9750897884368896,43.09661865234375,38.57838821411133,0.6343787908554077,1,6,-1
110,750,438.2720642089844,0.0,150.78799438476562,106.3869857788086,0.9470093846321106,1,6,-1
110,756,784.7073974609375,3.8510100841522217,40.975830078125,37.00334930419922,0.6233670711517334,1,6,-1
111,750,439.4354248046875,0.16904570162296295,150.37127685546875,105.9982681274414,0.9383967518806458,1,6,-1
111,756,785.466064453125,4.057128429412842,41.24481201171875,37.74149703979492,0.5555903911590576,1,6,-1
112,750,440.05035400390625,0.3493580222129822,151.4039306640625,105.66531372070312,0.941526472568512,1,6,-1
112,756,787.3322143554688,4.186208724975586,39.9747314453125,37.537353515625,0.515335738658905,1,6,-1
113,750,441.34796142578125,0.5697208642959595,152.384765625,106.1458969116211,0.941942572593689,1,6,-1
113,756,788.0433349609375,4.064754009246826,39.978271484375,38.318946838378906,0.5446704030036926,1,6,-1
114,750,444.1062927246094,0.5788187384605408,151.67044067382812,106.63995361328125,0.9277926087379456,1,6,-1
114,756,790.4976196289062,4.276758193969727,39.619384765625,39.1029052734375,0.6018986701965332,1,6,-1
115,750,447.4037170410156,0.6043652892112732,150.91244506835938,106.895263671875,0.941602349281311,1,6,-1
116,750,450.572021484375,0.6766481995582581,150.10638427734375,107.85253143310547,0.9283589720726013,1,6,-1
116,756,792.3875732421875,4.698530197143555,41.09149169921875,40.58076477050781,0.5053663849830627,1,6,-1
117,750,452.5069580078125,0.8890776038169861,150.05364990234375,108.09809875488281,0.9256327748298645,1,6,-1
117,757,1.2240384817123413,104.74705505371094,40.29832077026367,227.62513732910156,0.6788730025291443,1,6,-1
118,750,454.0237731933594,1.0307925939559937,150.00057983398438,108.67107391357422,0.9267699122428894,1,6,-1
118,757,1.566526174545288,97.17583465576172,45.257118225097656,242.07073974609375,0.6218118667602539,1,6,-1
119,750,458.1059265136719,1.1512653827667236,149.08071899414062,110.40093994140625,0.9172417521476746,1,6,-1
119,757,1.4084771871566772,86.91516876220703,53.29348373413086,261.1064453125,0.6277268528938293,1,6,-1
120,750,462.2275695800781,1.3688762187957764,147.65536499023438,111.53097534179688,0.9235988855361938,1,6,-1
120,757,1.3720566034317017,75.08877563476562,59.6121826171875,282.87786865234375,0.6026586890220642,1,6,-1
121,750,473.0313415527344,1.664076566696167,139.91433715820312,111.94140625,0.90491783618927,1,6,-1
122,750,470.1289978027344,2.0671708583831787,145.29006958007812,113.25054168701172,0.915354311466217,1,6,-1
123,750,472.3255310058594,2.5530314445495605,145.56704711914062,114.40750122070312,0.9187231063842773,1,6,-1
124,750,473.8614807128906,2.9633591175079346,147.26290893554688,115.68538665771484,0.9273400902748108,1,6,-1
125,750,475.20159912109375,2.950788736343384,148.6312255859375,116.93984985351562,0.9246399998664856,1,6,-1
126,750,476.24212646484375,2.881740093231201,150.35479736328125,117.75477600097656,0.9236372113227844,1,6,-1
127,750,478.3794250488281,2.4600236415863037,150.32119750976562,118.9658203125,0.928713858127594,1,6,-1
128,750,484.1137390136719,2.7399537563323975,146.85696411132812,119.20323181152344,0.9323745965957642,1,6,-1
129,750,487.49920654296875,2.8220982551574707,146.409423828125,119.7715072631836,0.9319626688957214,1,6,-1
130,750,489.7654724121094,3.374136209487915,147.08407592773438,119.11394500732422,0.9179432392120361,1,6,-1
131,750,496.5173645019531,3.4513773918151855,143.19949340820312,119.51425170898438,0.8894352316856384,1,6,-1
132,750,497.7942810058594,3.510713577270508,145.21072387695312,120.14356231689453,0.8968601822853088,1,6,-1
133,750,499.4812927246094,3.6010117530822754,146.76296997070312,120.49610900878906,0.9266838431358337,1,6,-1
134,750,500.6221008300781,3.2740705013275146,148.08657836914062,121.4262466430664,0.9073973298072815,1,6,-1
135,750,504.310546875,2.753340005874634,146.41510009765625,122.07878112792969,0.9133153557777405,1,6,-1
136,750,509.3185729980469,3.053053617477417,145.01071166992188,121.83073425292969,0.9173569083213806,1,6,-1
137,750,513.4326782226562,3.1207239627838135,143.41943359375,121.69282531738281,0.9296550750732422,1,6,-1
138,750,516.0048828125,2.7571210861206055,143.9517822265625,122.26322937011719,0.9217868447303772,1,6,-1
139,750,517.7315063476562,2.6572704315185547,144.32696533203125,122.35397338867188,0.9084570407867432,1,6,-1
140,750,521.3519897460938,2.945138931274414,142.5711669921875,122.43521881103516,0.903181791305542,1,6,-1
141,750,522.6898803710938,2.559176445007324,144.58367919921875,123.09632873535156,0.9125327467918396,1,6,-1
142,750,523.9561767578125,1.9137072563171387,144.64825439453125,124.19178009033203,0.9148641228675842,1,6,-1
143,750,524.6478271484375,0.9919499754905701,145.4783935546875,126.64997863769531,0.9113149642944336,1,6,-1
144,750,525.0171508789062,0.402893602848053,147.60357666015625,129.15663146972656,0.895664632320404,1,6,-1
145,750,526.5738525390625,0.3808964192867279,147.27069091796875,130.62391662597656,0.89150071144104,1,6,-1
146,750,529.7916259765625,0.4575806260108948,145.28082275390625,131.56150817871094,0.8962377905845642,1,6,-1
147,750,531.8955688476562,0.29186955094337463,145.96978759765625,132.935302734375,0.9181780815124512,1,6,-1
148,750,533.4891357421875,0.20258773863315582,145.68695068359375,134.33543395996094,0.9055523872375488,1,6,-1
149,750,536.0108032226562,0.3774689733982086,144.3154296875,134.65228271484375,0.8856652975082397,1,6,-1
150,750,537.9575805664062,0.8992089629173279,144.03521728515625,135.09490966796875,0.8785332441329956,1,6,-1
151,750,539.8960571289062,1.3356869220733643,143.92742919921875,136.0275421142578,0.7958332896232605,1,6,-1
152,750,540.6084594726562,2.1352248191833496,145.13525390625,136.2903289794922,0.8379587531089783,1,6,-1
153,750,543.3367309570312,2.635930299758911,145.58441162109375,136.781005859375,0.5688965320587158,1,6,-1
154,750,544.4180908203125,3.3182499408721924,147.4324951171875,137.805419921875,0.8527851700782776,1,6,-1
155,750,545.7779541015625,4.161428451538086,146.6693115234375,137.82533264160156,0.8468867540359497,1,6,-1
156,750,547.2180786132812,4.505195617675781,146.07025146484375,138.47256469726562,0.746208667755127,1,6,-1
156,758,0.3280682861804962,2.23758602142334,335.2419738769531,656.2586059570312,0.6175265312194824,1,9,-1
157,750,548.278564453125,4.676410675048828,146.89398193359375,138.98483276367188,0.7253263592720032,1,6,-1
157,758,1.2089728116989136,2.131679058074951,341.4683532714844,663.3331298828125,0.6895738840103149,1,9,-1
158,750,550.0830688476562,4.8924736976623535,146.484375,139.84414672851562,0.7337183952331543,1,6,-1
159,750,554.5050048828125,5.660233020782471,143.33544921875,139.65541076660156,0.6807953119277954,1,6,-1
159,758,1.1220717430114746,4.636641025543213,350.1982116699219,682.0977783203125,0.7046871185302734,1,9,-1
160,750,554.9520263671875,5.123102188110352,143.87530517578125,140.51763916015625,0.6651468276977539,1,6,-1
160,758,1.2272567749023438,5.360898971557617,355.5670471191406,691.9603271484375,0.6342445015907288,1,9,-1
161,750,561.4757690429688,4.9663848876953125,140.24530029296875,141.51553344726562,0.7575644254684448,1,6,-1
161,758,1.4342211484909058,5.434182643890381,363.7893371582031,703.86572265625,0.5664811730384827,1,9,-1
162,750,563.5953369140625,5.119988918304443,139.477294921875,142.1287841796875,0.7403975129127502,1,6,-1
163,750,563.127197265625,4.9229631423950195,141.5924072265625,142.9058074951172,0.7188990116119385,1,6,-1
164,750,566.0718994140625,4.962769508361816,140.20892333984375,143.82113647460938,0.7062023282051086,1,6,-1
165,750,566.4922485351562,4.56478214263916,140.69500732421875,144.22525024414062,0.6545443534851074,1,6,-1
166,750,568.2777709960938,3.9932198524475098,140.4219970703125,145.17279052734375,0.6160966157913208,1,6,-1
167,750,569.218017578125,3.9769773483276367,142.07861328125,146.55191040039062,0.708928644657135,1,6,-1
168,750,570.3095092773438,4.3191986083984375,143.40673828125,147.0866241455078,0.6282942891120911,1,6,-1
169,750,571.0821533203125,4.993945121765137,146.176025390625,148.54840087890625,0.5645278096199036,1,6,-1
172,750,581.2615356445312,11.03799819946289,144.55401611328125,146.7000274658203,0.571083664894104,1,6,-1
173,750,584.4312133789062,15.070178031921387,143.62261962890625,144.0209197998047,0.6330401301383972,1,6,-1
174,750,586.6304321289062,11.3359375,144.65771484375,149.8762664794922,0.6196958422660828,1,6,-1
175,750,590.1553955078125,12.667613983154297,143.00677490234375,149.45553588867188,0.5570508241653442,1,6,-1
178,750,594.5662231445312,8.325454711914062,145.02978515625,159.1890106201172,0.5898451209068298,1,6,-1
189,750,585.46923828125,38.54841232299805,143.235595703125,157.33834838867188,0.5407670736312866,1,6,-1
318,762,1061.781005859375,339.3676452636719,186.1766357421875,740.63232421875,0.5534043908119202,1,17,-1
319,762,1065.9725341796875,346.4044189453125,187.32275390625,733.5955810546875,0.8388649821281433,1,17,-1
320,762,1069.50048828125,352.7752380371094,188.2164306640625,726.8297119140625,0.7471568584442139,1,17,-1
328,762,1110.260009765625,413.4079895019531,172.8846435546875,664.404296875,0.5147051215171814,1,17,-1
344,762,1211.131103515625,538.3811645507812,159.912841796875,540.8047485351562,0.5266454219818115,1,17,-1
369,765,842.3788452148438,171.496337890625,144.34039306640625,163.244384765625,0.5755248665809631,1,6,-1
373,765,851.6048583984375,173.6941375732422,144.9034423828125,162.0582733154297,0.5246907472610474,1,6,-1
382,765,877.8624877929688,176.98695373535156,142.73040771484375,162.94105529785156,0.5412987470626831,1,6,-1
389,766,1562.0980224609375,674.0784301757812,143.4764404296875,401.99420166015625,0.759936511516571,1,6,-1
390,766,1564.68701171875,679.5884399414062,144.640625,396.82928466796875,0.5082902908325195,1,6,-1
391,766,1566.2186279296875,685.099365234375,146.8521728515625,392.72998046875,0.6910061836242676,1,6,-1
392,766,1568.8062744140625,689.6380615234375,146.8897705078125,388.0582275390625,0.7119678258895874,1,6,-1
395,766,1577.2413330078125,706.6024780273438,143.3385009765625,372.16961669921875,0.7503370046615601,1,6,-1
396,766,1580.3248291015625,712.1461791992188,143.037109375,366.69000244140625,0.5027424693107605,1,6,-1
399,766,1588.30224609375,732.4591064453125,138.426025390625,347.1134033203125,0.7142271995544434,1,6,-1
400,766,1590.240234375,737.6698608398438,137.5343017578125,341.68988037109375,0.700503408908844,1,6,-1
401,766,1591.7677001953125,745.8119506835938,137.05126953125,333.68927001953125,0.6954374313354492,1,6,-1
402,766,1593.982421875,753.4769897460938,135.60498046875,325.76080322265625,0.860102117061615,1,6,-1
403,766,1596.0792236328125,761.0236206054688,134.593994140625,318.05316162109375,0.840692400932312,1,6,-1
404,766,1597.5709228515625,769.23193359375,134.6263427734375,310.76806640625,0.8482262492179871,1,6,-1
405,766,1598.928466796875,777.3588256835938,134.61328125,302.64117431640625,0.9010769128799438,1,6,-1
406,766,1600.1290283203125,784.6482543945312,134.2198486328125,295.33160400390625,0.8791184425354004,1,6,-1
407,766,1601.0609130859375,794.48095703125,133.946044921875,284.71533203125,0.8490731716156006,1,6,-1
408,766,1601.5875244140625,802.9768676757812,133.9552001953125,275.89508056640625,0.8553080558776855,1,6,-1
408,765,897.510009765625,225.22186279296875,141.300537109375,161.86370849609375,0.6105099320411682,1,6,-1
409,766,1601.4556884765625,810.2208862304688,135.1832275390625,267.78338623046875,0.8008118867874146,1,6,-1
410,766,1602.610107421875,818.5626831054688,135.3414306640625,258.41534423828125,0.8253576755523682,1,6,-1
411,766,1604.5009765625,826.87451171875,134.8131103515625,248.167236328125,0.8594437837600708,1,6,-1
412,766,1606.3974609375,834.2225341796875,134.5933837890625,236.6783447265625,0.8145975470542908,1,6,-1
413,766,1608.0584716796875,843.0882568359375,134.953125,227.7716064453125,0.8219962120056152,1,6,-1
414,766,1609.9471435546875,851.2056274414062,135.435546875,221.61187744140625,0.8824377059936523,1,6,-1
415,766,1612.67529296875,858.8251953125,134.81982421875,217.0821533203125,0.879339337348938,1,6,-1
416,766,1615.576416015625,867.049560546875,135.259765625,211.298583984375,0.8628307580947876,1,6,-1
416,765,898.931640625,253.5859832763672,139.8438720703125,161.93138122558594,0.5191847085952759,1,6,-1
417,766,1618.79052734375,875.8107299804688,134.8914794921875,203.33367919921875,0.8256459832191467,1,6,-1
418,766,1622.2066650390625,882.8811645507812,135.7535400390625,196.61334228515625,0.6953087449073792,1,6,-1
418,765,899.294921875,261.6107482910156,140.748291015625,158.7540283203125,0.5448510646820068,1,6,-1
419,766,1626.8154296875,891.5055541992188,135.729248046875,188.23870849609375,0.5310283899307251,1,6,-1
423,766,1643.3065185546875,917.9080810546875,138.495361328125,162.0919189453125,0.6426870226860046,1,6,-1
425,766,1653.40478515625,928.830810546875,138.1795654296875,150.845947265625,0.5390294194221497,1,6,-1
427,766,1662.5550537109375,937.2970581054688,139.278076171875,142.39154052734375,0.5853972434997559,1,6,-1
428,766,1667.0428466796875,941.4080810546875,140.354248046875,138.4898681640625,0.6787065863609314,1,6,-1
429,766,1672.0587158203125,945.2142333984375,140.4805908203125,134.5439453125,0.6425082683563232,1,6,-1
431,766,1682.8846435546875,950.1556396484375,141.26708984375,129.4312744140625,0.5418158173561096,1,6,-1
432,766,1687.3819580078125,951.5264282226562,141.5272216796875,128.09893798828125,0.5038808584213257,1,6,-1
432,765,917.3358764648438,274.056884765625,139.98284912109375,159.317626953125,0.5198776721954346,1,6,-1
433,766,1693.0394287109375,952.84619140625,141.8516845703125,126.7275390625,0.64280104637146,1,6,-1
434,766,1698.7296142578125,954.3922729492188,141.6986083984375,125.11676025390625,0.6222919225692749,1,6,-1
434,765,918.7711791992188,271.5869445800781,142.39483642578125,159.87310791015625,0.5440276861190796,1,6,-1
435,766,1704.329345703125,955.9141235351562,142.03564453125,123.55120849609375,0.6846891641616821,1,6,-1
436,766,1709.889892578125,957.8346557617188,142.0224609375,121.66656494140625,0.7646496891975403,1,6,-1
437,766,1715.6690673828125,960.0244750976562,142.902587890625,119.65631103515625,0.8065905570983887,1,6,-1
437,765,923.1021118164062,267.81622314453125,143.25604248046875,160.7567138671875,0.5454254746437073,1,6,-1
438,766,1721.904541015625,962.0750732421875,143.481689453125,117.6519775390625,0.8106827735900879,1,6,-1
439,766,1728.57373046875,963.7443237304688,144.2777099609375,116.06658935546875,0.8586487770080566,1,6,-1
440,766,1734.48583984375,965.5471801757812,145.11328125,114.39141845703125,0.8796294927597046,1,6,-1
440,765,929.6746215820312,264.22076416015625,144.89752197265625,160.0966796875,0.6106836199760437,1,6,-1
441,766,1741.6195068359375,968.238037109375,144.1572265625,111.761962890625,0.8869096636772156,1,6,-1
441,765,932.1248779296875,263.05804443359375,145.6068115234375,160.19952392578125,0.6528627872467041,1,6,-1
442,766,1748.0992431640625,970.8347778320312,143.8106689453125,109.16522216796875,0.8105776309967041,1,6,-1
442,765,934.63916015625,262.5997314453125,146.2598876953125,159.62631225585938,0.6330350041389465,1,6,-1
443,766,1754.552978515625,973.3699340820312,145.022705078125,106.63006591796875,0.7675226330757141,1,6,-1
443,765,939.3970947265625,261.4661560058594,144.240234375,158.52313232421875,0.7150588035583496,1,6,-1
444,766,1761.022705078125,975.8118286132812,148.278564453125,104.18817138671875,0.6096930503845215,1,6,-1
444,765,943.6182861328125,260.25103759765625,142.977783203125,158.97579956054688,0.6030445694923401,1,6,-1
445,765,946.3257446289062,261.3647766113281,143.90069580078125,157.9918212890625,0.6146551370620728,1,6,-1
448,765,955.3322143554688,256.6043701171875,146.46588134765625,161.09481811523438,0.579602837562561,1,6,-1
450,765,964.1488647460938,254.52325439453125,143.72198486328125,161.54537963867188,0.6506730318069458,1,6,-1
451,765,967.3742065429688,253.13836669921875,144.09442138671875,161.2943115234375,0.6110846400260925,1,6,-1
452,765,969.6770629882812,253.5894317626953,144.72357177734375,160.17091369628906,0.7143256664276123,1,6,-1
453,765,973.5082397460938,252.33494567871094,143.70721435546875,160.36463928222656,0.5242001414299011,1,6,-1
454,765,976.0706176757812,250.9551239013672,144.34515380859375,161.6531524658203,0.570249080657959,1,6,-1
455,765,978.506103515625,249.55625915527344,145.4388427734375,162.7733612060547,0.6014776825904846,1,6,-1
456,765,980.2002563476562,249.27586364746094,146.64617919921875,162.64662170410156,0.582973837852478,1,6,-1
457,765,982.8816528320312,248.97120666503906,146.26434326171875,163.0458526611328,0.6008021831512451,1,6,-1
458,765,987.3505859375,248.57412719726562,144.3843994140625,163.07485961914062,0.7030881643295288,1,6,-1
459,765,990.2964477539062,248.78810119628906,143.86712646484375,162.89894104003906,0.6001490354537964,1,6,-1
460,765,992.2252807617188,248.64059448242188,143.73724365234375,163.53829956054688,0.5723304152488708,1,6,-1
462,765,991.7903442382812,248.90603637695312,143.65704345703125,163.64505004882812,0.573517918586731,1,6,-1
463,765,990.0071411132812,250.5723114013672,142.71112060546875,161.67591857910156,0.6748721599578857,1,6,-1
464,765,985.2530517578125,251.76438903808594,143.924072265625,161.4752960205078,0.7053733468055725,1,6,-1
465,765,980.3289184570312,252.39610290527344,145.73907470703125,162.8754119873047,0.6143707036972046,1,6,-1
467,765,975.9755859375,255.2677001953125,144.83740234375,162.201904296875,0.6510115265846252,1,6,-1
468,765,975.1981201171875,255.4950408935547,143.8172607421875,162.18934631347656,0.6565185189247131,1,6,-1
469,765,974.5467529296875,257.8038330078125,143.2047119140625,160.52886962890625,0.7026274800300598,1,6,-1
470,765,972.8312377929688,257.731201171875,144.35552978515625,161.63992309570312,0.7357996106147766,1,6,-1
471,765,972.377685546875,259.4744567871094,143.35693359375,160.19573974609375,0.6737458109855652,1,6,-1
472,765,970.645263671875,258.9344177246094,143.397216796875,160.87100219726562,0.543241024017334,1,6,-1
473,765,968.8473510742188,259.41546630859375,144.59893798828125,159.82131958007812,0.6567332744598389,1,6,-1
474,765,968.5028076171875,260.04425048828125,144.69091796875,159.61502075195312,0.7009074091911316,1,6,-1
476,765,968.06982421875,259.87548828125,143.4898681640625,159.65261840820312,0.6623111367225647,1,6,-1
477,765,968.106689453125,259.1903991699219,143.4461669921875,159.93936157226562,0.5926180481910706,1,6,-1
478,765,968.1842651367188,258.8642578125,141.91314697265625,160.0067138671875,0.5903696417808533,1,6,-1
479,765,968.8411254882812,258.151123046875,141.80828857421875,160.70086669921875,0.5504608154296875,1,6,-1
480,765,969.466796875,256.6786193847656,140.732177734375,161.33905029296875,0.5299519300460815,1,6,-1
481,765,970.1491088867188,255.802001953125,142.27349853515625,162.0535888671875,0.7371370792388916,1,6,-1
482,765,970.3790893554688,255.47232055664062,143.47210693359375,161.77871704101562,0.7226199507713318,1,6,-1
