145,866,1702.9638671875,249.52806091308594,62.124267578125,92.13658142089844,0.6335505843162537,1,6,-1
146,866,1711.1884765625,248.47459411621094,61.6414794921875,92.80366516113281,0.6070806980133057,1,6,-1
146,867,1249.3077392578125,215.06019592285156,108.4722900390625,112.98487854003906,0.6956462264060974,1,6,-1
147,866,1719.9912109375,248.2960662841797,60.6029052734375,92.70030212402344,0.7264532446861267,1,6,-1
148,866,1725.855224609375,246.95684814453125,61.919677734375,93.65093994140625,0.7486592531204224,1,6,-1
149,866,1734.3209228515625,246.31240844726562,62.3603515625,94.0931396484375,0.7229591012001038,1,6,-1
150,866,1742.043212890625,245.51113891601562,64.786865234375,94.42294311523438,0.7554953694343567,1,6,-1
151,866,1748.72607421875,244.604248046875,66.439697265625,95.96499633789062,0.7476302981376648,1,6,-1
152,866,1754.839111328125,244.02134704589844,69.2796630859375,98.30613708496094,0.6416960954666138,1,6,-1
153,866,1761.0517578125,243.57664489746094,69.6812744140625,98.28065490722656,0.6817350387573242,1,6,-1
154,866,1768.3402099609375,241.12339782714844,68.711181640625,99.82435607910156,0.7393068671226501,1,6,-1
155,866,1772.4228515625,238.55746459960938,69.713623046875,102.45855712890625,0.5058643817901611,1,6,-1
156,866,1775.1116943359375,235.56533813476562,74.990966796875,103.53073120117188,0.6840047836303711,1,6,-1
157,866,1783.70458984375,232.73304748535156,71.9595947265625,100.70628356933594,0.8169390559196472,1,6,-1
158,866,1790.2857666015625,230.91586303710938,69.4232177734375,99.61737060546875,0.7360835075378418,1,6,-1
158,867,1275.869873046875,205.49951171875,106.6683349609375,124.31289672851562,0.5821338295936584,1,6,-1
159,866,1795.34130859375,228.31256103515625,70.97412109375,99.8841552734375,0.5991001725196838,1,6,-1
163,866,1807.4609375,213.8041229248047,75.496337890625,105.75358581542969,0.5141973495483398,1,6,-1
170,866,1825.474365234375,183.4202423095703,92.813720703125,112.20069885253906,0.6094322204589844,1,6,-1
172,866,1836.0587158203125,174.4120635986328,83.9412841796875,116.35469055175781,0.6747097373008728,1,6,-1
173,866,1839.774658203125,169.96348571777344,80.225341796875,117.07548522949219,0.6930975914001465,1,6,-1
173,867,1268.260986328125,181.86790466308594,116.489013671875,132.49107360839844,0.6535120606422424,1,6,-1
174,866,1841.823486328125,164.1599578857422,78.176513671875,118.87730407714844,0.6734371185302734,1,6,-1
174,867,1267.936279296875,180.5186767578125,115.2677001953125,132.65985107421875,0.7075921893119812,1,6,-1
175,867,1267.10595703125,177.5635528564453,116.7664794921875,133.47450256347656,0.6978307366371155,1,6,-1
176,867,1266.5308837890625,176.13201904296875,118.479248046875,134.812255859375,0.5014770030975342,1,6,-1
176,866,1846.4002685546875,153.97280883789062,73.5997314453125,122.608154296875,0.5266793966293335,1,6,-1
178,867,1263.9151611328125,174.19619750976562,123.4283447265625,133.21701049804688,0.555904746055603,1,6,-1
179,867,1263.8663330078125,172.957763671875,124.4173583984375,133.11105346679688,0.6317502856254578,1,6,-1
180,867,1263.387939453125,172.4501495361328,123.296142578125,132.85398864746094,0.5037268996238708,1,6,-1
180,869,532.2236328125,20.546323776245117,68.97467041015625,191.7704620361328,0.5568606853485107,1,6,-1
181,869,524.2265014648438,22.168100357055664,71.2802734375,189.3595733642578,0.7824500799179077,1,6,-1
182,866,1864.387939453125,124.5101547241211,55.612060546875,130.53335571289062,0.6351181268692017,1,6,-1
182,867,1261.7420654296875,171.96157836914062,123.40869140625,131.000732421875,0.5651135444641113,1,6,-1
183,866,1863.6309814453125,116.76881408691406,56.3690185546875,135.84584045410156,0.5784969925880432,1,6,-1
184,866,1864.2615966796875,111.09197998046875,55.7318115234375,137.2984161376953,0.6063869595527649,1,6,-1
185,866,1862.9591064453125,104.83068084716797,56.7227783203125,137.92742919921875,0.6258209347724915,1,6,-1
186,866,1861.2650146484375,100.5953369140625,58.060791015625,136.60986328125,0.5471710562705994,1,6,-1
186,867,1252.6412353515625,165.07508850097656,125.796630859375,134.2440948486328,0.5437629222869873,1,6,-1
187,866,1859.347900390625,94.7171401977539,59.8895263671875,140.88430786132812,0.5768187642097473,1,6,-1
190,870,1836.7386474609375,82.32417297363281,83.2613525390625,369.07647705078125,0.6763859391212463,1,6,-1
190,867,1239.545654296875,159.54437255859375,127.2706298828125,135.779296875,0.5388765931129456,1,6,-1
191,870,1838.3642578125,78.863037109375,81.6357421875,369.6319274902344,0.5096395015716553,1,6,-1
192,866,1863.239013671875,67.11572265625,56.44775390625,142.85435485839844,0.5513073801994324,1,6,-1
193,866,1864.13037109375,62.13454055786133,55.86962890625,137.71487426757812,0.5648714900016785,1,6,-1
195,870,1847.1204833984375,49.20576095581055,72.8795166015625,384.07550048828125,0.5869480967521667,1,6,-1
196,870,1848.8681640625,43.34286117553711,71.1318359375,381.61297607421875,0.6729085445404053,1,6,-1
196,867,1225.868408203125,151.95677185058594,129.8883056640625,138.43324279785156,0.5756518244743347,1,6,-1
197,870,1854.1026611328125,38.865257263183594,65.8973388671875,380.3230285644531,0.670232355594635,1,6,-1
198,870,1856.4901123046875,35.94449996948242,63.5098876953125,376.5932922363281,0.7335243821144104,1,6,-1
198,866,1885.8394775390625,34.45240020751953,34.1605224609375,120.75371551513672,0.6334244012832642,1,6,-1
199,870,1858.6568603515625,32.65966033935547,61.3431396484375,369.12005615234375,0.7298434972763062,1,6,-1
199,866,1890.1806640625,29.942424774169922,29.6644287109375,117.93434143066406,0.5874987244606018,1,6,-1
200,870,1862.8824462890625,19.0845947265625,57.1175537109375,373.5486145019531,0.6913217306137085,1,6,-1
200,866,1894.654052734375,19.427518844604492,25.1767578125,118.08973693847656,0.5376336574554443,1,6,-1
200,867,1216.5438232421875,140.91395568847656,131.7703857421875,141.2351837158203,0.5009968280792236,1,6,-1
201,870,1865.1163330078125,11.793845176696777,54.804443359375,374.3802185058594,0.6625136137008667,1,6,-1
201,871,294.1716003417969,1.201926350593567,113.57278442382812,153.79901123046875,0.6816839575767517,1,6,-1
201,867,1215.235595703125,136.66204833984375,127.7694091796875,142.78240966796875,0.51433265209198,1,6,-1
202,870,1868.9683837890625,7.0138678550720215,51.0316162109375,373.8238830566406,0.6177518367767334,1,6,-1
202,871,282.5184020996094,0.44775086641311646,112.69940185546875,147.98492431640625,0.7245194315910339,1,6,-1
202,867,1213.38037109375,132.89056396484375,126.9219970703125,143.26211547851562,0.5591480731964111,1,6,-1
203,867,1212.70947265625,128.8223114013672,126.3538818359375,144.9264373779297,0.7112228870391846,1,6,-1
204,867,1210.4420166015625,125.79959106445312,126.247314453125,145.0550537109375,0.7872039079666138,1,6,-1
204,871,261.1984558105469,0.7157338857650757,114.0799560546875,135.57655334472656,0.7598831057548523,1,6,-1
205,867,1210.2467041015625,124.72100067138672,130.1744384765625,143.40142822265625,0.8190184235572815,1,6,-1
205,871,248.39898681640625,1.2826398611068726,120.78778076171875,130.44090270996094,0.7580142021179199,1,6,-1
206,871,237.1215362548828,0.816437840461731,121.10884094238281,123.00704956054688,0.8338871598243713,1,6,-1
207,871,226.24005126953125,0.47398731112480164,121.71456909179688,116.36640930175781,0.8886523246765137,1,6,-1
207,867,1208.000244140625,115.65042114257812,131.93017578125,147.58932495117188,0.7300581932067871,1,6,-1
208,871,217.65826416015625,1.2222810983657837,120.42416381835938,108.12096405029297,0.8668686151504517,1,6,-1
208,867,1205.70556640625,113.70472717285156,133.5341796875,144.9392547607422,0.7158398628234863,1,6,-1
209,871,207.62948608398438,1.1189987659454346,120.3236083984375,101.1801528930664,0.9058089852333069,1,6,-1
209,867,1204.7572021484375,105.81230163574219,136.4681396484375,148.14805603027344,0.8164505362510681,1,6,-1
209,873,1187.54736328125,0.8688501119613647,122.81005859375,41.682769775390625,0.6482128500938416,1,6,-1
210,871,198.8224639892578,1.0345903635025024,120.74943542480469,94.49878692626953,0.9107258319854736,1,6,-1
210,867,1204.865234375,100.98980712890625,135.6727294921875,149.78688049316406,0.8761053681373596,1,6,-1
210,873,1190.1279296875,1.0334645509719849,116.7916259765625,36.71767807006836,0.6365261077880859,1,6,-1
211,871,190.9970703125,0.2932298183441162,117.02841186523438,85.88172149658203,0.8635551333427429,1,6,-1
211,867,1205.30029296875,98.0839614868164,134.530517578125,148.5821533203125,0.8416513800621033,1,6,-1
212,871,182.0208282470703,0.3201245069503784,117.67277526855469,78.08477783203125,0.8019249439239502,1,6,-1
212,867,1205.0421142578125,93.09857940673828,134.8636474609375,148.99307250976562,0.8897167444229126,1,6,-1
213,871,175.5159454345703,0.6040814518928528,111.74220275878906,70.22232818603516,0.6141377091407776,1,6,-1
213,867,1204.5560302734375,88.39608764648438,135.941650390625,150.08349609375,0.9005281329154968,1,6,-1
214,871,168.6055145263672,1.090104103088379,107.82041931152344,60.64533233642578,0.7464697957038879,1,6,-1
214,867,1203.8045654296875,80.2677993774414,136.58642578125,153.00408935546875,0.9181873202323914,1,6,-1
215,871,162.43797302246094,1.662855625152588,105.85585021972656,51.74331283569336,0.6294114589691162,1,6,-1
215,867,1204.0177001953125,75.76568603515625,136.2392578125,152.8778839111328,0.9238848090171814,1,6,-1
216,867,1204.048828125,73.64503479003906,138.007080078125,151.3890838623047,0.9247827529907227,1,6,-1
217,867,1204.3177490234375,65.9183349609375,137.55029296875,154.68727111816406,0.9321573376655579,1,6,-1
218,867,1204.7589111328125,59.77135467529297,136.673583984375,156.92706298828125,0.911702573299408,1,6,-1
219,867,1204.9942626953125,53.74880599975586,133.33837890625,159.39132690429688,0.9067663550376892,1,6,-1
220,867,1204.9862060546875,47.85078430175781,138.87890625,159.26571655273438,0.9144651293754578,1,6,-1
221,867,1204.4083251953125,41.388553619384766,140.9013671875,160.72438049316406,0.9363430142402649,1,6,-1
222,867,1204.7509765625,34.65475082397461,140.889892578125,160.79168701171875,0.9280815720558167,1,6,-1
223,867,1205.009765625,29.07413673400879,137.9296875,161.7683563232422,0.9051862359046936,1,6,-1
224,867,1205.0802001953125,24.76724624633789,144.95263671875,160.0555419921875,0.8826985359191895,1,6,-1
225,867,1205.2322998046875,20.9453067779541,148.7640380859375,157.98458862304688,0.9048154354095459,1,6,-1
226,867,1205.1199951171875,19.107097625732422,148.422119140625,154.41761779785156,0.8708716034889221,1,6,-1
227,867,1205.130615234375,13.62936782836914,150.21142578125,155.5004119873047,0.889976441860199,1,6,-1
