217,677,267.8101806640625,337.0865173339844,48.152069091796875,71.13275146484375,0.602956235408783,1,6,-1
218,677,265.57647705078125,336.6400146484375,48.497833251953125,72.37869262695312,0.6186686158180237,1,6,-1
238,677,220.58306884765625,306.4961242675781,51.238250732421875,80.19793701171875,0.5063778162002563,1,6,-1
239,677,216.80093383789062,302.9975280761719,52.42926025390625,78.522216796875,0.5574251413345337,1,6,-1
245,677,195.43508911132812,274.0202331542969,54.01155090332031,81.92559814453125,0.5441147089004517,1,6,-1
246,677,191.80316162109375,268.9609375,54.573455810546875,81.78720092773438,0.5697441697120667,1,6,-1
249,677,182.26324462890625,250.291748046875,56.47900390625,83.69097900390625,0.5815410017967224,1,6,-1
253,677,172.6427001953125,222.44712829589844,56.324066162109375,86.71687316894531,0.6626747250556946,1,6,-1
254,677,169.5188446044922,215.85736083984375,57.080963134765625,85.58599853515625,0.6686958074569702,1,6,-1
255,677,166.64088439941406,208.82522583007812,56.96467590332031,85.95944213867188,0.7543101906776428,1,6,-1
256,677,163.25991821289062,199.63421630859375,58.366424560546875,86.96441650390625,0.7850866317749023,1,6,-1
257,677,159.89730834960938,191.92361450195312,58.43409729003906,88.2664794921875,0.524109959602356,1,6,-1
258,677,156.89688110351562,184.87255859375,58.416534423828125,86.82666015625,0.5550101399421692,1,6,-1
260,677,149.18296813964844,167.7298583984375,59.166015625,89.99496459960938,0.5620797872543335,1,6,-1
261,677,144.69403076171875,158.37368774414062,59.27931213378906,89.93795776367188,0.5365837216377258,1,6,-1
