1,1,37.75,140.11,66.66,78.75,1,0,-1
2,1,37.45,140.77,66.6,79.00999999999999,1,0,-1
3,1,37.14,141.43,66.56,79.25999999999999,1,0,-1
4,1,36.84,142.09,66.5,79.52000000000001,1,0,-1
5,1,36.54,142.76,66.44,79.76000000000002,1,0,-1
6,1,36.23,143.42,66.4,80.02000000000001,1,0,-1
7,1,35.93,144.08,66.34,80.26999999999998,1,0,-1
8,1,35.62,144.74,66.28999999999999,80.53,1,0,-1
9,1,35.32,145.4,66.24000000000001,80.78,1,0,-1
10,1,35.01,146.06,66.19,81.03999999999999,1,0,-1
11,1,37.85,148.1,65.6,80.27000000000001,1,0,-1
12,1,40.68,150.13,65.03,79.5,1,0,-1
13,1,43.52,152.17,64.44,78.73000000000002,1,0,-1
14,1,46.35,154.2,63.85999999999999,77.97,1,0,-1
15,1,50.58,156.23,63.28,77.20000000000002,1,0,-1
16,1,54.8,158.27,62.7,76.42999999999998,1,0,-1
17,1,61.58,161.44,62.56,76.92000000000002,1,0,-1
18,1,68.37,164.61,62.400000000000006,77.41,1,0,-1
19,1,75.15,167.77,62.25999999999999,77.91,1,0,-1
20,1,81.94,170.94,62.110000000000014,78.4,1,0,-1
21,1,91.03,174.11,61.97,78.88999999999999,1,0,-1
22,1,100.81,178.19,61.50999999999999,78.48000000000002,1,0,-1
23,1,110.58,182.26,61.05,78.07,1,0,-1
24,1,120.35,186.34,60.599999999999994,77.66,1,0,-1
25,1,130.12,190.42,60.150000000000006,77.25000000000003,1,0,-1
26,1,139.9,194.49,59.69,76.83999999999997,1,0,-1
27,1,152.6,198.57,59.23000000000002,76.43,1,0,-1
28,1,165.3,202.65,58.78,76.02000000000001,1,0,-1
29,1,178.0,206.72,58.31999999999999,75.60999999999999,1,0,-1
30,1,190.7,210.8,57.870000000000005,75.19999999999999,1,0,-1
31,1,203.4,214.87,57.41,74.80000000000001,1,0,-1
32,1,216.1,218.95,56.95000000000002,74.38,1,0,-1
33,1,228.8,223.03,56.5,73.97,1,0,-1
34,1,243.29,226.76,55.859999999999985,73.61000000000001,1,0,-1
35,1,257.79,230.49,55.19999999999999,73.25,1,0,-1
36,1,272.28,234.22,54.56,72.88000000000002,1,0,-1
37,1,286.77,237.95,53.920000000000016,72.52000000000004,1,0,-1
38,1,301.27,241.68,53.25999999999999,72.15999999999997,1,0,-1
39,1,315.76,245.41,52.620000000000005,71.79999999999998,1,0,-1
40,1,329.57,248.92,51.98000000000002,71.43000000000004,1,0,-1
41,1,343.39,252.42,51.33000000000004,71.07000000000002,1,0,-1
42,1,357.2,255.93,50.68000000000001,70.69999999999999,1,0,-1
43,1,371.01,259.43,50.04000000000002,70.34999999999997,1,0,-1
44,1,384.83,262.94,49.39000000000004,69.98000000000002,1,0,-1
45,1,398.24,266.37,49.46999999999997,69.62,1,0,-1
46,1,411.64,269.8,49.56999999999999,69.25999999999999,1,0,-1
47,1,425.05,273.24,49.64999999999998,68.88999999999999,1,0,-1
48,1,438.46,276.67,49.74000000000001,68.52999999999997,1,0,-1
49,1,451.87,280.11,48.81,68.15999999999997,1,0,-1
50,1,465.28,283.54,47.889999999999986,67.79999999999995,1,0,-1
51,1,478.68,286.97,46.96999999999997,67.44999999999999,1,0,-1
52,1,492.09,290.41,46.04000000000002,67.07999999999998,1,0,-1
53,1,505.5,293.84,45.120000000000005,66.72000000000003,1,0,-1
54,1,518.91,297.28,44.190000000000055,66.35000000000002,1,0,-1
55,1,532.32,300.71,42.27999999999997,65.99000000000001,1,0,-1
56,1,543.96,303.44,42.16999999999996,65.86000000000001,1,0,-1
57,1,555.6,306.17,42.059999999999945,65.74000000000001,1,0,-1
58,1,567.24,308.9,41.93999999999994,65.61000000000001,1,0,-1
59,1,578.88,311.63,41.83000000000004,65.49000000000001,1,0,-1
60,1,590.53,314.36,41.710000000000036,65.36000000000001,1,0,-1
61,1,602.17,317.09,41.60000000000002,65.24000000000001,1,0,-1
62,1,613.81,319.82,41.48000000000002,65.11000000000001,1,0,-1
63,1,625.45,322.55,41.370000000000005,64.99000000000001,1,0,-1
64,1,637.09,325.29,41.25999999999999,64.84999999999997,1,0,-1
65,1,647.57,327.35,41.139999999999986,64.72999999999996,1,0,-1
66,1,658.04,329.41,41.030000000000086,64.60999999999996,1,0,-1
67,1,668.52,331.48,40.90999999999997,64.47999999999996,1,0,-1
68,1,679.0,333.54,40.799999999999955,64.35999999999996,1,0,-1
69,1,689.71,336.07,40.68999999999994,64.23000000000002,1,0,-1
70,1,700.43,338.59,40.57000000000005,64.11000000000001,1,0,-1
71,1,711.14,341.12,40.460000000000036,63.98000000000002,1,0,-1
72,1,721.39,343.02,40.34000000000003,63.910000000000025,1,0,-1
73,1,731.64,344.92,40.23000000000002,63.849999999999966,1,0,-1
74,1,741.89,346.82,40.110000000000014,63.78000000000003,1,0,-1
75,1,752.13,348.72,40.0,63.70999999999998,1,0,-1
76,1,762.38,350.62,39.889999999999986,63.64999999999998,1,0,-1
77,1,772.63,352.52,39.76999999999998,63.58000000000004,1,0,-1
78,1,782.88,354.43,39.64999999999998,63.5,1,0,-1
79,1,793.13,356.33,39.539999999999964,63.44,1,0,-1
80,1,803.37,358.23,39.42999999999995,63.370000000000005,1,0,-1
81,1,813.62,360.13,39.309999999999945,63.30000000000001,1,0,-1
82,1,823.87,362.03,39.200000000000045,63.24000000000001,1,0,-1
83,1,834.12,363.93,39.08000000000004,63.170000000000016,1,0,-1
84,1,844.37,365.83,38.960000000000036,63.10000000000002,1,0,-1
85,1,854.61,367.73,38.860000000000014,63.039999999999964,1,0,-1
86,1,864.86,369.63,38.74000000000001,62.97000000000003,1,0,-1
87,1,875.11,371.53,38.620000000000005,62.900000000000034,1,0,-1
88,1,885.36,373.43,38.50999999999999,62.839999999999975,1,0,-1
89,1,895.61,375.33,38.389999999999986,62.77000000000004,1,0,-1
90,1,905.85,377.23,38.27999999999997,62.69999999999999,1,0,-1
91,1,916.1,379.14,38.16999999999996,62.629999999999995,1,0,-1
92,1,926.35,381.04,38.049999999999955,62.56,1,0,-1
93,1,935.53,382.95,38.14999999999998,62.60000000000002,1,0,-1
94,1,944.71,384.86,38.25,62.629999999999995,1,0,-1
95,1,953.89,386.77,38.34000000000003,62.670000000000016,1,0,-1
96,1,963.08,388.68,38.42999999999995,62.70999999999998,1,0,-1
97,1,972.26,390.59,38.52999999999997,62.74000000000001,1,0,-1
98,1,981.44,392.5,38.629999999999995,62.77999999999997,1,0,-1
99,1,990.62,394.41,38.719999999999914,62.81,1,0,-1
100,1,999.8,396.32,38.819999999999936,62.85000000000002,1,0,-1
101,1,1008.98,398.23,38.92000000000007,62.889999999999986,1,0,-1
102,1,1018.16,400.14,39.020000000000095,62.920000000000016,1,0,-1
103,1,1027.35,402.06,39.11000000000013,62.94999999999999,1,0,-1
104,1,1036.53,403.97,39.200000000000045,62.98999999999995,1,0,-1
105,1,1045.71,405.88,39.299999999999955,63.01999999999998,1,0,-1
106,1,1053.57,408.65,39.40000000000009,63.06,1,0,-1
107,1,1061.43,411.43,39.5,63.089999999999975,1,0,-1
108,1,1069.29,414.2,39.590000000000146,63.129999999999995,1,0,-1
109,1,1077.15,416.98,39.68999999999983,63.15999999999997,1,0,-1
110,1,1085.01,419.75,39.789999999999964,63.19999999999999,1,0,-1
111,1,1092.87,422.53,39.8900000000001,63.23000000000002,1,0,-1
112,1,1100.73,425.3,39.98000000000002,63.26999999999998,1,0,-1
113,1,1108.6,428.08,40.070000000000164,63.30000000000001,1,0,-1
114,1,1116.46,430.85,40.17000000000007,63.339999999999975,1,0,-1
115,1,1122.26,432.63,40.26999999999998,63.379999999999995,1,0,-1
116,1,1128.07,434.41,40.36000000000013,63.41999999999996,1,0,-1
117,1,1133.87,436.19,40.47000000000003,63.44999999999999,1,0,-1
118,1,1141.53,438.44,40.549999999999955,63.48000000000002,1,0,-1
119,1,1154.71,444.37,40.659999999999854,63.51999999999998,1,0,-1
120,1,1155.17,445.96,40.75,63.56,1,0,-1
121,1,1165.23,449.56,40.84999999999991,63.589999999999975,1,0,-1
122,1,1175.3,453.15,40.940000000000055,63.629999999999995,1,0,-1
123,1,1185.36,456.75,41.04000000000019,63.65999999999997,1,0,-1
124,1,1190.43,458.86,41.12999999999988,63.69999999999993,1,0,-1
125,1,1195.5,460.97,41.23000000000002,63.73000000000002,1,0,-1
126,1,1200.56,463.08,41.330000000000155,63.76000000000005,1,0,-1
127,1,1210.72,467.06,41.42000000000007,63.81,1,0,-1
128,1,1220.87,471.05,41.52000000000021,63.839999999999975,1,0,-1
129,1,1227.78,473.8,41.62000000000012,63.87999999999994,1,0,-1
130,1,1234.7,476.56,41.72000000000003,63.910000000000025,1,0,-1
131,1,1241.62,479.32,41.81000000000017,63.94,1,0,-1
132,1,1248.53,482.07,41.91000000000008,63.97999999999996,1,0,-1
133,1,1255.45,484.83,42.0,64.01000000000005,1,0,-1
134,1,1262.37,487.58,42.100000000000136,64.06,1,0,-1
135,1,1269.28,490.34,42.200000000000045,64.08999999999997,1,0,-1
136,1,1276.2,493.1,42.289999999999964,64.12,1,0,-1
137,1,1284.38,496.02,42.38999999999987,64.14999999999998,1,0,-1
138,1,1292.57,498.94,42.49000000000001,64.19,1,0,-1
139,1,1300.75,501.86,42.58999999999992,64.23000000000002,1,0,-1
140,1,1308.94,504.78,42.679999999999836,64.25999999999999,1,0,-1
141,1,1317.12,507.7,42.7800000000002,64.30000000000001,1,0,-1
142,1,1325.91,510.48,43.08999999999992,64.52999999999997,1,0,-1
143,1,1334.69,513.26,43.409999999999854,64.75,1,0,-1
144,1,1343.48,516.04,43.72000000000003,64.98000000000002,1,0,-1
145,1,1352.26,518.82,44.039999999999964,65.19999999999993,1,0,-1
146,1,1361.04,521.6,44.36000000000013,65.41999999999996,1,0,-1
147,1,1369.83,524.38,44.67000000000007,65.64999999999998,1,0,-1
148,1,1378.61,527.16,44.99000000000001,65.87,1,0,-1
149,1,1387.4,529.94,45.299999999999955,66.09999999999991,1,0,-1
150,1,1396.18,532.72,45.61999999999989,66.31999999999994,1,0,-1
151,1,1404.97,535.5,45.930000000000064,66.54999999999995,1,0,-1
152,1,1413.75,538.28,46.25,66.76999999999998,1,0,-1
153,1,1422.54,541.06,46.559999999999945,67.0,1,0,-1
154,1,1431.32,543.84,46.88000000000011,67.21999999999991,1,0,-1
155,1,1441.09,546.62,47.320000000000164,67.45000000000005,1,0,-1
156,1,1450.86,549.4,47.77000000000021,67.67000000000007,1,0,-1
157,1,1460.63,552.18,48.20999999999981,67.90000000000009,1,0,-1
158,1,1470.39,554.96,48.669999999999845,68.12,1,0,-1
159,1,1480.16,557.74,49.1099999999999,68.35000000000002,1,0,-1
160,1,1489.93,560.52,49.559999999999945,68.57000000000005,1,0,-1
161,1,1499.7,563.3,50.0,68.80000000000007,1,0,-1
162,1,1510.47,566.4,50.3599999999999,69.20000000000005,1,0,-1
163,1,1521.25,569.5,50.72000000000003,69.60000000000002,1,0,-1
164,1,1532.02,572.59,51.07999999999993,70.00999999999999,1,0,-1
165,1,1542.79,575.69,51.450000000000045,70.39999999999998,1,0,-1
166,1,1553.56,578.79,51.809999999999945,70.80000000000007,1,0,-1
167,1,1564.34,581.89,52.17000000000007,71.20000000000005,1,0,-1
168,1,1575.11,584.99,52.5300000000002,71.60000000000002,1,0,-1
169,1,1585.88,588.09,52.88999999999987,72.0,1,0,-1
170,1,1596.65,591.18,53.25999999999999,72.41000000000008,1,0,-1
171,1,1608.66,594.49,53.6099999999999,72.79999999999995,1,0,-1
172,1,1620.66,597.79,53.98000000000002,73.21000000000004,1,0,-1
173,1,1632.66,601.09,54.33999999999992,73.61000000000001,1,0,-1
174,1,1645.2,604.46,54.83999999999992,74.07999999999993,1,0,-1
175,1,1657.74,607.83,55.33999999999992,74.55999999999995,1,0,-1
176,1,1670.28,611.2,55.83999999999992,75.02999999999997,1,0,-1
177,1,1682.82,614.57,56.340000000000146,75.5,1,0,-1
178,1,1695.36,617.94,56.840000000000146,75.96999999999991,1,0,-1
179,1,1707.9,621.31,57.33999999999992,76.45000000000005,1,0,-1
180,1,1720.45,624.68,57.82999999999993,76.92000000000007,1,0,-1
181,1,1732.99,628.04,58.32999999999993,77.40000000000009,1,0,-1
182,1,1745.53,631.41,58.82999999999993,77.87,1,0,-1
183,1,1758.07,634.78,59.330000000000155,78.35000000000002,1,0,-1
184,1,1772.45,638.64,59.82999999999993,78.82000000000005,1,0,-1
185,1,1786.84,642.5,60.330000000000155,79.28999999999996,1,0,-1
186,1,1801.22,646.36,60.82999999999993,79.76999999999998,1,0,-1
187,1,1815.61,650.22,61.330000000000155,80.24000000000001,1,0,-1
188,1,1830.0,654.08,61.819999999999936,80.71999999999991,1,0,-1
189,1,1844.38,657.95,62.319999999999936,81.17999999999995,1,0,-1
190,1,1857.7,660.7,62.299999999999955,81.19999999999993,1,0,-1
191,1,1872.97,665.49,47.02999999999997,78.24000000000001,1,0,-1
192,1,1888.23,670.27,31.769999999999982,75.30000000000007,1,0,-1
193,1,1903.5,675.06,16.5,72.34000000000003,1,0,-1
