172,787,10.061461448669434,3.7243194580078125,445.2276611328125,1075.18994140625,0.6547693014144897,1,6,-1
173,787,16.77682113647461,4.632922172546387,443.4939880371094,1075.1917724609375,0.5678149461746216,1,6,-1
174,787,29.31150245666504,2.01350736618042,436.686279296875,1077.9864501953125,0.6094596982002258,1,6,-1
175,787,40.470619201660156,0.866173505783081,442.2371520996094,1079.1337890625,0.5799322724342346,1,6,-1
176,787,46.108421325683594,0.31391143798828125,449.18817138671875,1079.68603515625,0.5762434601783752,1,6,-1
177,787,51.401817321777344,0.5802804231643677,454.317626953125,1077.32861328125,0.5093272924423218,1,6,-1
178,787,54.74855422973633,0.0,451.97125244140625,1079.126953125,0.5388011932373047,1,6,-1
179,787,56.95980453491211,0.0,450.67431640625,1079.888427734375,0.5230518579483032,1,6,-1
196,787,62.544551849365234,0.4578871428966522,454.6256103515625,1078.68359375,0.530149519443512,1,6,-1
198,787,67.19937133789062,1.0257610082626343,461.1983337402344,1075.9510498046875,0.5078593492507935,1,6,-1
199,787,70.59516143798828,3.0262045860290527,460.59576416015625,1073.4556884765625,0.5366724133491516,1,6,-1
202,787,85.63224792480469,10.32666301727295,453.5506591796875,1065.2347412109375,0.5146275758743286,1,6,-1
204,787,92.87345886230469,15.538291931152344,445.59429931640625,1060.0870361328125,0.5611878037452698,1,6,-1
205,787,97.6895523071289,18.34080696105957,441.3289489746094,1057.70703125,0.5371575355529785,1,6,-1
206,787,103.49369049072266,21.427440643310547,438.0741882324219,1054.6630859375,0.514679491519928,1,6,-1
207,787,109.35315704345703,22.82315444946289,438.32794189453125,1053.3236083984375,0.5413635969161987,1,6,-1
219,787,200.93173217773438,36.46476364135742,432.4809265136719,1040.789794921875,0.5066834092140198,1,6,-1
221,787,218.3514404296875,40.50885009765625,419.243896484375,1035.300048828125,0.5422770380973816,1,6,-1
234,787,346.8753967285156,65.2120590209961,382.4407043457031,1011.9197998046875,0.5593488216400146,1,6,-1
235,787,357.09765625,65.25721740722656,376.44976806640625,1013.1280517578125,0.5953941941261292,1,6,-1
236,787,368.1631774902344,67.04218292236328,377.8755187988281,1007.8887329101562,0.5132810473442078,1,6,-1
241,787,415.7027587890625,77.20612335205078,377.27386474609375,1000.3369750976562,0.5298309922218323,1,6,-1
242,787,425.61077880859375,78.08865356445312,373.885498046875,997.18017578125,0.5491443276405334,1,6,-1
243,787,436.6446228027344,77.78741455078125,372.5619812011719,998.8367309570312,0.5264226198196411,1,6,-1
244,787,447.24102783203125,77.12627410888672,371.05072021484375,1000.6655883789062,0.5091137290000916,1,6,-1
247,787,473.417236328125,81.3380126953125,360.63970947265625,994.705078125,0.5301724076271057,1,6,-1
248,787,483.7274169921875,79.35774993896484,351.53961181640625,997.6644897460938,0.5193789601325989,1,6,-1
254,787,537.7879028320312,65.2955551147461,349.9735107421875,1011.6556396484375,0.5442034602165222,1,6,-1
255,787,551.3729858398438,60.32362747192383,338.10986328125,1019.6763916015625,0.5914550423622131,1,6,-1
257,787,569.627685546875,60.406070709228516,341.11761474609375,1019.5939331054688,0.5318417549133301,1,6,-1
258,787,578.986328125,67.76504516601562,340.48309326171875,1012.2349853515625,0.5816855430603027,1,6,-1
261,787,610.1166381835938,75.24750518798828,318.24005126953125,1004.7525024414062,0.5309495329856873,1,6,-1
262,787,621.9769287109375,66.36394500732422,309.41290283203125,1013.6360473632812,0.5026859641075134,1,6,-1
318,791,1067.8304443359375,325.5758972167969,188.330810546875,754.424072265625,0.5256251692771912,1,0,-1
341,791,1191.204833984375,504.4902038574219,163.0216064453125,575.509765625,0.5881891846656799,1,0,-1
342,791,1194.831787109375,513.9871826171875,165.537353515625,565.782958984375,0.5753107666969299,1,0,-1
355,791,1298.9781494140625,563.6097412109375,163.0125732421875,516.3902587890625,0.5591360926628113,1,0,-1
356,791,1308.392578125,568.7650146484375,165.25927734375,510.8486328125,0.6002187728881836,1,0,-1
357,791,1317.4666748046875,573.8815307617188,164.518798828125,505.33880615234375,0.6225294470787048,1,0,-1
358,791,1329.9215087890625,575.9917602539062,158.6614990234375,503.04656982421875,0.5953845977783203,1,0,-1
359,791,1339.9664306640625,577.9205932617188,156.03662109375,501.16754150390625,0.5951796174049377,1,0,-1
360,791,1347.56884765625,580.7061157226562,155.69384765625,498.46722412109375,0.5365886688232422,1,0,-1
361,791,1356.64306640625,581.0916137695312,157.943359375,498.20098876953125,0.5850214958190918,1,0,-1
362,791,1364.597412109375,583.296630859375,160.8270263671875,496.106201171875,0.642015278339386,1,0,-1
363,791,1374.9337158203125,586.68603515625,158.090087890625,492.7017822265625,0.5975975394248962,1,0,-1
364,791,1384.4971923828125,584.7605590820312,154.433837890625,494.84393310546875,0.5604025721549988,1,0,-1
382,791,1522.991943359375,637.2320556640625,153.01318359375,442.7679443359375,0.5141439437866211,1,0,-1
384,791,1536.3046875,650.5259399414062,153.440673828125,429.47406005859375,0.5189823508262634,1,0,-1
386,791,1549.6585693359375,658.7338256835938,149.659423828125,421.26617431640625,0.5018551349639893,1,0,-1
442,793,929.7527465820312,13.15659236907959,169.85528564453125,198.0459747314453,0.5616851449012756,1,13,-1
443,793,932.5899047851562,14.262956619262695,168.06817626953125,195.19754028320312,0.5054895877838135,1,13,-1
445,793,940.5624389648438,14.735445976257324,167.15985107421875,194.1331024169922,0.5111070871353149,1,13,-1
446,793,944.6718139648438,13.043458938598633,164.89312744140625,194.70510864257812,0.6072515249252319,1,13,-1
447,793,948.4682006835938,13.08371353149414,163.76141357421875,193.77642822265625,0.55189049243927,1,13,-1
