2,448,445.2765808105469,0.7521680593490601,481.8601989746094,593.8455200195312,0.7178899645805359,1,3,-1
3,448,442.43402099609375,1.187836766242981,486.8419189453125,595.88671875,0.6889094710350037,1,3,-1
4,448,440.5135192871094,0.0,490.9813537597656,592.5191040039062,0.5949861407279968,1,3,-1
5,448,438.6028747558594,0.0,497.2141418457031,605.31689453125,0.7472732067108154,1,3,-1
6,448,439.1517028808594,1.774935245513916,499.0107727050781,604.8029174804688,0.6460699439048767,1,3,-1
7,448,431.53509521484375,0.19452041387557983,507.3262939453125,608.7288208007812,0.7720513343811035,1,3,-1
8,448,427.0129089355469,0.0,513.0106201171875,609.9993286132812,0.8000981211662292,1,3,-1
9,448,425.6016540527344,0.0,516.8243408203125,611.983642578125,0.8095372319221497,1,3,-1
10,448,422.02130126953125,0.0,520.7293090820312,609.3739624023438,0.7266889214515686,1,3,-1
11,448,420.5914001464844,0.0,523.107666015625,612.783447265625,0.6928713321685791,1,3,-1
12,448,418.3667297363281,0.0,524.794677734375,616.08544921875,0.7606407403945923,1,3,-1
13,448,417.2575378417969,0.0,527.2470703125,616.1131591796875,0.75340336561203,1,3,-1
14,448,416.65447998046875,0.0,529.8268432617188,609.7276000976562,0.6398204565048218,1,3,-1
15,448,414.2041320800781,0.3631390631198883,533.6595458984375,615.5327758789062,0.7422090172767639,1,3,-1
16,448,411.90875244140625,0.00255225645378232,537.87255859375,619.4368896484375,0.7823099493980408,1,3,-1
17,448,409.54022216796875,1.4317045211791992,540.3552856445312,613.5925903320312,0.7894107103347778,1,3,-1
18,448,407.1559143066406,0.02827093005180359,541.7642822265625,613.707763671875,0.7391897439956665,1,3,-1
19,448,404.2950134277344,0.0,542.562744140625,614.65625,0.7378344535827637,1,3,-1
20,448,401.8471984863281,0.0,543.9520263671875,608.228271484375,0.8088895678520203,1,3,-1
21,448,397.6075134277344,0.0,546.1888427734375,599.2191772460938,0.6665468215942383,1,3,-1
22,448,395.44903564453125,0.0,548.880126953125,607.1683959960938,0.6569544672966003,1,3,-1
23,448,392.8829345703125,0.0,550.3980102539062,604.7316284179688,0.7822084426879883,1,3,-1
24,448,392.2754821777344,0.0,549.7730712890625,597.7781372070312,0.6504403948783875,1,3,-1
25,448,392.88970947265625,0.0,547.5123291015625,593.84716796875,0.7362587451934814,1,3,-1
26,448,391.03070068359375,0.42447975277900696,548.0992431640625,598.1731567382812,0.7219385504722595,1,3,-1
27,448,390.66845703125,0.0,545.9457397460938,593.5908813476562,0.6957310438156128,1,3,-1
28,448,388.6505432128906,1.4617116451263428,547.0240478515625,589.1351318359375,0.7601875066757202,1,3,-1
29,448,386.43585205078125,0.0,549.3135375976562,592.947998046875,0.7409377098083496,1,3,-1
30,448,385.09503173828125,0.0,550.0006713867188,592.9988403320312,0.6860406398773193,1,3,-1
31,448,385.32916259765625,0.0,549.00341796875,585.9865112304688,0.7086499333381653,1,3,-1
32,448,383.8689880371094,0.0,550.014404296875,579.5543212890625,0.6022452712059021,1,3,-1
33,448,381.6222229003906,0.0,552.0509033203125,574.2767944335938,0.6115829348564148,1,3,-1
34,448,380.82342529296875,0.0,553.6331176757812,572.9172973632812,0.8042639493942261,1,3,-1
35,448,380.71527099609375,0.0,553.8602905273438,568.5424194335938,0.6107339859008789,1,3,-1
36,448,381.14996337890625,0.0,553.0916748046875,563.62744140625,0.6779330968856812,1,3,-1
37,448,380.5123291015625,0.0,553.3314208984375,564.3197631835938,0.6311468482017517,1,3,-1
38,448,379.62432861328125,1.0695139169692993,553.9141845703125,562.463134765625,0.7051652073860168,1,3,-1
38,451,1548.434814453125,850.609619140625,41.385498046875,78.8829345703125,0.5696569681167603,1,2,-1
39,448,379.2537841796875,0.6695652008056641,554.739013671875,554.5537109375,0.5803590416908264,1,3,-1
40,451,1549.3416748046875,849.7472534179688,41.94677734375,80.9874267578125,0.5227232575416565,1,2,-1
41,451,1549.7783203125,849.2156982421875,41.7393798828125,82.10540771484375,0.5121297836303711,1,2,-1
41,448,380.0823974609375,0.0,553.930419921875,544.8834228515625,0.5399541854858398,1,3,-1
42,451,1550.6312255859375,849.1765747070312,40.6065673828125,81.67132568359375,0.6020896434783936,1,2,-1
42,448,381.538818359375,0.0,553.5493774414062,542.126220703125,0.6503835320472717,1,3,-1
43,451,1551.591796875,849.4822998046875,39.968505859375,80.92352294921875,0.6903660893440247,1,2,-1
44,451,1552.431640625,848.9163818359375,39.5357666015625,80.90350341796875,0.6627824306488037,1,2,-1
44,448,382.9228515625,0.0,553.2825927734375,534.47314453125,0.5858404040336609,1,3,-1
45,451,1552.741943359375,848.2342529296875,39.956298828125,81.585693359375,0.6990267038345337,1,2,-1
46,451,1553.229736328125,848.086669921875,40.3580322265625,80.30950927734375,0.6978518962860107,1,2,-1
47,451,1554.2308349609375,846.9814453125,40.10595703125,79.626708984375,0.6678264737129211,1,2,-1
48,451,1554.8155517578125,846.1361694335938,39.7320556640625,80.12091064453125,0.645900309085846,1,2,-1
49,451,1554.670654296875,845.9341430664062,40.274658203125,79.3326416015625,0.7032212018966675,1,2,-1
50,451,1554.1195068359375,845.222412109375,41.9248046875,78.53607177734375,0.6974193453788757,1,2,-1
51,451,1554.361572265625,845.2716674804688,42.27978515625,78.89984130859375,0.7048853635787964,1,2,-1
52,451,1555.3629150390625,844.9567260742188,42.8084716796875,78.98699951171875,0.6706342101097107,1,2,-1
53,451,1556.1514892578125,845.0469970703125,43.023681640625,80.31585693359375,0.5880685448646545,1,2,-1
54,451,1556.817626953125,844.681396484375,42.0101318359375,82.08416748046875,0.5573934316635132,1,2,-1
55,451,1557.5572509765625,845.1341552734375,41.474853515625,82.97222900390625,0.5082664489746094,1,2,-1
60,451,1563.868408203125,846.3706665039062,43.8021240234375,84.38311767578125,0.5343961119651794,1,2,-1
61,451,1567.294677734375,846.7644653320312,43.420166015625,84.18341064453125,0.5462460517883301,1,2,-1
63,451,1574.1490478515625,847.0609741210938,42.463134765625,85.33929443359375,0.5622085928916931,1,2,-1
101,452,0.0,11.789389610290527,885.0780029296875,546.9221801757812,0.5994471311569214,1,7,-1
119,453,1269.6978759765625,531.4581298828125,135.2484130859375,155.75494384765625,0.5293311476707458,1,13,-1
123,455,1244.037841796875,346.5411682128906,142.599609375,163.82489013671875,0.5591713190078735,1,13,-1
124,455,1242.9913330078125,343.0409851074219,143.5538330078125,167.72509765625,0.6708346605300903,1,13,-1
124,453,1268.4588623046875,533.8567504882812,133.8465576171875,159.539306640625,0.6322562098503113,1,13,-1
125,455,1242.8389892578125,340.23126220703125,143.724853515625,169.5811767578125,0.5735223293304443,1,13,-1
126,453,1268.324462890625,535.169189453125,135.61572265625,159.36651611328125,0.598894476890564,1,13,-1
127,455,1242.1060791015625,335.725341796875,145.9083251953125,172.13174438476562,0.5453131794929504,1,13,-1
129,455,1242.3951416015625,330.6487121582031,145.447998046875,178.03378295898438,0.5670719742774963,1,13,-1
130,453,1269.1397705078125,531.7449340820312,137.5609130859375,160.83612060546875,0.5429370999336243,1,13,-1
131,453,1268.48291015625,530.21728515625,138.509521484375,161.54058837890625,0.7083938717842102,1,13,-1
131,455,1238.5909423828125,327.1282043457031,150.4852294921875,180.49404907226562,0.5151692628860474,1,13,-1
133,453,1268.737060546875,529.67529296875,140.534423828125,160.5352783203125,0.6286532282829285,1,13,-1
133,455,1239.0433349609375,321.3251037597656,151.4241943359375,180.686767578125,0.5034803748130798,1,13,-1
135,453,1268.0848388671875,526.4932861328125,140.277099609375,161.841796875,0.5239389538764954,1,13,-1
135,455,1240.5130615234375,316.5792236328125,148.9647216796875,181.72604370117188,0.5051620602607727,1,13,-1
136,455,1241.371337890625,318.50726318359375,147.2379150390625,178.08908081054688,0.6174820065498352,1,13,-1
137,455,1242.04296875,318.5235595703125,145.489990234375,176.61993408203125,0.550723671913147,1,13,-1
138,455,1243.8944091796875,322.1302795410156,143.3961181640625,170.887939453125,0.5065957307815552,1,13,-1
139,455,1244.6514892578125,321.866455078125,143.3460693359375,168.13433837890625,0.5937219858169556,1,13,-1
140,455,1245.5032958984375,320.8406677246094,142.6175537109375,166.041259765625,0.5196769833564758,1,13,-1
141,455,1243.69287109375,317.0721435546875,144.4591064453125,166.51095581054688,0.5731959939002991,1,13,-1
142,455,1245.5252685546875,317.8655090332031,140.9891357421875,159.59030151367188,0.6693810820579529,1,13,-1
143,455,1244.5020751953125,317.0569763183594,141.8995361328125,154.72164916992188,0.6666920185089111,1,13,-1
144,455,1243.0838623046875,310.6065979003906,143.7659912109375,159.99734497070312,0.7576923370361328,1,13,-1
145,455,1242.216552734375,303.2759704589844,144.17626953125,164.50283813476562,0.7396889328956604,1,13,-1
146,455,1241.9478759765625,299.4891052246094,145.7840576171875,164.15811157226562,0.6455040574073792,1,13,-1
147,455,1241.1463623046875,296.1031799316406,146.3414306640625,165.06634521484375,0.7599660754203796,1,13,-1
148,455,1241.5194091796875,293.2822570800781,145.8016357421875,165.30557250976562,0.7425231337547302,1,13,-1
149,455,1240.4229736328125,289.67059326171875,146.6490478515625,163.763427734375,0.7160136699676514,1,13,-1
150,455,1239.4869384765625,279.4832763671875,147.05126953125,170.26211547851562,0.7286840081214905,1,13,-1
151,455,1237.9051513671875,271.44024658203125,148.423095703125,174.22943115234375,0.7694897055625916,1,13,-1
152,455,1235.2255859375,264.9344177246094,150.2674560546875,176.578125,0.7560212016105652,1,13,-1
153,455,1231.65625,249.5227813720703,154.2213134765625,189.5125274658203,0.7257393598556519,1,13,-1
154,455,1229.19677734375,238.79624938964844,156.578125,193.28355407714844,0.6217984557151794,1,13,-1
155,455,1228.4532470703125,231.99806213378906,157.6973876953125,194.1803741455078,0.6473317742347717,1,13,-1
156,455,1225.58349609375,226.5524444580078,159.997314453125,193.3473358154297,0.6135260462760925,1,13,-1
157,455,1223.7158203125,221.41856384277344,160.6829833984375,192.99256896972656,0.601478636264801,1,13,-1
158,455,1223.074951171875,214.21078491210938,160.2242431640625,196.11114501953125,0.6073393225669861,1,13,-1
159,455,1223.1982421875,212.17575073242188,156.993896484375,191.7557373046875,0.6618959903717041,1,13,-1
160,455,1222.8935546875,207.72293090820312,155.7176513671875,193.1180419921875,0.6991374492645264,1,13,-1
160,453,1240.8951416015625,433.2144470214844,152.3990478515625,172.19699096679688,0.5211151242256165,1,13,-1
161,455,1223.416015625,206.50613403320312,152.063720703125,190.53842163085938,0.7199190855026245,1,13,-1
161,453,1239.4071044921875,429.09576416015625,152.093994140625,171.44183349609375,0.526909589767456,1,13,-1
162,455,1219.7247314453125,206.42308044433594,154.4833984375,188.04945373535156,0.6003732085227966,1,13,-1
163,455,1217.7886962890625,203.21810913085938,156.3311767578125,188.66143798828125,0.6411997079849243,1,13,-1
165,455,1212.8125,200.21633911132812,157.872314453125,189.64312744140625,0.6059682369232178,1,13,-1
168,455,1211.197509765625,200.41360473632812,156.4344482421875,185.7667236328125,0.625842809677124,1,13,-1
169,455,1211.5079345703125,203.1438446044922,155.7623291015625,182.4292755126953,0.7607006430625916,1,13,-1
170,455,1212.2537841796875,203.2733154296875,155.4652099609375,182.63980102539062,0.6883589625358582,1,13,-1
171,455,1213.333984375,201.00347900390625,155.5653076171875,184.97210693359375,0.5785639882087708,1,13,-1
171,457,1213.4996337890625,200.9779510498047,155.0946044921875,185.9996795654297,0.5639326572418213,1,13,-1
174,455,1213.3914794921875,190.29579162597656,159.1416015625,195.65516662597656,0.6429110169410706,1,13,-1
176,455,1212.826171875,188.78591918945312,158.2049560546875,199.62115478515625,0.5827194452285767,1,13,-1
177,455,1213.943115234375,200.84535217285156,157.064453125,186.99510192871094,0.5746791958808899,1,13,-1
180,455,1213.9588623046875,205.2694091796875,159.6630859375,186.93490600585938,0.5298846960067749,1,13,-1
181,455,1215.9468994140625,201.75779724121094,159.10546875,191.4933624267578,0.6368322968482971,1,13,-1
182,455,1216.5274658203125,197.8323974609375,161.9322509765625,196.42556762695312,0.685588538646698,1,13,-1
183,455,1217.4632568359375,195.5298309326172,163.1519775390625,200.70835876464844,0.6954602599143982,1,13,-1
184,455,1216.3690185546875,189.421630859375,166.620361328125,209.1053466796875,0.7330732345581055,1,13,-1
185,455,1219.1021728515625,187.1181182861328,165.6776123046875,212.19459533691406,0.7552324533462524,1,13,-1
186,455,1219.153564453125,184.87591552734375,167.37939453125,216.35638427734375,0.748980700969696,1,13,-1
187,455,1219.1575927734375,180.3628387451172,169.404541015625,221.7017364501953,0.7459630370140076,1,13,-1
188,455,1219.37353515625,184.64881896972656,170.49169921875,219.8295135498047,0.7468985319137573,1,13,-1
189,455,1219.7562255859375,186.07554626464844,171.9593505859375,220.63426208496094,0.7279393672943115,1,13,-1
191,455,1220.6134033203125,184.1761016845703,173.73046875,226.5402069091797,0.6290113925933838,1,13,-1
192,455,1222.0611572265625,184.90353393554688,173.7423095703125,227.45248413085938,0.5713167786598206,1,13,-1
193,455,1221.6307373046875,188.49307250976562,175.8453369140625,225.271484375,0.6721203327178955,1,13,-1
194,455,1222.3035888671875,193.8158721923828,175.5133056640625,220.26914978027344,0.6472092270851135,1,13,-1
195,455,1222.9820556640625,202.75540161132812,175.1646728515625,211.74801635742188,0.6207181811332703,1,13,-1
196,455,1224.809814453125,206.9210662841797,173.72900390625,207.7786102294922,0.5894267559051514,1,13,-1
197,455,1225.3729248046875,209.481689453125,174.4127197265625,205.2066650390625,0.5039188265800476,1,13,-1
198,455,1226.56982421875,213.70068359375,173.994384765625,199.67050170898438,0.5956099629402161,1,13,-1
199,455,1227.2314453125,216.99940490722656,173.640380859375,195.8366241455078,0.5858660936355591,1,13,-1
200,455,1229.15234375,222.90977478027344,171.1923828125,191.59495544433594,0.6432605981826782,1,13,-1
201,455,1229.8642578125,224.2187042236328,168.659912109375,189.2220916748047,0.721420168876648,1,13,-1
202,455,1229.8001708984375,222.51153564453125,169.4637451171875,191.09930419921875,0.6721383333206177,1,13,-1
203,455,1230.520751953125,219.10952758789062,168.48779296875,195.842529296875,0.6400661468505859,1,13,-1
204,455,1232.556640625,215.62733459472656,168.2962646484375,197.6414031982422,0.6850733757019043,1,13,-1
205,455,1232.011474609375,212.24139404296875,171.9683837890625,198.87509155273438,0.6619062423706055,1,13,-1
