200,1,124.03766632080078,139.2435760498047,104.38848114013672,138.22483825683594,0.5361748337745667,1,1,-1
201,1,126.59771728515625,136.3697967529297,100.55868530273438,135.72264099121094,0.5392289757728577,1,1,-1
202,1,125.94963836669922,136.13079833984375,99.41263580322266,132.19085693359375,0.5454365611076355,1,1,-1
212,1,135.8360595703125,101.12781524658203,105.40582275390625,140.30938720703125,0.5510054230690002,1,1,-1
213,1,136.567626953125,99.01370239257812,107.70533752441406,142.5054473876953,0.6032447218894958,1,1,-1
214,1,139.70932006835938,96.46376037597656,106.67926025390625,142.60525512695312,0.5940147638320923,1,1,-1
215,1,142.7040252685547,96.08575439453125,103.56976318359375,139.95643615722656,0.6078643202781677,1,1,-1
216,1,145.24124145507812,90.87003326416016,102.84162902832031,142.94320678710938,0.551459550857544,1,1,-1
217,1,147.84974670410156,88.30107879638672,99.54437255859375,141.62158203125,0.6202526092529297,1,1,-1
218,1,149.2689208984375,84.67517852783203,99.17439270019531,141.87652587890625,0.5567530989646912,1,1,-1
219,1,149.83114624023438,82.49630737304688,99.69075012207031,140.87562561035156,0.5316551327705383,1,1,-1
220,1,150.86703491210938,76.56436920166016,99.06709289550781,141.90496826171875,0.6077907085418701,1,1,-1
221,1,151.7734375,75.0516586303711,97.91493225097656,140.80868530273438,0.5891045331954956,1,1,-1
222,1,151.10562133789062,70.49088287353516,98.45564270019531,142.94595336914062,0.5851233601570129,1,1,-1
223,1,150.07044982910156,64.28192901611328,99.54194641113281,145.11788940429688,0.6822845935821533,1,1,-1
224,1,149.63412475585938,62.4392204284668,100.22441101074219,143.4192352294922,0.6485635042190552,1,1,-1
225,1,149.7238006591797,58.2832145690918,99.5965576171875,142.76808166503906,0.6599744558334351,1,1,-1
226,1,148.67019653320312,55.28032302856445,100.70164489746094,141.10997009277344,0.6774083971977234,1,1,-1
227,1,148.2926025390625,53.805633544921875,101.52911376953125,136.77304077148438,0.6416692733764648,1,1,-1
228,1,148.101318359375,52.56486892700195,102.04368591308594,136.15557861328125,0.6218522191047668,1,1,-1
229,1,149.1053009033203,49.407508850097656,98.90562438964844,136.15435791015625,0.618287205696106,1,1,-1
230,1,149.99464416503906,46.84316635131836,97.604248046875,136.9945068359375,0.6489066481590271,1,1,-1
231,1,151.18136596679688,43.77204895019531,96.74423217773438,137.15005493164062,0.6523951888084412,1,1,-1
232,1,152.79367065429688,43.06444549560547,96.22303771972656,134.96337890625,0.6396461725234985,1,1,-1
233,1,154.4227294921875,41.21808624267578,95.08131408691406,132.71389770507812,0.6268726587295532,1,1,-1
234,1,155.5239715576172,38.97063446044922,93.828125,132.79425048828125,0.6300636529922485,1,1,-1
235,1,155.60064697265625,37.81110382080078,93.70101928710938,131.42440795898438,0.6462411284446716,1,1,-1
236,1,156.45556640625,35.252403259277344,93.23811340332031,132.49783325195312,0.6580088138580322,1,1,-1
237,1,156.88294982910156,32.7846565246582,93.12185668945312,133.42169189453125,0.629777729511261,1,1,-1
238,1,156.99856567382812,28.574647903442383,92.48501586914062,135.17364501953125,0.6354694366455078,1,1,-1
239,1,157.57615661621094,25.84647560119629,92.16561889648438,136.03695678710938,0.6696804761886597,1,1,-1
240,1,158.0653839111328,23.959529876708984,93.461669921875,134.81973266601562,0.6325477361679077,1,1,-1
241,1,158.6353759765625,23.60480308532715,93.78971862792969,132.4105682373047,0.5762073397636414,1,1,-1
242,1,158.60366821289062,20.644655227661133,94.85368347167969,129.82421875,0.6753789782524109,1,1,-1
243,1,158.46865844726562,18.081886291503906,94.94026184082031,127.46985626220703,0.6546356081962585,1,1,-1
244,1,159.60589599609375,15.827591896057129,94.653076171875,125.17518615722656,0.6685223579406738,1,1,-1
245,1,161.0246124267578,12.676433563232422,93.99678039550781,126.18777465820312,0.6989207863807678,1,1,-1
246,1,162.7097930908203,11.24021053314209,93.23297119140625,126.60189056396484,0.6760475039482117,1,1,-1
247,1,162.27938842773438,9.07105827331543,93.43055725097656,126.01295471191406,0.6410241723060608,1,1,-1
248,1,162.79739379882812,8.154427528381348,92.8271484375,125.17302703857422,0.6810721158981323,1,1,-1
249,1,162.71389770507812,6.524137020111084,94.28753662109375,120.40373229980469,0.6565290093421936,1,1,-1
250,1,162.92176818847656,5.322513580322266,94.69441223144531,118.88681030273438,0.6672131419181824,1,1,-1
251,1,164.94834899902344,3.102339506149292,94.44438171386719,117.94696044921875,0.7050178050994873,1,1,-1
252,1,167.68777465820312,2.3203980922698975,93.9908447265625,120.04190063476562,0.7196863293647766,1,1,-1
253,1,170.47689819335938,1.1242014169692993,93.03277587890625,117.90599060058594,0.6976603865623474,1,1,-1
254,1,172.88595581054688,0.538833737373352,91.08627319335938,114.88053131103516,0.6737660765647888,1,1,-1
255,1,175.49525451660156,0.0,89.95912170410156,111.51105499267578,0.6557378768920898,1,1,-1
256,1,177.05128479003906,0.0,88.67625427246094,108.97909545898438,0.6482371687889099,1,1,-1
257,1,178.08204650878906,0.0,88.88975524902344,106.65008544921875,0.6176934838294983,1,1,-1
258,1,181.8628692626953,0.0,88.06010437011719,104.08688354492188,0.5246185064315796,1,1,-1
259,1,183.09434509277344,0.0,87.78010559082031,104.84744262695312,0.5137377977371216,1,1,-1
265,1,190.24314880371094,0.0,92.85920715332031,86.82416534423828,0.5300136804580688,1,1,-1
266,1,192.1500701904297,0.0,92.95594787597656,83.34104919433594,0.5184745192527771,1,1,-1
267,1,193.14669799804688,0.0,92.64675903320312,82.38792419433594,0.520167350769043,1,1,-1
268,1,193.28305053710938,0.0,92.871337890625,81.36843872070312,0.5293976068496704,1,1,-1
273,1,201.7109832763672,0.0,80.69584655761719,63.248226165771484,0.5238920450210571,1,1,-1
274,1,203.12889099121094,0.0,78.82771301269531,58.22101593017578,0.5626952052116394,1,1,-1
275,1,204.35922241210938,0.0,77.08502197265625,55.231807708740234,0.5583333373069763,1,1,-1
