2,560,1.2686676979064941,0.11474429816007614,861.36767578125,1079.88525390625,0.5563907623291016,1,2,-1
3,560,1.3891838788986206,0.2366730123758316,868.1887817382812,1079.7633056640625,0.6166266798973083,1,2,-1
4,560,2.3695504665374756,0.20289380848407745,864.2152709960938,1079.797119140625,0.693882167339325,1,2,-1
5,560,4.0117011070251465,0.10308104008436203,864.7247314453125,1079.89697265625,0.6585795283317566,1,2,-1
6,560,3.416337013244629,0.16918280720710754,869.7298583984375,1079.7945556640625,0.6627289056777954,1,2,-1
7,560,2.5206072330474854,0.14854024350643158,876.1865234375,1079.720703125,0.6545257568359375,1,2,-1
8,560,1.8519279956817627,0.12638534605503082,872.8372802734375,1079.7471923828125,0.5849654674530029,1,2,-1
9,560,2.0544323921203613,0.0911228284239769,870.7249755859375,1079.70068359375,0.683412492275238,1,2,-1
10,560,1.9206644296646118,0.05235523357987404,868.1784057617188,1079.7645263671875,0.6738035678863525,1,2,-1
11,560,1.1766940355300903,0.0,867.7861328125,1079.785400390625,0.6592523455619812,1,2,-1
12,560,2.317920684814453,0.0,863.7196655273438,1079.8612060546875,0.647847592830658,1,2,-1
13,560,2.8298935890197754,0.0,863.6561889648438,1079.822509765625,0.6184450387954712,1,2,-1
14,560,2.144329786300659,0.0,864.0472412109375,1079.86572265625,0.6902852654457092,1,2,-1
15,560,1.0902080535888672,0.0,868.3583984375,1079.9102783203125,0.6214483380317688,1,2,-1
16,560,1.0597686767578125,0.0,869.4155883789062,1079.7196044921875,0.6505645513534546,1,2,-1
17,560,0.14098189771175385,0.0,864.4197998046875,1079.9293212890625,0.704917311668396,1,2,-1
18,560,0.0,0.0,856.8712158203125,1079.6712646484375,0.741066038608551,1,2,-1
19,560,0.0,0.0,850.9306640625,1080.0,0.752323567867279,1,2,-1
20,560,0.0,0.058397967368364334,846.7479858398438,1079.9405517578125,0.7678492069244385,1,2,-1
21,560,0.0,0.0,836.40234375,1080.0,0.7701822519302368,1,2,-1
22,560,0.0,0.281264990568161,833.7308959960938,1079.71875,0.8115829229354858,1,2,-1
23,560,0.0,0.7229068875312805,833.5030517578125,1079.277099609375,0.7693520188331604,1,2,-1
24,560,0.0,1.084316611289978,836.7268676757812,1078.9156494140625,0.8155637383460999,1,2,-1
25,560,0.030407195910811424,1.0958772897720337,834.9030151367188,1078.9041748046875,0.7415949702262878,1,2,-1
26,560,0.0,1.70843505859375,833.1294555664062,1078.29150390625,0.684634268283844,1,2,-1
27,560,0.5674606561660767,0.7559271454811096,837.2427368164062,1079.2440185546875,0.7200867533683777,1,2,-1
28,560,0.0,1.6743576526641846,832.754638671875,1078.32568359375,0.6550437211990356,1,2,-1
29,560,0.5966681838035583,0.7994711399078369,833.3345947265625,1079.2005615234375,0.6025775074958801,1,2,-1
30,560,0.0,1.637638807296753,828.5676879882812,1078.3623046875,0.6111579537391663,1,2,-1
33,560,0.0,0.8464153409004211,819.568359375,1079.153564453125,0.571399986743927,1,2,-1
34,560,0.0,0.31693363189697266,820.71826171875,1079.68310546875,0.6079752445220947,1,2,-1
35,560,0.0,0.06375627964735031,818.9631958007812,1079.936279296875,0.5985866189002991,1,2,-1
36,560,0.0,0.0,816.2171630859375,1079.6688232421875,0.5814959406852722,1,2,-1
37,560,0.0,0.0,820.402587890625,1079.767822265625,0.624976634979248,1,2,-1
38,560,0.0,0.0,820.9688110351562,1079.2861328125,0.6397203207015991,1,2,-1
39,560,0.0,0.0,814.7352294921875,1079.3201904296875,0.5687685608863831,1,2,-1
40,560,0.0,0.0,816.2747802734375,1079.0283203125,0.5976099371910095,1,2,-1
41,560,0.0,0.0,815.158203125,1079.0673828125,0.5552785992622375,1,2,-1
42,560,0.0,0.0,811.6065063476562,1078.9354248046875,0.5003788471221924,1,2,-1
43,560,0.0,0.0,804.1221923828125,1078.951416015625,0.5878486037254333,1,2,-1
45,560,0.0,0.0,811.579833984375,1078.924560546875,0.5005843639373779,1,2,-1
46,560,0.0,0.0,802.3069458007812,1079.1917724609375,0.594619870185852,1,2,-1
47,560,0.0,0.0,809.8040771484375,1079.176513671875,0.5803666710853577,1,2,-1
48,560,0.0,0.0,812.61669921875,1079.2469482421875,0.6428014039993286,1,2,-1
49,560,0.0,0.0,814.527587890625,1079.2379150390625,0.5292033553123474,1,2,-1
50,560,0.0,0.0,808.1000366210938,1079.215576171875,0.5725648999214172,1,2,-1
54,560,0.0,0.0,809.2069702148438,1079.29150390625,0.5109949111938477,1,2,-1
56,560,0.0,0.0,816.2843627929688,1079.5194091796875,0.6058461666107178,1,2,-1
57,560,0.03524130955338478,0.0,812.22607421875,1079.55224609375,0.6711092591285706,1,2,-1
58,560,0.0,0.0,808.4781494140625,1079.8446044921875,0.691307008266449,1,2,-1
59,560,0.0,0.0,807.3276977539062,1079.6712646484375,0.683809757232666,1,2,-1
60,560,0.0,0.0,807.1006469726562,1079.955078125,0.6729503273963928,1,2,-1
61,560,0.0,0.0,808.3516845703125,1079.7615966796875,0.6125103235244751,1,2,-1
62,560,0.0,0.0,808.5462036132812,1080.0,0.6857782006263733,1,2,-1
63,560,0.0,0.0,808.1102905273438,1079.91259765625,0.6891618371009827,1,2,-1
64,560,0.0,0.0,807.8535766601562,1080.0,0.6533263325691223,1,2,-1
65,560,0.0,0.0,801.8959350585938,1080.0,0.6673157811164856,1,2,-1
66,560,0.05173041298985481,0.0,797.1381225585938,1080.0,0.628594696521759,1,2,-1
67,560,0.0,0.0,799.5565795898438,1080.0,0.6303287744522095,1,2,-1
68,560,0.0,0.0,798.9022216796875,1080.0,0.6608777642250061,1,2,-1
69,560,0.0,0.1039927527308464,799.7255249023438,1079.89599609375,0.6321852803230286,1,2,-1
70,560,0.0,0.0,801.2610473632812,1080.0,0.6456683874130249,1,2,-1
71,560,0.0,0.42708176374435425,804.3138427734375,1079.5728759765625,0.6573987007141113,1,2,-1
72,560,0.00976478960365057,0.016057921573519707,806.5543212890625,1079.98388671875,0.6216867566108704,1,2,-1
73,560,0.0,0.6261600852012634,804.1793823242188,1079.373779296875,0.5715619325637817,1,2,-1
74,560,0.0,0.27769026160240173,804.4718627929688,1079.7222900390625,0.562140941619873,1,2,-1
75,560,0.0,0.5759684443473816,806.244384765625,1079.424072265625,0.6329470276832581,1,2,-1
76,560,0.0,0.3626691997051239,804.6524047851562,1079.6373291015625,0.7110182642936707,1,2,-1
77,560,0.0,0.44482311606407166,808.0630493164062,1079.55517578125,0.7037719488143921,1,2,-1
78,560,0.0,0.6783996820449829,812.8912353515625,1079.3216552734375,0.7137572169303894,1,2,-1
79,560,0.0,0.541100263595581,812.435546875,1079.4588623046875,0.7451352477073669,1,2,-1
80,560,0.0,0.8210548162460327,807.2053833007812,1079.178955078125,0.7296257019042969,1,2,-1
81,560,0.0,0.5244844555854797,804.5755615234375,1079.4754638671875,0.7224070429801941,1,2,-1
82,560,0.0,0.8080204725265503,807.19287109375,1079.1920166015625,0.7428390979766846,1,2,-1
83,560,0.0,0.5991203188896179,811.8525390625,1079.40087890625,0.7544662952423096,1,2,-1
84,560,0.0,0.9297500252723694,811.3099365234375,1079.0701904296875,0.7596134543418884,1,2,-1
85,560,0.0,0.6731853485107422,814.4092407226562,1079.3267822265625,0.6783573031425476,1,2,-1
86,560,0.0,0.7001569271087646,810.7637329101562,1079.2998046875,0.6761492490768433,1,2,-1
87,560,0.0,0.4886779189109802,812.9253540039062,1079.5113525390625,0.7522053718566895,1,2,-1
88,560,0.0,0.44660645723342896,817.66357421875,1079.5533447265625,0.7058758735656738,1,2,-1
89,560,0.0,0.5682801604270935,814.1968994140625,1079.4317626953125,0.7242533564567566,1,2,-1
90,560,0.0,0.46627965569496155,806.1641845703125,1079.53369140625,0.6116967797279358,1,2,-1
91,560,0.0,0.5521723031997681,806.2703857421875,1079.4478759765625,0.5863819718360901,1,2,-1
92,560,0.0,0.3477802574634552,809.7898559570312,1079.6522216796875,0.677986204624176,1,2,-1
93,560,0.0,0.49509549140930176,808.0540771484375,1079.5048828125,0.6478546261787415,1,2,-1
94,560,0.0,0.24632439017295837,806.9456176757812,1079.753662109375,0.7431702613830566,1,2,-1
95,560,0.0,0.3847087621688843,804.0681762695312,1079.615234375,0.7327794432640076,1,2,-1
96,560,0.0,0.0,798.2000122070312,1080.0,0.726396381855011,1,2,-1
97,560,0.0,0.0,791.5123291015625,1080.0,0.6828525066375732,1,2,-1
98,560,0.0,0.0,790.9917602539062,1080.0,0.7217444777488708,1,2,-1
99,560,0.0,0.0,792.5092163085938,1080.0,0.6922171115875244,1,2,-1
100,560,0.0,0.03545372560620308,786.2008056640625,1079.94580078125,0.5951056480407715,1,2,-1
101,560,0.0,0.0,785.0020141601562,1080.0,0.7239745855331421,1,2,-1
102,560,0.0,0.17210566997528076,780.835693359375,1079.760009765625,0.7293698191642761,1,2,-1
103,560,0.0,0.0,773.221923828125,1080.0,0.7125412225723267,1,2,-1
104,560,0.009593010880053043,0.29470762610435486,770.7451782226562,1079.6669921875,0.6923492550849915,1,2,-1
105,560,0.0,0.0,772.1188354492188,1080.0,0.6937024593353271,1,2,-1
106,560,0.0,0.22326110303401947,773.3259887695312,1079.7767333984375,0.7112403512001038,1,2,-1
107,560,0.0,0.0,776.0531005859375,1080.0,0.7447670698165894,1,2,-1
108,560,0.0,0.019886113703250885,777.4331665039062,1079.9801025390625,0.8205190896987915,1,2,-1
109,560,0.11624312400817871,0.08516330271959305,771.8820190429688,1079.914794921875,0.7611533403396606,1,2,-1
110,560,0.024350730702280998,0.0,765.9210205078125,1080.0,0.7868167757987976,1,2,-1
111,560,0.4897345304489136,0.11906079202890396,767.0777587890625,1079.84033203125,0.728627622127533,1,2,-1
112,560,0.1823243498802185,0.0,761.5921020507812,1080.0,0.7793241739273071,1,2,-1
113,560,0.5037155151367188,0.061212439090013504,758.4427490234375,1079.86962890625,0.7347678542137146,1,2,-1
114,560,0.1620665043592453,0.0,752.173583984375,1080.0,0.7014742493629456,1,2,-1
115,560,0.514637291431427,0.0,757.2604370117188,1079.9241943359375,0.710498571395874,1,2,-1
116,560,0.11638595163822174,0.0,755.1979370117188,1080.0,0.754800021648407,1,2,-1
117,560,0.27285486459732056,0.0,754.9505004882812,1079.9813232421875,0.7951747179031372,1,2,-1
118,560,0.18509748578071594,0.0,754.0003051757812,1079.9306640625,0.761405348777771,1,2,-1
119,560,0.07509428262710571,0.0,759.6196899414062,1079.96923828125,0.7903668880462646,1,2,-1
120,560,0.22962039709091187,0.0,759.294189453125,1079.9439697265625,0.7493274807929993,1,2,-1
121,560,0.029996974393725395,0.0,756.6163330078125,1079.9720458984375,0.7884253263473511,1,2,-1
122,560,0.24324333667755127,0.0,753.3616333007812,1079.8875732421875,0.7763502597808838,1,2,-1
123,560,0.0,0.0,751.6434326171875,1080.0,0.7238041758537292,1,2,-1
124,560,0.18799211084842682,0.06718139350414276,748.8298950195312,1079.8902587890625,0.727226197719574,1,2,-1
125,560,0.0,0.0,745.139404296875,1080.0,0.732064425945282,1,2,-1
126,560,0.24744369089603424,0.03631802275776863,746.2034301757812,1079.8714599609375,0.711883544921875,1,2,-1
127,560,0.003511971328407526,0.0,745.7294921875,1079.914306640625,0.7704316973686218,1,2,-1
128,560,0.1615751087665558,0.0,747.8366088867188,1079.9593505859375,0.7825329303741455,1,2,-1
129,560,0.12008305639028549,0.0,745.5169677734375,1079.9063720703125,0.7778735756874084,1,2,-1
130,560,0.15675139427185059,0.0,748.29833984375,1079.90478515625,0.8033424019813538,1,2,-1
131,560,0.3552767038345337,0.0,752.674560546875,1079.8558349609375,0.8275956511497498,1,2,-1
132,560,0.24453023076057434,0.0,748.9201049804688,1079.9114990234375,0.8181546330451965,1,2,-1
133,560,0.48022907972335815,0.0,746.7250366210938,1079.86279296875,0.820225179195404,1,2,-1
134,560,0.15394903719425201,0.0,747.17529296875,1079.9227294921875,0.814272403717041,1,2,-1
135,560,0.28692686557769775,0.0,757.552001953125,1079.905029296875,0.8384081721305847,1,2,-1
136,560,0.0,0.0,757.5991821289062,1079.611083984375,0.8340944647789001,1,2,-1
137,560,0.2130374163389206,0.0,760.1944580078125,1077.86328125,0.8153311610221863,1,2,-1
138,560,0.0,0.0,760.5868530273438,1076.5596923828125,0.8334447145462036,1,2,-1
139,560,0.1437852680683136,0.10431019216775894,755.0853271484375,1077.247802734375,0.8354065418243408,1,2,-1
140,560,0.06849832087755203,0.018771013244986534,754.9427490234375,1072.3455810546875,0.8505758047103882,1,2,-1
141,560,0.0,0.08539089560508728,760.3560791015625,1071.7496337890625,0.8332636952400208,1,2,-1
142,560,0.013838250190019608,0.18276570737361908,759.4840698242188,1072.3370361328125,0.8241334557533264,1,2,-1
143,560,0.0,0.027389908209443092,760.10791015625,1067.762939453125,0.8372145295143127,1,2,-1
143,563,1508.3026123046875,422.8883972167969,308.806640625,657.111572265625,0.5067872405052185,1,0,-1
144,560,0.06254491209983826,0.18259581923484802,762.548095703125,1071.97705078125,0.8341182470321655,1,2,-1
145,560,0.0,0.0,763.3403930664062,1074.9266357421875,0.8235503435134888,1,2,-1
146,560,0.012541241943836212,0.19423030316829681,765.4278564453125,1068.99072265625,0.8145245313644409,1,2,-1
147,560,0.0,0.0,764.1602172851562,1063.9173583984375,0.8152012825012207,1,2,-1
148,560,0.04790939763188362,0.20020127296447754,760.7698974609375,1061.782470703125,0.8320721983909607,1,2,-1
149,560,0.0,0.0,758.1620483398438,1057.205810546875,0.8382208347320557,1,2,-1
150,560,0.0,0.12180577218532562,754.2669067382812,1049.6871337890625,0.8269745111465454,1,2,-1
151,560,0.0,0.0,752.7389526367188,1048.9886474609375,0.7784438729286194,1,2,-1
152,560,0.0,0.0,756.3352661132812,1049.3341064453125,0.7845868468284607,1,2,-1
153,560,0.023666879162192345,0.0,749.886962890625,1050.11865234375,0.7614709138870239,1,2,-1
154,560,0.0,0.0,754.23974609375,1046.320068359375,0.7933727502822876,1,2,-1
155,560,0.08650369942188263,0.20689915120601654,744.7109375,1043.8175048828125,0.7165642380714417,1,2,-1
156,560,0.0,0.0,752.751953125,1040.7708740234375,0.7580353021621704,1,2,-1
157,560,0.12276721745729446,0.3604678511619568,745.6277465820312,1035.9375,0.6741177439689636,1,2,-1
158,560,0.0,0.1744619756937027,744.060302734375,1034.700439453125,0.7608605027198792,1,2,-1
159,560,0.03846095874905586,0.4920124113559723,743.2314453125,1033.2999267578125,0.7704775333404541,1,2,-1
160,560,0.0,0.18071487545967102,745.3145141601562,1039.3577880859375,0.8174490928649902,1,2,-1
161,560,0.0,0.6047016382217407,742.72802734375,1039.762451171875,0.7895662784576416,1,2,-1
162,560,0.0,0.16216729581356049,736.1978759765625,1040.8031005859375,0.7448549866676331,1,2,-1
163,560,0.0,0.194267138838768,738.5316162109375,1041.776611328125,0.8067346811294556,1,2,-1
164,560,0.0,0.21782411634922028,732.28759765625,1046.2454833984375,0.809565007686615,1,2,-1
165,560,0.0,0.0,741.1844482421875,1046.7821044921875,0.8028250336647034,1,2,-1
166,560,0.062151044607162476,0.33168986439704895,741.3302612304688,1057.439208984375,0.7696766257286072,1,2,-1
166,563,1585.7449951171875,404.02069091796875,333.8236083984375,675.8302612304688,0.5395713448524475,1,0,-1
167,560,0.0,0.0,741.2034912109375,1041.551513671875,0.8322887420654297,1,2,-1
168,560,0.1378321498632431,0.1896657645702362,744.3587036132812,1035.359619140625,0.8508597016334534,1,2,-1
169,560,0.0,0.0,741.6030883789062,1031.990234375,0.8322955965995789,1,2,-1
170,560,0.14539854228496552,0.20004378259181976,723.9361572265625,1029.458251953125,0.8167494535446167,1,2,-1
171,560,0.0,0.0,729.20849609375,1029.8604736328125,0.8048516511917114,1,2,-1
172,560,0.007965896278619766,0.13307328522205353,734.5772705078125,1037.1309814453125,0.8301064968109131,1,2,-1
173,560,0.0,0.0,741.1976318359375,1039.4658203125,0.7985881567001343,1,2,-1
174,560,0.09042443335056305,0.0,738.6839599609375,1050.1329345703125,0.7818081974983215,1,2,-1
175,560,0.0402955636382103,0.013089753687381744,733.9772338867188,1064.1190185546875,0.7811595797538757,1,2,-1
176,560,0.0,0.28129732608795166,727.9688720703125,1065.6461181640625,0.7235170006752014,1,2,-1
177,560,0.15049593150615692,0.29216957092285156,732.0919799804688,1063.781982421875,0.7774090766906738,1,2,-1
178,560,0.0,0.28082698583602905,725.3468627929688,1043.013427734375,0.7998837232589722,1,2,-1
179,560,0.05272344872355461,3.3697164058685303,725.5792236328125,1027.25439453125,0.7743582725524902,1,2,-1
180,560,0.0,1.4611307382583618,723.7025146484375,1038.60009765625,0.7609652280807495,1,2,-1
181,560,0.08816072344779968,6.282886981964111,717.8165893554688,1049.75048828125,0.778336763381958,1,2,-1
182,560,0.0,3.2858669757843018,718.4627075195312,1064.21728515625,0.8191424012184143,1,2,-1
183,560,0.0,4.272910118103027,719.3458862304688,1065.0977783203125,0.8314223885536194,1,2,-1
184,560,0.0,3.0579400062561035,717.329345703125,1071.139404296875,0.8123621344566345,1,2,-1
185,560,0.0,3.2261111736297607,714.906494140625,1073.0465087890625,0.8280526995658875,1,2,-1
186,560,0.0,3.2312111854553223,719.5845947265625,1067.1600341796875,0.8407318592071533,1,2,-1
187,560,0.0,2.228745222091675,722.17431640625,1064.769287109375,0.8439540863037109,1,2,-1
188,560,0.048560187220573425,2.663660764694214,720.716064453125,1059.384521484375,0.8355716466903687,1,2,-1
189,560,0.0,2.505230188369751,725.14453125,1044.792236328125,0.85321044921875,1,2,-1
190,560,0.1320631355047226,2.7343997955322266,725.3019409179688,1037.6015625,0.8467397093772888,1,2,-1
191,560,0.0,2.01068115234375,726.7178955078125,1045.318603515625,0.8563740849494934,1,2,-1
192,560,0.2996874749660492,3.2853715419769287,723.0087890625,1040.9801025390625,0.8527030944824219,1,2,-1
193,560,0.0,6.461907386779785,725.0692749023438,1050.6961669921875,0.8504543900489807,1,2,-1
194,560,0.2848200798034668,9.077638626098633,728.2501831054688,1043.203369140625,0.850466787815094,1,2,-1
195,560,0.0,10.520710945129395,728.027587890625,1031.5927734375,0.8419686555862427,1,2,-1
196,560,0.8589800000190735,7.927595138549805,726.3937377929688,1022.1263427734375,0.8457738757133484,1,2,-1
197,560,2.140059232711792,5.777833938598633,722.2120361328125,1030.2259521484375,0.839410126209259,1,2,-1
198,560,2.3416504859924316,5.954472541809082,719.8867797851562,1029.8929443359375,0.832394003868103,1,2,-1
199,560,2.3824093341827393,3.7784414291381836,720.0706787109375,1035.6585693359375,0.8281315565109253,1,2,-1
200,560,0.7546408772468567,0.5807100534439087,725.8206787109375,1038.0439453125,0.8289338946342468,1,2,-1
201,560,1.2039295434951782,0.028325248509645462,721.7034301757812,1038.7701416015625,0.8329452872276306,1,2,-1
202,560,0.3011583387851715,0.0,723.0301513671875,1041.869384765625,0.8197965025901794,1,2,-1
203,560,1.0873112678527832,0.0,713.7420043945312,1036.7125244140625,0.8255186676979065,1,2,-1
204,560,0.20666547119617462,0.0,714.5945434570312,1040.5274658203125,0.8347175121307373,1,2,-1
205,560,0.9665653109550476,0.22065220773220062,710.9370727539062,1040.644287109375,0.8518231511116028,1,2,-1
206,560,0.23825055360794067,0.513796329498291,710.9183349609375,1033.9267578125,0.8460871577262878,1,2,-1
207,560,0.786412239074707,1.483486294746399,710.3238525390625,1043.118896484375,0.8508026599884033,1,2,-1
208,560,0.3376588821411133,1.7963464260101318,709.6658325195312,1050.734619140625,0.8471290469169617,1,2,-1
209,560,0.33540940284729004,2.9535911083221436,712.1423950195312,1040.74072265625,0.8575468063354492,1,2,-1
