64,1,1896.69,267.92,23.309999999999945,75.07999999999998,1,0,-1
65,1,1881.45,271.86,38.549999999999955,77.21999999999997,1,0,-1
66,1,1866.21,275.8,53.789999999999964,79.36000000000001,1,0,-1
67,1,1848.8,285.1,61.200000000000045,81.5,1,0,-1
68,1,1832.47,291.93,60.710000000000036,81.02999999999997,1,0,-1
69,1,1816.13,298.76,60.23999999999978,80.56,1,0,-1
70,1,1799.8,305.6,59.75,80.07999999999998,1,0,-1
71,1,1783.47,312.43,59.25999999999999,79.59999999999997,1,0,-1
72,1,1767.13,319.26,58.77999999999997,79.13,1,0,-1
73,1,1750.8,326.1,58.299999999999955,78.64999999999998,1,0,-1
74,1,1734.47,332.93,57.809999999999945,78.18,1,0,-1
75,1,1718.13,339.76,57.32999999999993,77.71000000000004,1,0,-1
76,1,1701.8,346.59,56.850000000000136,77.24000000000001,1,0,-1
77,1,1685.47,353.43,56.3599999999999,76.75,1,0,-1
78,1,1669.13,360.26,55.87999999999988,76.28000000000003,1,0,-1
79,1,1652.8,367.09,55.40000000000009,75.81,1,0,-1
80,1,1637.71,372.31,54.83999999999992,75.20999999999998,1,0,-1
81,1,1622.62,377.54,54.29000000000019,74.59999999999997,1,0,-1
82,1,1607.53,382.76,53.74000000000001,74.0,1,0,-1
83,1,1592.43,387.98,53.200000000000045,73.38999999999999,1,0,-1
84,1,1577.34,393.21,52.65000000000009,72.78000000000003,1,0,-1
85,1,1562.25,398.43,52.09999999999991,72.18,1,0,-1
86,1,1547.16,403.65,51.549999999999955,71.58000000000004,1,0,-1
87,1,1532.07,408.87,51.0,70.98000000000002,1,0,-1
88,1,1516.98,414.1,50.450000000000045,70.37,1,0,-1
89,1,1501.89,419.32,49.88999999999987,69.75999999999999,1,0,-1
90,1,1486.8,424.54,49.340000000000146,69.15999999999997,1,0,-1
91,1,1473.71,428.89,48.799999999999955,68.56,1,0,-1
92,1,1460.62,433.24,48.25,67.94999999999999,1,0,-1
93,1,1447.54,437.59,47.700000000000045,67.35000000000002,1,0,-1
94,1,1434.45,441.94,47.149999999999864,66.74000000000001,1,0,-1
95,1,1421.37,446.29,46.590000000000146,66.13999999999993,1,0,-1
96,1,1408.28,450.64,46.049999999999955,65.52999999999997,1,0,-1
97,1,1395.19,454.99,45.5,64.92999999999995,1,0,-1
98,1,1382.11,459.34,44.950000000000045,64.32,1,0,-1
99,1,1369.02,463.69,44.40000000000009,63.71999999999997,1,0,-1
100,1,1355.94,468.04,43.84999999999991,63.10999999999996,1,0,-1
101,1,1342.85,472.39,43.30000000000018,62.50999999999999,1,0,-1
102,1,1341.41,473.83,42.75,61.900000000000034,1,0,-1
103,1,1316.8,482.8,42.200000000000045,61.30000000000001,1,0,-1
104,1,1309.75,484.82,42.00999999999999,61.160000000000025,1,0,-1
105,1,1302.69,486.84,41.819999999999936,61.03000000000003,1,0,-1
106,1,1285.8,492.5,41.63000000000011,60.89999999999998,1,0,-1
107,1,1268.9,498.17,41.43999999999983,60.759999999999934,1,0,-1
108,1,1262.74,499.07,41.25,60.62000000000006,1,0,-1
109,1,1247.51,503.7,41.059999999999945,60.490000000000066,1,0,-1
110,1,1232.28,508.33,40.87000000000012,60.349999999999966,1,0,-1
111,1,1217.05,512.96,40.680000000000064,60.219999999999914,1,0,-1
112,1,1216.72,511.14,40.49000000000001,60.09000000000003,1,0,-1
113,1,1198.61,517.82,40.30000000000018,59.94999999999993,1,0,-1
114,1,1180.5,524.49,40.1099999999999,59.819999999999936,1,0,-1
115,1,1182.16,523.63,39.929999999999836,59.67999999999995,1,0,-1
116,1,1170.02,527.58,39.73000000000002,59.539999999999964,1,0,-1
117,1,1157.87,531.52,39.55000000000018,59.40999999999997,1,0,-1
118,1,1145.73,535.47,39.34999999999991,59.27999999999997,1,0,-1
119,1,1133.58,539.42,39.16000000000008,59.139999999999986,1,0,-1
120,1,1121.44,543.36,38.97000000000003,59.00999999999999,1,0,-1
121,1,1109.29,547.31,38.77999999999997,58.870000000000005,1,0,-1
122,1,1097.15,551.25,38.58999999999992,58.74000000000001,1,0,-1
123,1,1085.0,555.2,38.40000000000009,58.59999999999991,1,0,-1
124,1,1073.37,558.82,38.580000000000155,58.729999999999905,1,0,-1
125,1,1061.73,562.45,38.75999999999999,58.84999999999991,1,0,-1
126,1,1050.1,566.07,38.930000000000064,58.969999999999914,1,0,-1
127,1,1038.46,569.7,39.1099999999999,59.08999999999992,1,0,-1
128,1,1026.83,573.32,39.27999999999997,59.219999999999914,1,0,-1
129,1,1015.19,576.94,39.460000000000036,59.34999999999991,1,0,-1
130,1,1003.56,580.57,39.63000000000011,59.469999999999914,1,0,-1
131,1,991.92,584.19,39.81000000000006,59.59999999999991,1,0,-1
132,1,980.29,587.82,39.99000000000001,59.70999999999992,1,0,-1
133,1,968.66,591.44,40.16000000000008,59.83999999999992,1,0,-1
134,1,957.02,595.07,40.34000000000003,59.95999999999992,1,0,-1
135,1,945.39,598.69,40.50999999999999,60.08999999999992,1,0,-1
136,1,933.75,602.31,40.690000000000055,60.22000000000003,1,0,-1
137,1,922.12,605.94,40.860000000000014,60.33999999999992,1,0,-1
138,1,910.48,609.56,41.039999999999964,60.460000000000036,1,0,-1
139,1,898.85,613.19,41.20999999999992,60.57999999999993,1,0,-1
140,1,887.21,616.81,41.39999999999998,60.710000000000036,1,0,-1
141,1,875.58,620.43,41.569999999999936,60.84000000000003,1,0,-1
142,1,863.94,624.06,41.75,60.960000000000036,1,0,-1
143,1,852.31,627.68,41.92000000000007,61.09000000000003,1,0,-1
144,1,840.68,631.31,42.09000000000003,61.200000000000045,1,0,-1
145,1,829.04,634.93,42.26999999999998,61.33000000000004,1,0,-1
146,1,817.41,638.56,42.440000000000055,61.450000000000045,1,0,-1
147,1,805.77,642.18,42.620000000000005,61.58000000000004,1,0,-1
148,1,794.14,645.8,42.80000000000007,61.710000000000036,1,0,-1
149,1,782.5,649.43,42.98000000000002,61.83000000000004,1,0,-1
150,1,770.87,653.05,43.14999999999998,61.950000000000045,1,0,-1
151,1,759.23,656.68,43.32999999999993,62.07000000000005,1,0,-1
152,1,747.6,660.3,43.5,62.200000000000045,1,0,-1
153,1,735.43,664.05,43.72000000000003,62.210000000000036,1,0,-1
154,1,723.27,667.79,43.92000000000007,62.23000000000002,1,0,-1
155,1,711.1,671.54,44.139999999999986,62.24000000000001,1,0,-1
156,1,698.93,675.29,44.360000000000014,62.25,1,0,-1
157,1,686.77,679.03,44.56000000000006,62.26999999999998,1,0,-1
158,1,674.6,682.78,44.77999999999997,62.27999999999997,1,0,-1
159,1,662.43,686.53,45.0,62.29000000000008,1,0,-1
160,1,650.27,690.27,45.200000000000045,62.31000000000006,1,0,-1
161,1,638.1,694.02,45.41999999999996,62.32000000000005,1,0,-1
162,1,625.93,697.77,45.6400000000001,62.33000000000004,1,0,-1
163,1,613.77,701.51,45.84000000000003,62.35000000000002,1,0,-1
164,1,601.6,705.26,46.059999999999945,62.360000000000014,1,0,-1
165,1,589.43,709.01,46.280000000000086,62.370000000000005,1,0,-1
166,1,577.27,712.75,46.48000000000002,62.389999999999986,1,0,-1
167,1,565.1,716.5,46.69999999999993,62.39999999999998,1,0,-1
168,1,551.58,720.35,47.43999999999994,62.95999999999992,1,0,-1
169,1,538.07,724.2,48.15999999999997,63.51999999999998,1,0,-1
170,1,524.55,728.05,48.90000000000009,64.08000000000004,1,0,-1
171,1,511.03,731.9,49.639999999999986,64.63,1,0,-1
172,1,497.52,735.75,50.360000000000014,65.19000000000005,1,0,-1
173,1,484.0,739.6,51.10000000000002,65.75,1,0,-1
174,1,470.48,743.45,51.84000000000003,66.30999999999995,1,0,-1
175,1,456.97,747.3,52.559999999999945,66.87,1,0,-1
176,1,443.45,751.15,53.30000000000001,67.42000000000007,1,0,-1
177,1,429.93,755.0,54.04000000000002,67.98000000000002,1,0,-1
178,1,416.42,758.85,54.75999999999999,68.53999999999996,1,0,-1
179,1,402.9,762.7,55.5,69.09999999999991,1,0,-1
180,1,387.88,766.9,56.49000000000001,69.61000000000001,1,0,-1
181,1,372.86,771.1,57.47999999999996,70.13,1,0,-1
182,1,357.83,775.3,58.48000000000002,70.6400000000001,1,0,-1
183,1,342.81,779.5,59.46999999999997,71.15999999999997,1,0,-1
184,1,327.79,783.7,60.45999999999998,71.66999999999996,1,0,-1
185,1,312.77,787.9,61.450000000000045,72.19000000000005,1,0,-1
186,1,297.75,792.1,62.44,72.69999999999993,1,0,-1
187,1,281.3,796.7,63.43000000000001,73.53999999999996,1,0,-1
188,1,264.85,801.29,64.42999999999995,74.38999999999999,1,0,-1
189,1,248.4,805.89,65.41999999999999,75.23000000000002,1,0,-1
190,1,231.96,810.49,66.4,76.05999999999995,1,0,-1
191,1,215.51,815.09,67.40000000000003,76.89999999999998,1,0,-1
192,1,198.3,820.03,68.38999999999999,77.75,1,0,-1
193,1,181.09,824.98,69.38,78.57999999999993,1,0,-1
194,1,163.87,829.92,70.38,79.43000000000006,1,0,-1
195,1,146.66,834.87,71.37,80.26999999999998,1,0,-1
196,1,129.45,839.81,72.36000000000001,81.11000000000001,1,0,-1
197,1,110.96,844.94,73.35000000000001,81.94999999999993,1,0,-1
198,1,92.46,850.06,74.35000000000001,82.80000000000007,1,0,-1
199,1,73.97,855.19,75.33000000000001,83.63999999999999,1,0,-1
200,1,55.48,860.32,76.32000000000002,84.46999999999991,1,0,-1
201,1,36.99,865.45,77.31,85.30999999999995,1,0,-1
202,1,18.49,870.57,78.31,86.15999999999997,1,0,-1
203,1,0.0,875.7,79.3,87.0,1,0,-1
204,1,0.0,880.3,59.9,87.90000000000009,1,0,-1
205,1,0.0,888.6,41.9,87.89999999999998,1,0,-1
