38,1048,1705.98193359375,13.052656173706055,212.664794921875,840.3408203125,0.5141364932060242,1,2,-1
39,1048,1694.836181640625,11.970763206481934,223.9193115234375,825.67333984375,0.5391592979431152,1,2,-1
40,1048,1688.760986328125,9.433524131774902,230.47314453125,806.2449340820312,0.5617480874061584,1,2,-1
41,1048,1683.12060546875,12.526609420776367,236.5194091796875,782.6546630859375,0.6470123529434204,1,2,-1
42,1048,1680.6798095703125,11.55655288696289,239.255859375,777.7088012695312,0.6576709747314453,1,2,-1
43,1048,1678.8857421875,5.542313098907471,241.087158203125,799.8242797851562,0.7114662528038025,1,2,-1
44,1048,1678.2630615234375,2.307439088821411,241.634765625,830.7900390625,0.7312241196632385,1,2,-1
45,1048,1673.58642578125,1.5286675691604614,246.32421875,836.3119506835938,0.7425026893615723,1,2,-1
46,1048,1665.9720458984375,0.4784897565841675,253.9228515625,830.5440673828125,0.7580952048301697,1,2,-1
47,1048,1661.1597900390625,1.086005687713623,258.7713623046875,840.318359375,0.7328241467475891,1,2,-1
48,1048,1656.3819580078125,0.5774973034858704,263.564697265625,839.9878540039062,0.6807085871696472,1,2,-1
49,1048,1652.64697265625,2.700134754180908,267.35302734375,835.202880859375,0.6793419718742371,1,2,-1
50,1048,1649.0687255859375,5.308023452758789,270.9312744140625,820.5991821289062,0.6731624007225037,1,2,-1
51,1048,1646.58349609375,9.698339462280273,273.41650390625,823.1400756835938,0.6425734162330627,1,2,-1
52,1048,1646.310791015625,11.991623878479004,273.689208984375,864.8952026367188,0.6504668593406677,1,2,-1
53,1048,1644.0504150390625,11.339098930358887,275.9495849609375,879.34521484375,0.620922327041626,1,2,-1
54,1048,1640.6153564453125,13.544601440429688,279.3846435546875,885.85107421875,0.6749787330627441,1,2,-1
55,1048,1638.8790283203125,14.43801212310791,281.1209716796875,876.5454711914062,0.6655382513999939,1,2,-1
56,1048,1636.2791748046875,15.06977367401123,283.7208251953125,870.6445922851562,0.6111288070678711,1,2,-1
57,1048,1633.657470703125,15.952614784240723,286.342529296875,880.5942993164062,0.6337515711784363,1,2,-1
58,1048,1632.197021484375,16.689111709594727,287.802978515625,879.4147338867188,0.6733507513999939,1,2,-1
59,1048,1633.887939453125,15.732593536376953,286.112060546875,870.3482666015625,0.6219349503517151,1,2,-1
60,1048,1635.702392578125,15.11014461517334,284.297607421875,866.1514282226562,0.6259699463844299,1,2,-1
61,1048,1642.4415283203125,15.05665397644043,277.5584716796875,854.1287841796875,0.5001428127288818,1,2,-1
62,1048,1644.5601806640625,14.62765121459961,275.4398193359375,848.1328735351562,0.6408975720405579,1,2,-1
63,1048,1646.349609375,14.537748336791992,273.650390625,851.9381713867188,0.6246213316917419,1,2,-1
64,1048,1651.1448974609375,15.192255020141602,268.8551025390625,851.105712890625,0.6317319869995117,1,2,-1
65,1048,1654.777099609375,15.072178840637207,265.222900390625,850.1090087890625,0.6040012836456299,1,2,-1
66,1048,1654.873779296875,15.228291511535645,265.126220703125,852.7760009765625,0.5534392595291138,1,2,-1
67,1048,1657.8896484375,15.95304012298584,262.1103515625,868.1613159179688,0.5465925931930542,1,2,-1
68,1048,1656.88232421875,16.294898986816406,262.6751708984375,879.77099609375,0.5422561764717102,1,2,-1
68,1049,1661.6080322265625,16.306968688964844,258.2777099609375,884.6766967773438,0.5206794738769531,1,0,-1
70,1048,1654.7686767578125,17.675676345825195,264.2647705078125,882.8705444335938,0.5668091177940369,1,2,-1
71,1048,1650.528076171875,17.880075454711914,268.396484375,881.4967041015625,0.6451001167297363,1,2,-1
72,1048,1645.539794921875,18.621360778808594,273.2066650390625,890.795654296875,0.5434913039207458,1,2,-1
73,1048,1639.1837158203125,19.126365661621094,279.5474853515625,892.6368408203125,0.6542407274246216,1,2,-1
74,1048,1634.645751953125,20.833860397338867,284.071044921875,887.7471923828125,0.626837968826294,1,2,-1
75,1048,1632.6640625,22.035926818847656,286.04296875,888.0626831054688,0.5700269341468811,1,2,-1
76,1048,1628.711669921875,20.33909034729004,289.8997802734375,896.0569458007812,0.66700279712677,1,2,-1
77,1048,1627.525146484375,20.545269012451172,291.024658203125,900.2050170898438,0.6423580646514893,1,2,-1
78,1048,1626.9425048828125,20.94357681274414,291.7449951171875,909.704345703125,0.686028242111206,1,2,-1
79,1048,1625.81396484375,20.476245880126953,292.7412109375,912.0669555664062,0.6381770968437195,1,2,-1
