156,464,1625.2562255859375,969.3817138671875,85.09716796875,108.696533203125,0.6184272170066833,1,23,-1
157,464,1626.486572265625,967.1566772460938,86.677734375,110.69769287109375,0.6286176443099976,1,23,-1
158,464,1624.7789306640625,964.849609375,89.9088134765625,112.845703125,0.6283118724822998,1,23,-1
159,464,1625.3160400390625,962.7009887695312,91.147705078125,114.74896240234375,0.6488293409347534,1,23,-1
160,464,1627.803955078125,960.5230712890625,90.6597900390625,116.01416015625,0.598325252532959,1,23,-1
161,464,1629.4432373046875,959.8792114257812,89.6475830078125,117.00042724609375,0.5951968431472778,1,23,-1
162,464,1629.5299072265625,959.96875,91.8814697265625,117.102783203125,0.6170649528503418,1,23,-1
163,464,1624.1832275390625,960.5067138671875,98.8804931640625,116.720703125,0.5962443947792053,1,23,-1
164,464,1629.47021484375,961.337158203125,93.0968017578125,117.21484375,0.6410033106803894,1,23,-1
165,464,1634.8758544921875,962.730224609375,88.15087890625,116.5457763671875,0.6456618309020996,1,23,-1
166,464,1637.9837646484375,966.0056762695312,88.058349609375,113.99432373046875,0.6028112769126892,1,23,-1
167,464,1643.4619140625,968.8841552734375,85.733154296875,111.1158447265625,0.6343424916267395,1,23,-1
168,464,1650.095703125,972.6220092773438,82.5391845703125,107.37799072265625,0.5962639451026917,1,23,-1
169,464,1655.790771484375,978.8869018554688,82.1339111328125,101.11309814453125,0.600868284702301,1,23,-1
170,464,1662.7303466796875,983.0731201171875,79.979248046875,96.9268798828125,0.5360503792762756,1,23,-1
172,464,1670.913330078125,990.9219970703125,83.75439453125,89.0780029296875,0.5349503755569458,1,23,-1
192,466,290.87109375,746.179443359375,131.498046875,328.9052734375,0.6123490929603577,1,23,-1
