126,617,1705.8531494140625,0.3203200697898865,213.051513671875,1025.352783203125,0.5072563886642456,1,2,-1
129,617,1689.026123046875,0.2497623711824417,230.0477294921875,995.1439819335938,0.5072058439254761,1,2,-1
130,617,1685.084716796875,0.10634439438581467,234.27587890625,980.3311767578125,0.5602775812149048,1,2,-1
131,617,1681.8785400390625,0.05778270214796066,237.58203125,1015.986572265625,0.562369167804718,1,2,-1
137,617,1653.2027587890625,1.3841636180877686,265.7568359375,1075.0301513671875,0.5686261057853699,1,0,-1
143,617,1616.488037109375,1.5539441108703613,302.12548828125,1078.446044921875,0.547248899936676,1,0,-1
144,617,1612.98388671875,5.411525726318359,305.8902587890625,1074.5885009765625,0.7051448822021484,1,0,-1
145,617,1608.5283203125,9.790361404418945,310.4842529296875,1070.2095947265625,0.8003257513046265,1,0,-1
146,617,1602.6556396484375,8.089208602905273,316.511474609375,1071.9107666015625,0.8174920678138733,1,0,-1
147,617,1594.81884765625,6.280860900878906,324.416259765625,1073.7191162109375,0.8267457485198975,1,0,-1
148,617,1586.9312744140625,3.7554585933685303,332.3782958984375,1076.2445068359375,0.6677380204200745,1,0,-1
149,617,1585.3050537109375,4.916660308837891,334.0634765625,1075.0833740234375,0.7906680703163147,1,0,-1
150,617,1582.0841064453125,5.040002346038818,337.4073486328125,1074.9599609375,0.7531752586364746,1,0,-1
151,617,1578.4700927734375,6.441259860992432,341.0458984375,1073.5587158203125,0.8191199898719788,1,0,-1
152,617,1572.2110595703125,7.4825758934021,347.4306640625,1072.5174560546875,0.7740310430526733,1,0,-1
153,617,1567.2335205078125,3.384172201156616,352.47314453125,1076.6158447265625,0.6687276363372803,1,0,-1
154,617,1564.0023193359375,1.275429368019104,355.8349609375,1078.724609375,0.6762487888336182,1,0,-1
155,617,1559.900146484375,0.48121100664138794,360.024169921875,1079.518798828125,0.6798101663589478,1,0,-1
156,617,1556.6893310546875,0.1977016031742096,363.277587890625,1079.80224609375,0.6550127267837524,1,0,-1
157,617,1553.0655517578125,0.07148530334234238,366.9344482421875,1079.928466796875,0.7948501110076904,1,0,-1
158,617,1548.180908203125,0.048863209784030914,371.819091796875,1079.951171875,0.7955734133720398,1,0,-1
159,617,1544.3743896484375,0.04593266174197197,375.6256103515625,1079.9541015625,0.8137294054031372,1,0,-1
160,617,1542.0445556640625,0.04308261349797249,377.954345703125,1079.9569091796875,0.8250144720077515,1,0,-1
161,617,1536.848876953125,0.06882139295339584,383.118896484375,1079.93115234375,0.8451777696609497,1,0,-1
162,617,1531.68505859375,1.0307862758636475,385.9639892578125,1078.96923828125,0.8152129650115967,1,0,-1
163,617,1526.03955078125,0.45922112464904785,389.5791015625,1079.540771484375,0.8051044344902039,1,0,-1
164,617,1520.5064697265625,0.2506442368030548,391.1905517578125,1079.7493896484375,0.8034349679946899,1,0,-1
165,617,1516.1114501953125,0.20043018460273743,390.5009765625,1079.799560546875,0.8431826233863831,1,0,-1
166,617,1511.7071533203125,0.21593879163265228,387.2303466796875,1079.7840576171875,0.8447888493537903,1,0,-1
167,617,1506.939208984375,0.20203472673892975,384.64208984375,1079.7979736328125,0.8553640842437744,1,0,-1
168,617,1501.778076171875,1.6573690176010132,383.03857421875,1078.3426513671875,0.8153334856033325,1,0,-1
169,617,1495.640625,1.3537216186523438,384.470458984375,1078.646240234375,0.8148631453514099,1,0,-1
170,617,1492.5648193359375,2.020541191101074,380.9639892578125,1077.9794921875,0.7733840942382812,1,0,-1
171,617,1489.5535888671875,0.9041255116462708,377.9522705078125,1079.0958251953125,0.7640339136123657,1,0,-1
172,617,1486.67578125,1.5237739086151123,373.435302734375,1078.4761962890625,0.7461370825767517,1,0,-1
173,617,1482.83154296875,2.9268085956573486,371.8087158203125,1077.0732421875,0.7623728513717651,1,0,-1
174,617,1476.971435546875,2.400031805038452,371.404052734375,1077.5999755859375,0.7541180849075317,1,0,-1
175,617,1471.6842041015625,1.8279670476913452,370.2823486328125,1078.1719970703125,0.7198290824890137,1,0,-1
176,617,1468.68896484375,1.7202397584915161,367.415283203125,1078.27978515625,0.6830316185951233,1,0,-1
177,617,1464.9888916015625,2.1328110694885254,364.875,1077.8671875,0.5824024677276611,1,0,-1
178,617,1461.220458984375,3.8516030311584473,362.612548828125,1076.097900390625,0.708411693572998,1,0,-1
179,617,1458.0087890625,2.582181692123413,359.269775390625,1077.2841796875,0.6107211709022522,1,0,-1
180,617,1452.0013427734375,2.830659866333008,360.1151123046875,1076.99072265625,0.6141231656074524,1,0,-1
181,617,1448.73291015625,3.0065877437591553,356.572509765625,1076.8302001953125,0.7314208745956421,1,0,-1
183,617,1440.447998046875,2.2319185733795166,354.737548828125,1077.4962158203125,0.6371974945068359,1,0,-1
184,617,1436.5238037109375,2.24971342086792,354.5240478515625,1077.3900146484375,0.5843555927276611,1,0,-1
185,617,1430.7593994140625,1.9961503744125366,355.23876953125,1077.625244140625,0.7157573103904724,1,0,-1
186,617,1425.87744140625,1.0811545848846436,355.2991943359375,1078.564453125,0.7158968448638916,1,0,-1
187,617,1423.181884765625,2.958284854888916,352.8277587890625,1076.7098388671875,0.7594822645187378,1,0,-1
188,617,1419.9180908203125,7.206035137176514,352.1748046875,1072.4742431640625,0.7756763696670532,1,0,-1
189,617,1416.6295166015625,6.931795597076416,350.19091796875,1072.819580078125,0.7629071474075317,1,0,-1
190,617,1412.2611083984375,6.605449199676514,349.56396484375,1073.192138671875,0.7807999849319458,1,0,-1
191,617,1407.8380126953125,8.071894645690918,349.0499267578125,1071.7689208984375,0.794067919254303,1,0,-1
192,617,1402.1798095703125,8.725194931030273,351.602783203125,1071.1605224609375,0.795198917388916,1,0,-1
193,617,1399.0579833984375,9.049832344055176,351.9063720703125,1070.8392333984375,0.775765061378479,1,0,-1
194,617,1396.9345703125,12.23093318939209,349.2403564453125,1067.63037109375,0.7860745787620544,1,0,-1
195,617,1393.773193359375,9.016790390014648,347.3447265625,1070.8790283203125,0.7483815550804138,1,0,-1
196,617,1390.2679443359375,7.11225700378418,343.80615234375,1072.7711181640625,0.6998656392097473,1,0,-1
197,617,1386.1322021484375,5.796237468719482,342.373779296875,1074.11767578125,0.7361086010932922,1,0,-1
198,617,1381.68359375,3.8636796474456787,341.024169921875,1076.0877685546875,0.7753178477287292,1,0,-1
199,617,1376.8526611328125,4.11345100402832,341.578369140625,1075.8475341796875,0.7493407130241394,1,0,-1
200,617,1374.9498291015625,3.84104585647583,338.1881103515625,1076.158935546875,0.6731652021408081,1,0,-1
201,617,1371.90185546875,3.574948310852051,335.8701171875,1076.425048828125,0.7790634632110596,1,0,-1
202,617,1368.56005859375,4.720223426818848,334.7366943359375,1075.27978515625,0.761229395866394,1,0,-1
203,617,1364.477783203125,7.524288177490234,334.8021240234375,1072.4757080078125,0.7630312442779541,1,0,-1
204,617,1358.9844970703125,6.528610706329346,335.0321044921875,1073.471435546875,0.784326434135437,1,0,-1
205,617,1356.2646484375,10.0045747756958,332.52587890625,1069.9954833984375,0.7674235701560974,1,0,-1
206,617,1352.99169921875,9.087706565856934,329.8946533203125,1070.912353515625,0.8082504272460938,1,0,-1
207,617,1349.8775634765625,7.2342023849487305,327.967041015625,1072.7657470703125,0.7880648374557495,1,0,-1
208,617,1346.5675048828125,5.764477252960205,325.1080322265625,1074.2354736328125,0.7358081340789795,1,0,-1
209,617,1342.9996337890625,6.025146007537842,324.28662109375,1073.8192138671875,0.7896800637245178,1,0,-1
210,617,1336.02490234375,6.281249523162842,326.4688720703125,1073.5081787109375,0.8350085020065308,1,0,-1
211,617,1330.8929443359375,6.328211307525635,328.53857421875,1073.431640625,0.8306066989898682,1,0,-1
212,617,1326.9912109375,6.669734954833984,328.7425537109375,1073.02490234375,0.8117234110832214,1,0,-1
213,617,1322.5157470703125,6.980158805847168,328.98681640625,1072.744384765625,0.800727903842926,1,0,-1
214,617,1317.6419677734375,8.135104179382324,328.17041015625,1071.6453857421875,0.8069418668746948,1,0,-1
215,617,1311.3546142578125,9.996477127075195,328.364990234375,1069.8009033203125,0.7844782471656799,1,0,-1
216,617,1305.017578125,11.052666664123535,329.444580078125,1068.7904052734375,0.8091208934783936,1,0,-1
217,617,1302.2913818359375,13.427511215209961,326.828125,1066.4998779296875,0.7965031862258911,1,0,-1
218,617,1299.1470947265625,12.914356231689453,325.1890869140625,1067.0252685546875,0.7563319802284241,1,0,-1
219,617,1295.785400390625,12.360403060913086,324.3026123046875,1067.5445556640625,0.8087354302406311,1,0,-1
220,617,1293.2559814453125,10.5335054397583,321.7828369140625,1069.40771484375,0.7966474294662476,1,0,-1
221,617,1289.9437255859375,9.4961519241333,322.697265625,1070.50390625,0.7184552550315857,1,0,-1
222,617,1285.6297607421875,10.302214622497559,323.796142578125,1069.69775390625,0.7151272296905518,1,0,-1
223,617,1282.4351806640625,11.444771766662598,322.241943359375,1068.55517578125,0.734341025352478,1,0,-1
224,617,1279.997802734375,13.434181213378906,320.0343017578125,1066.5657958984375,0.6648528575897217,1,0,-1
225,617,1276.535888671875,15.661297798156738,319.26025390625,1064.3387451171875,0.6725513339042664,1,0,-1
226,617,1274.056396484375,17.38400650024414,316.4283447265625,1062.615966796875,0.7125340700149536,1,0,-1
227,617,1270.6331787109375,17.275222778320312,315.469970703125,1062.7247314453125,0.7198886871337891,1,0,-1
228,617,1266.6396484375,20.212020874023438,314.1995849609375,1059.7879638671875,0.7736071944236755,1,0,-1
229,617,1263.568115234375,19.859846115112305,312.0123291015625,1060.14013671875,0.7934824228286743,1,0,-1
231,617,1256.5584716796875,21.182432174682617,312.437255859375,1058.817626953125,0.7673622965812683,1,0,-1
232,617,1253.508544921875,22.018747329711914,310.0528564453125,1057.981201171875,0.6926634907722473,1,0,-1
233,617,1250.4632568359375,21.946134567260742,310.3458251953125,1058.0538330078125,0.7222279906272888,1,0,-1
234,617,1245.7169189453125,23.214157104492188,311.9044189453125,1056.785888671875,0.7524178624153137,1,0,-1
235,617,1241.228759765625,23.298370361328125,311.6441650390625,1056.70166015625,0.7972761392593384,1,0,-1
236,617,1236.613037109375,22.089956283569336,308.7423095703125,1057.9100341796875,0.8518127202987671,1,0,-1
237,617,1233.7596435546875,22.097702026367188,306.06787109375,1057.90234375,0.8483337759971619,1,0,-1
238,617,1231.3067626953125,20.873762130737305,304.259521484375,1059.126220703125,0.8165446519851685,1,0,-1
239,617,1224.55224609375,22.08968162536621,306.9525146484375,1057.9102783203125,0.8132771253585815,1,0,-1
240,617,1219.3631591796875,24.51949691772461,307.4114990234375,1055.48046875,0.7630120515823364,1,0,-1
241,617,1216.16796875,26.23301887512207,306.8651123046875,1053.7669677734375,0.8497301340103149,1,0,-1
242,617,1211.2257080078125,26.288232803344727,308.63916015625,1053.685302734375,0.8346279263496399,1,0,-1
243,617,1208.852294921875,25.610698699951172,306.755126953125,1054.3441162109375,0.780146062374115,1,0,-1
244,617,1204.737060546875,26.04511833190918,308.1195068359375,1053.90087890625,0.7695863842964172,1,0,-1
245,617,1199.33154296875,28.229366302490234,310.4610595703125,1051.7054443359375,0.7523434162139893,1,0,-1
246,617,1195.543701171875,24.21201515197754,309.33642578125,1055.722900390625,0.7497014999389648,1,0,-1
247,617,1192.56494140625,23.687755584716797,306.50146484375,1056.211181640625,0.8171595931053162,1,0,-1
248,617,1188.5711669921875,24.031436920166016,306.9693603515625,1055.968505859375,0.7776126861572266,1,0,-1
249,617,1185.486572265625,23.89598846435547,305.3812255859375,1056.10400390625,0.7035633325576782,1,0,-1
250,617,1183.5283203125,26.16387939453125,303.4705810546875,1053.816162109375,0.6795022487640381,1,0,-1
251,617,1179.349853515625,28.210037231445312,303.0169677734375,1051.7672119140625,0.6389844417572021,1,0,-1
252,617,1175.462646484375,26.836538314819336,302.5194091796875,1053.126220703125,0.6903472542762756,1,0,-1
253,617,1171.3387451171875,27.490455627441406,302.884765625,1052.4326171875,0.6608766913414001,1,0,-1
254,617,1168.801025390625,27.5981502532959,302.4217529296875,1052.3084716796875,0.6327415704727173,1,0,-1
255,617,1165.026611328125,24.8702392578125,302.0609130859375,1055.1025390625,0.6750004887580872,1,0,-1
256,617,1163.37646484375,26.243579864501953,300.5657958984375,1053.748291015625,0.5169606804847717,1,0,-1
258,617,1158.6287841796875,30.85090446472168,295.8768310546875,1049.05224609375,0.7375729084014893,1,0,-1
259,617,1156.5274658203125,32.598426818847656,292.98486328125,1047.301513671875,0.7490289807319641,1,0,-1
260,617,1153.7216796875,31.317350387573242,290.72314453125,1048.6732177734375,0.7513696551322937,1,0,-1
261,617,1148.66015625,29.15409278869629,290.3023681640625,1050.845947265625,0.7814875245094299,1,0,-1
262,617,1143.310302734375,30.316165924072266,291.38818359375,1049.683837890625,0.8114420771598816,1,0,-1
263,617,1140.6533203125,26.640478134155273,290.438232421875,1053.3594970703125,0.8034965991973877,1,0,-1
264,617,1140.2816162109375,24.225341796875,286.6524658203125,1055.774658203125,0.8246673941612244,1,0,-1
265,617,1138.249267578125,24.2283992767334,286.028076171875,1055.7716064453125,0.8559480905532837,1,0,-1
266,617,1134.96142578125,25.8099422454834,286.1553955078125,1054.1900634765625,0.8348961472511292,1,0,-1
267,617,1130.2205810546875,24.902387619018555,287.917236328125,1055.09765625,0.8546148538589478,1,0,-1
268,617,1124.232666015625,29.51353645324707,290.743896484375,1050.4864501953125,0.837284505367279,1,0,-1
269,617,1118.60302734375,36.25028610229492,292.909912109375,1043.749755859375,0.8325670957565308,1,0,-1
270,617,1114.87548828125,39.07257080078125,292.947998046875,1040.927490234375,0.8429224491119385,1,0,-1
271,617,1113.3017578125,35.60873031616211,288.3865966796875,1044.3912353515625,0.8040784001350403,1,0,-1
272,617,1108.680908203125,35.57862091064453,288.404541015625,1044.42138671875,0.7403134703636169,1,0,-1
273,617,1105.0867919921875,35.10540008544922,288.165283203125,1044.8946533203125,0.7717887759208679,1,0,-1
274,617,1099.2073974609375,32.6350212097168,290.02978515625,1047.364990234375,0.6982133984565735,1,0,-1
275,617,1085.0296630859375,32.59778594970703,301.3607177734375,1047.4022216796875,0.6661055088043213,1,0,-1
276,617,1087.87255859375,28.267086029052734,295.306640625,1051.73291015625,0.7518410682678223,1,0,-1
277,617,1088.2891845703125,28.037933349609375,292.0430908203125,1051.9620361328125,0.6805579662322998,1,0,-1
278,617,1087.14697265625,29.42026710510254,288.9681396484375,1050.5797119140625,0.6938419938087463,1,0,-1
279,617,1083.043701171875,28.330312728881836,289.8568115234375,1051.669677734375,0.6145551800727844,1,0,-1
280,617,1078.7679443359375,28.989330291748047,290.1820068359375,1051.0106201171875,0.630926251411438,1,0,-1
281,617,1074.60302734375,28.505325317382812,289.8658447265625,1051.49462890625,0.5522252917289734,1,0,-1
282,617,1072.056640625,25.446121215820312,286.9622802734375,1054.5538330078125,0.6037512421607971,1,0,-1
283,617,1069.259033203125,28.71872901916504,284.1292724609375,1051.28125,0.6786575317382812,1,0,-1
284,617,1067.32177734375,33.596466064453125,281.673095703125,1046.403564453125,0.5436868667602539,1,0,-1
287,617,1060.3905029296875,38.43833541870117,276.144287109375,1041.5616455078125,0.504913866519928,1,0,-1
288,617,1057.507080078125,39.06313705444336,274.5906982421875,1040.9368896484375,0.5325475931167603,1,0,-1
289,617,1055.11962890625,30.678342819213867,272.6109619140625,1049.3216552734375,0.6169605851173401,1,0,-1
290,617,1049.2255859375,28.56686782836914,274.32861328125,1051.43310546875,0.6621702909469604,1,0,-1
291,617,1048.419677734375,27.421791076660156,272.388427734375,1052.5782470703125,0.5446823835372925,1,0,-1
292,617,1046.8525390625,23.448101043701172,271.4595947265625,1056.5518798828125,0.64695143699646,1,0,-1
293,617,1043.0682373046875,29.106761932373047,271.005126953125,1050.8931884765625,0.6906554698944092,1,0,-1
294,617,1039.3587646484375,31.16252899169922,270.494384765625,1048.8375244140625,0.7931516766548157,1,0,-1
295,617,1034.0631103515625,37.215599060058594,270.6512451171875,1042.784423828125,0.7534453868865967,1,0,-1
296,617,1027.76953125,45.81328582763672,273.2808837890625,1034.186767578125,0.7145666480064392,1,0,-1
297,617,1023.2509155273438,45.990169525146484,273.55975341796875,1034.0098876953125,0.6680265665054321,1,0,-1
298,617,1018.7279663085938,50.94759750366211,273.85382080078125,1029.0523681640625,0.7014099955558777,1,0,-1
299,617,1014.5814208984375,53.052032470703125,274.0296630859375,1026.947998046875,0.6978194713592529,1,0,-1
300,617,1011.9990234375,49.77021789550781,273.63232421875,1030.229736328125,0.6104798913002014,1,0,-1
301,617,1007.3863525390625,48.512821197509766,274.147216796875,1031.4871826171875,0.775500476360321,1,0,-1
303,617,997.373779296875,39.69552993774414,276.818603515625,1040.304443359375,0.5158901214599609,1,2,-1
320,617,938.2337036132812,44.3527717590332,261.16241455078125,1035.647216796875,0.5337143540382385,1,0,-1
327,617,906.6328125,58.6405143737793,266.3538818359375,1021.207763671875,0.5335617065429688,1,2,-1
328,617,901.1683959960938,56.99852752685547,266.69317626953125,1022.3187255859375,0.6547122597694397,1,2,-1
329,617,896.9364013671875,57.33603286743164,263.80126953125,1022.016357421875,0.595679521560669,1,2,-1
330,617,893.4942016601562,58.849056243896484,261.36944580078125,1020.7567749023438,0.5899922847747803,1,2,-1
331,617,891.64453125,54.893218994140625,257.411865234375,1025.1068115234375,0.5293805003166199,1,2,-1
332,617,886.468017578125,50.592105865478516,257.925048828125,1029.4078369140625,0.5261378288269043,1,2,-1
334,617,873.73193359375,51.008296966552734,263.2640380859375,1028.99169921875,0.5373790264129639,1,2,-1
339,617,850.8471069335938,56.85736083984375,262.37567138671875,1023.1426391601562,0.587045431137085,1,2,-1
340,617,846.6273803710938,53.79391860961914,261.78228759765625,1026.2060546875,0.6231220364570618,1,2,-1
341,617,845.3654174804688,57.63548278808594,257.88592529296875,1022.364501953125,0.6072961091995239,1,2,-1
342,617,844.9730224609375,61.072391510009766,253.4539794921875,1018.9276123046875,0.5422720313072205,1,2,-1
344,617,834.7439575195312,63.407772064208984,255.91497802734375,1016.5922241210938,0.6207770109176636,1,2,-1
347,617,819.6547241210938,79.65409851074219,260.63043212890625,1000.3458862304688,0.562896728515625,1,2,-1
348,617,812.1962890625,78.24446105957031,264.9322509765625,1001.7555541992188,0.6032410264015198,1,2,-1
349,617,805.9616088867188,80.14237976074219,266.32342529296875,999.3722534179688,0.685105562210083,1,2,-1
350,617,799.1412353515625,76.95108032226562,266.8970947265625,1002.3656005859375,0.5652934908866882,1,2,-1
351,617,794.4622192382812,82.11737823486328,263.62615966796875,997.2382202148438,0.675512969493866,1,2,-1
352,617,791.2540283203125,78.48450469970703,261.4537353515625,1000.5546875,0.6547321677207947,1,2,-1
353,617,786.0360107421875,78.43402099609375,260.9180908203125,1001.1915893554688,0.5980137586593628,1,2,-1
354,617,782.6121826171875,77.60408782958984,259.271484375,1002.3959350585938,0.6134345531463623,1,2,-1
355,617,774.4212646484375,77.72464752197266,263.320068359375,1002.2753295898438,0.5375595092773438,1,2,-1
356,617,770.4403076171875,82.8125,261.7509765625,997.1875,0.5754661560058594,1,2,-1
359,617,764.8858642578125,78.7544937133789,253.8414306640625,1001.2454833984375,0.6719433665275574,1,2,-1
362,617,747.957275390625,83.72470092773438,256.89178466796875,996.2752685546875,0.5631982684135437,1,2,-1
363,617,741.2405395507812,83.7603759765625,260.7274169921875,996.2396240234375,0.5340835452079773,1,2,-1
364,617,740.160400390625,86.66197204589844,256.11663818359375,993.3380126953125,0.6696963310241699,1,2,-1
365,617,738.6228637695312,89.39034271240234,252.5867919921875,990.6096801757812,0.6352443099021912,1,2,-1
368,617,724.893798828125,93.5672378540039,254.532470703125,986.4327392578125,0.6688032746315002,1,2,-1
369,617,719.383056640625,92.1157455444336,257.53106689453125,987.5419921875,0.7211371660232544,1,2,-1
370,617,711.2910766601562,88.58258056640625,261.020263671875,990.5176391601562,0.6500701308250427,1,2,-1
371,617,703.0501098632812,84.5313491821289,264.69293212890625,994.126953125,0.5908313989639282,1,2,-1
372,617,696.9566040039062,83.66849517822266,263.1162109375,995.3709106445312,0.5814027786254883,1,2,-1
374,617,683.153564453125,83.41435241699219,265.3582763671875,996.3026733398438,0.5637009739875793,1,2,-1
375,617,676.4934692382812,86.77967834472656,266.2440185546875,993.2203369140625,0.5531890988349915,1,2,-1
379,617,666.5352172851562,79.79306030273438,260.028076171875,1000.2069091796875,0.6669211387634277,1,2,-1
380,617,663.6486206054688,75.717529296875,256.85577392578125,1004.282470703125,0.6819486618041992,1,2,-1
381,617,659.9827880859375,76.92390441894531,254.70819091796875,1003.0761108398438,0.6678613424301147,1,2,-1
382,617,651.6689453125,74.95684814453125,258.4112548828125,1005.0431518554688,0.5546823740005493,1,2,-1
383,617,649.2374877929688,79.05455017089844,255.86590576171875,1000.9454345703125,0.6596332788467407,1,2,-1
384,617,647.6226806640625,78.07595825195312,251.28680419921875,1001.924072265625,0.633274257183075,1,2,-1
385,617,641.8825073242188,79.20716094970703,252.47137451171875,1000.7928466796875,0.6820879578590393,1,2,-1
386,617,634.6124877929688,79.08262634277344,256.54632568359375,1000.9173583984375,0.6406940221786499,1,2,-1
387,617,630.4251098632812,81.83856964111328,257.7174072265625,998.1614379882812,0.678117573261261,1,2,-1
388,617,624.7279052734375,85.9721450805664,260.2701416015625,994.02783203125,0.6819421648979187,1,2,-1
389,617,620.078369140625,86.41799926757812,258.246826171875,993.4129638671875,0.7344233989715576,1,2,-1
390,617,613.5474243164062,86.6861572265625,258.49774169921875,992.9097900390625,0.6865253448486328,1,2,-1
391,617,609.6394653320312,84.12908172607422,255.97650146484375,994.5764770507812,0.5236524939537048,1,2,-1
392,617,602.3174438476562,80.9167251586914,256.48736572265625,997.8902587890625,0.6003429293632507,1,2,-1
393,617,593.2420654296875,82.25726318359375,260.6971435546875,996.6256713867188,0.5570282936096191,1,2,-1
394,617,588.6014404296875,79.43791961669922,260.510009765625,1000.3350219726562,0.6438238620758057,1,2,-1
395,617,582.6729736328125,76.00617218017578,262.90472412109375,1003.9564819335938,0.592090904712677,1,2,-1
397,617,576.5958862304688,72.08724212646484,262.23785400390625,1007.9127807617188,0.6226078867912292,1,2,-1
398,617,576.5025024414062,75.90067291259766,257.51458740234375,1004.0993041992188,0.7565540075302124,1,2,-1
399,617,572.2810668945312,75.27951049804688,255.732421875,1004.720458984375,0.7279377579689026,1,2,-1
400,617,566.91015625,74.34616088867188,256.2703857421875,1005.65380859375,0.7475948929786682,1,2,-1
401,617,562.6299438476562,72.35540771484375,256.37353515625,1007.6445922851562,0.6274594068527222,1,2,-1
402,617,558.2911987304688,73.08905792236328,255.62554931640625,1006.9109497070312,0.658715009689331,1,2,-1
403,617,554.4342651367188,76.44568634033203,254.944580078125,1003.5543212890625,0.6504290103912354,1,2,-1
404,617,546.2269287109375,78.8614730834961,258.346923828125,1001.1385498046875,0.7077882885932922,1,2,-1
405,617,539.2019653320312,79.37409973144531,261.98468017578125,1000.6259155273438,0.608539342880249,1,2,-1
406,617,532.5098266601562,83.72602844238281,265.630126953125,996.2156372070312,0.6615566611289978,1,2,-1
407,617,527.8458862304688,84.52812957763672,265.53057861328125,995.3833618164062,0.7352472543716431,1,2,-1
408,617,522.857421875,86.51575469970703,265.71783447265625,993.47265625,0.604405403137207,1,2,-1
409,617,512.8148193359375,85.121337890625,270.4007568359375,994.8201904296875,0.6778653264045715,1,2,-1
410,617,500.2333984375,82.8597640991211,276.2896728515625,997.120361328125,0.625583291053772,1,2,-1
411,617,498.69061279296875,77.9352035522461,272.187744140625,1002.023681640625,0.6599994897842407,1,2,-1
412,617,496.0354919433594,82.95263671875,269.1927185058594,997.04736328125,0.7429676055908203,1,2,-1
413,617,492.1690979003906,79.4791030883789,266.4906311035156,1000.091552734375,0.6059715151786804,1,2,-1
414,617,481.2010803222656,78.10519409179688,273.0614318847656,1001.75830078125,0.623050332069397,1,2,-1
415,617,479.3390197753906,72.22815704345703,269.6364440917969,1007.7718505859375,0.717252790927887,1,2,-1
416,617,477.3377380371094,74.66455078125,265.8825378417969,1005.33544921875,0.6110314726829529,1,2,-1
417,617,469.1005859375,73.78421783447266,270.16925048828125,1006.2157592773438,0.5006382465362549,1,2,-1
418,617,457.8290710449219,69.94760131835938,276.6528625488281,1010.0523681640625,0.5359541773796082,1,0,-1
419,617,450.4608154296875,73.00792694091797,279.76531982421875,1006.9920654296875,0.52736896276474,1,0,-1
420,617,445.7962646484375,78.3611831665039,277.51898193359375,1001.6387939453125,0.5381404161453247,1,0,-1
421,617,442.0693359375,81.08602905273438,275.64093017578125,998.9139404296875,0.7571605443954468,1,0,-1
422,617,437.1752014160156,79.5257797241211,274.3074035644531,1000.4742431640625,0.6708489060401917,1,2,-1
423,617,434.123291015625,79.6717758178711,272.84967041015625,1000.3282470703125,0.72960364818573,1,2,-1
424,617,428.8620300292969,81.94469451904297,270.5475158691406,998.0552978515625,0.7635672092437744,1,2,-1
425,617,419.6300354003906,72.43394470214844,274.8408508300781,1007.5660400390625,0.751291036605835,1,2,-1
426,617,411.8125305175781,63.48997497558594,278.4081726074219,1016.510009765625,0.7514175772666931,1,2,-1
427,617,403.69378662109375,63.19401931762695,279.4962158203125,1016.8059692382812,0.7264007329940796,1,2,-1
429,617,391.9707946777344,67.80288696289062,276.6101379394531,1012.1971435546875,0.6335020661354065,1,2,-1
432,617,369.8241882324219,64.79723358154297,279.3142395019531,1015.2027587890625,0.6090386509895325,1,0,-1
433,617,360.0926513671875,60.61159896850586,284.17620849609375,1019.388427734375,0.7233163714408875,1,0,-1
434,617,350.6994323730469,63.868873596191406,285.6786804199219,1016.131103515625,0.6208660006523132,1,0,-1
437,617,329.260986328125,80.93846130371094,285.84661865234375,999.0615234375,0.5423977375030518,1,2,-1
438,617,320.2701416015625,82.34233856201172,288.88250732421875,997.6576538085938,0.7588455677032471,1,2,-1
439,617,312.78912353515625,73.5076675415039,289.8878173828125,1006.4923095703125,0.6658526062965393,1,2,-1
440,617,302.3432312011719,70.40785217285156,294.8117370605469,1009.5921630859375,0.6749656200408936,1,2,-1
441,617,295.2864990234375,72.03654479980469,294.19866943359375,1007.9634399414062,0.7066877484321594,1,2,-1
442,617,289.6376037597656,67.95215606689453,291.8981628417969,1012.0478515625,0.674164354801178,1,2,-1
443,617,281.6679382324219,68.59837341308594,291.7586975097656,1011.401611328125,0.6840537190437317,1,2,-1
445,617,265.2731628417969,64.73373413085938,295.5813293457031,1015.2662353515625,0.5061312317848206,1,0,-1
446,617,257.0603332519531,63.93950653076172,296.8780822753906,1016.0604858398438,0.5399103760719299,1,0,-1
447,617,248.99453735351562,59.669517517089844,297.6793518066406,1020.3305053710938,0.7618091106414795,1,0,-1
450,617,226.47413635253906,72.03828430175781,295.423828125,1007.9617309570312,0.6860367655754089,1,2,-1
451,617,218.6202392578125,72.1638412475586,296.77777099609375,1007.836181640625,0.5112810134887695,1,2,-1
452,617,210.48439025878906,68.04728698730469,298.5284423828125,1011.9526977539062,0.6991742849349976,1,2,-1
453,617,203.73048400878906,67.61202239990234,298.54864501953125,1012.3880004882812,0.5899046659469604,1,2,-1
454,617,193.52487182617188,50.67377853393555,303.3984375,1029.326171875,0.5245838165283203,1,2,-1
455,617,181.92428588867188,42.722015380859375,307.55072021484375,1037.2779541015625,0.555683434009552,1,2,-1
456,617,172.4130859375,42.1158447265625,308.95062255859375,1037.8841552734375,0.5298948884010315,1,0,-1
457,617,162.01763916015625,42.04680252075195,312.49383544921875,1037.9532470703125,0.7085134983062744,1,0,-1
459,617,146.21121215820312,41.72354507446289,313.9915771484375,1038.2764892578125,0.5277358293533325,1,0,-1
460,617,137.41348266601562,45.291107177734375,314.63336181640625,1034.7088623046875,0.5323479771614075,1,2,-1
461,617,128.88319396972656,42.940914154052734,314.8399658203125,1037.05908203125,0.5480895638465881,1,2,-1
462,617,120.41272735595703,42.56216049194336,315.0833740234375,1037.4378662109375,0.598270833492279,1,2,-1
463,617,111.70966339111328,44.26416778564453,315.7581481933594,1035.73583984375,0.6660816073417664,1,2,-1
464,617,100.097412109375,41.38981246948242,320.0784912109375,1038.6102294921875,0.6617301106452942,1,2,-1
465,617,88.13214874267578,40.45539855957031,324.4163513183594,1039.5445556640625,0.7231365442276001,1,2,-1
472,617,13.638097763061523,35.87566375732422,345.21588134765625,1044.1243896484375,0.5829241871833801,1,0,-1
473,617,2.7073633670806885,36.111820220947266,346.4173583984375,1043.88818359375,0.5589724779129028,1,0,-1
474,617,0.0,35.30398941040039,339.054443359375,1044.696044921875,0.663811981678009,1,0,-1
475,617,0.0,38.09478759765625,328.6311950683594,1041.9052734375,0.6759509444236755,1,0,-1
476,617,0.0,33.21389389038086,319.2154846191406,1046.7861328125,0.5275254845619202,1,0,-1
477,617,0.0,24.501306533813477,311.84063720703125,1055.4986572265625,0.5458979606628418,1,0,-1
478,617,0.0,29.504274368286133,302.09393310546875,1050.4957275390625,0.513076663017273,1,2,-1
480,617,0.0,25.527694702148438,285.5962219238281,1054.4722900390625,0.5972264409065247,1,2,-1
481,617,0.0,27.527454376220703,277.8451232910156,1052.4725341796875,0.5800347924232483,1,0,-1
483,617,0.0,30.34769058227539,259.2253112792969,1049.65234375,0.6331149935722351,1,2,-1
484,617,0.0,22.054786682128906,249.78338623046875,1057.9451904296875,0.6814873218536377,1,2,-1
485,617,0.0,23.345592498779297,240.06044006347656,1056.6544189453125,0.7245211601257324,1,2,-1
486,617,0.0,19.003345489501953,232.74072265625,1060.9967041015625,0.6638824343681335,1,2,-1
487,617,0.0,12.403955459594727,224.8117218017578,1067.5960693359375,0.6360992193222046,1,2,-1
488,617,0.0,9.260638236999512,213.8047332763672,1070.7393798828125,0.6889346837997437,1,2,-1
489,617,0.0,9.935139656066895,208.17132568359375,1070.0648193359375,0.6630387902259827,1,2,-1
490,617,0.0,5.83873987197876,194.27035522460938,1074.1612548828125,0.6400620937347412,1,2,-1
491,617,0.0,2.418459415435791,185.4805450439453,1077.58154296875,0.5940682888031006,1,2,-1
492,617,0.2337787002325058,0.6010936498641968,177.30014038085938,1079.3935546875,0.5413042902946472,1,2,-1
