2,408,594.6862182617188,981.3634643554688,77.2763671875,98.62982177734375,0.6222751140594482,1,5,-1
10,408,591.1666870117188,996.13818359375,80.431396484375,83.86181640625,0.566969633102417,1,5,-1
11,408,588.8338012695312,998.3026123046875,81.28485107421875,81.6973876953125,0.66363126039505,1,5,-1
12,408,587.8063354492188,1000.6436767578125,81.07330322265625,79.3563232421875,0.582313597202301,1,5,-1
13,408,585.3533935546875,1001.9849243164062,81.5867919921875,78.01507568359375,0.6436863541603088,1,5,-1
14,408,584.3988037109375,1002.9482421875,81.3231201171875,76.951416015625,0.6574726700782776,1,5,-1
15,408,582.8938598632812,1004.2783203125,81.86737060546875,75.61865234375,0.6351114511489868,1,5,-1
16,408,581.86572265625,1005.5589599609375,82.60638427734375,74.370849609375,0.6155375242233276,1,5,-1
17,408,581.7564697265625,1006.356201171875,82.16522216796875,73.3843994140625,0.5952410101890564,1,5,-1
26,408,580.7330322265625,1006.42919921875,82.22271728515625,73.3170166015625,0.5760089159011841,1,5,-1
27,408,580.9678955078125,1006.1431884765625,82.1246337890625,73.5919189453125,0.5812214016914368,1,5,-1
28,408,581.2296752929688,1005.273681640625,81.9444580078125,74.4078369140625,0.6308501958847046,1,5,-1
29,408,581.4000244140625,1004.600830078125,81.94268798828125,75.03271484375,0.6317181587219238,1,5,-1
30,408,581.7236938476562,1003.5646362304688,81.85205078125,76.05780029296875,0.6267097592353821,1,5,-1
33,408,582.5381469726562,1001.1343383789062,81.33477783203125,78.32977294921875,0.5190361142158508,1,5,-1
35,408,581.52490234375,998.17138671875,82.54022216796875,81.24853515625,0.6269529461860657,1,5,-1
36,408,580.5160522460938,996.32568359375,83.45977783203125,83.200439453125,0.6435502767562866,1,5,-1
37,408,579.6875,994.1488037109375,84.4957275390625,85.2703857421875,0.6582070589065552,1,5,-1
38,408,579.1405639648438,992.7380981445312,85.038818359375,86.81268310546875,0.718658983707428,1,5,-1
39,408,578.9874267578125,991.36865234375,85.22528076171875,88.1197509765625,0.6726385354995728,1,5,-1
40,408,579.0802612304688,990.621826171875,85.036376953125,89.107421875,0.6451126933097839,1,5,-1
41,408,579.1008911132812,989.4351196289062,84.688720703125,90.25982666015625,0.5019447803497314,1,5,-1
42,408,579.1298828125,987.1582641601562,84.82421875,92.65228271484375,0.542759895324707,1,5,-1
43,408,579.3129272460938,985.5420532226562,84.7867431640625,94.23199462890625,0.5073744654655457,1,5,-1
44,408,579.414306640625,984.0253295898438,84.50714111328125,95.78387451171875,0.577078104019165,1,5,-1
45,408,579.66064453125,982.4395751953125,84.44964599609375,97.3309326171875,0.6365991234779358,1,5,-1
46,408,579.8638916015625,980.5741577148438,84.1427001953125,99.19256591796875,0.6272920966148376,1,5,-1
47,408,579.845947265625,979.3060913085938,84.21051025390625,100.56365966796875,0.5432254076004028,1,5,-1
50,408,579.8703002929688,975.0678100585938,84.427001953125,104.48297119140625,0.5334494113922119,1,5,-1
51,408,579.8240356445312,973.6558837890625,84.1287841796875,106.1092529296875,0.5157583355903625,1,5,-1
53,408,580.622802734375,970.93017578125,82.63726806640625,108.0615234375,0.5639762878417969,1,5,-1
54,408,580.7686767578125,969.7810668945312,82.0404052734375,108.98773193359375,0.5227634906768799,1,5,-1
55,408,579.8573608398438,969.0151977539062,82.814453125,109.71685791015625,0.5728429555892944,1,5,-1
56,408,578.8871459960938,968.7997436523438,83.67974853515625,109.92633056640625,0.5820074081420898,1,5,-1
57,408,578.217529296875,968.6907348632812,83.83441162109375,110.37054443359375,0.6401538252830505,1,5,-1
58,408,577.8560791015625,968.8746948242188,83.9815673828125,110.45343017578125,0.593826413154602,1,5,-1
59,408,577.2344360351562,968.8592529296875,84.115966796875,110.5621337890625,0.6052789688110352,1,5,-1
61,408,575.0687255859375,969.5037841796875,84.31170654296875,110.291259765625,0.6076224446296692,1,5,-1
64,408,571.2122192382812,972.910888671875,86.5130615234375,107.089111328125,0.5421259999275208,1,5,-1
70,408,559.5504760742188,987.9073486328125,90.0924072265625,92.0926513671875,0.5355963706970215,1,5,-1
71,408,558.5599975585938,990.7869262695312,90.1363525390625,89.21307373046875,0.5564678311347961,1,5,-1
74,408,552.6190795898438,999.0245361328125,91.06866455078125,80.9754638671875,0.6065785884857178,1,5,-1
75,408,550.8389892578125,1001.23291015625,90.77374267578125,78.76708984375,0.7203154563903809,1,5,-1
76,408,549.3606567382812,1003.0339965820312,90.436279296875,76.96600341796875,0.7141353487968445,1,5,-1
78,408,545.1001586914062,1008.2581787109375,90.74237060546875,71.418701171875,0.6116665601730347,1,5,-1
79,408,542.3318481445312,1011.0767211914062,90.91815185546875,68.39947509765625,0.560011088848114,1,5,-1
80,408,539.6005859375,1013.7577514648438,91.01788330078125,65.48614501953125,0.5344957709312439,1,5,-1
81,408,536.314453125,1015.9830322265625,91.70343017578125,63.1531982421875,0.654825747013092,1,5,-1
82,408,533.1994018554688,1018.2171630859375,92.6368408203125,60.6551513671875,0.671272337436676,1,5,-1
83,408,529.8091430664062,1021.1767578125,92.9473876953125,57.5789794921875,0.719533383846283,1,5,-1
94,408,499.9059753417969,1033.959716796875,90.36221313476562,45.0379638671875,0.5303217768669128,1,5,-1
96,408,492.02850341796875,1035.87548828125,89.0811767578125,43.4881591796875,0.6185446381568909,1,5,-1
97,408,486.949951171875,1037.6417236328125,90.10113525390625,42.1470947265625,0.5622929334640503,1,5,-1
98,408,482.4247741699219,1039.2208251953125,91.56277465820312,40.5435791015625,0.6513323187828064,1,5,-1
99,408,478.8375244140625,1040.9224853515625,91.0509033203125,38.8331298828125,0.6647443771362305,1,5,-1
100,408,475.73358154296875,1042.7703857421875,91.19891357421875,37.2127685546875,0.6316397786140442,1,5,-1
