2,45,307.32061767578125,0.0,163.68927001953125,103.91107177734375,0.9035826921463013,1,6,-1
3,45,305.8004455566406,0.0,163.647216796875,100.74653625488281,0.9562936425209045,1,6,-1
3,46,672.9766235351562,2.0537495613098145,40.951904296875,32.244503021240234,0.7055118680000305,1,6,-1
4,45,303.9045715332031,0.0,163.24749755859375,98.15328216552734,0.961335301399231,1,6,-1
4,46,672.4673461914062,1.1173756122589111,40.31024169921875,29.527780532836914,0.5722461342811584,1,6,-1
4,47,43.28070831298828,0.8209521770477295,42.223297119140625,30.769067764282227,0.7218060493469238,1,6,-1
5,45,302.5277404785156,0.0,162.54263305664062,96.2698745727539,0.9628488421440125,1,6,-1
5,46,671.0133056640625,0.8226301670074463,40.46380615234375,27.901323318481445,0.5176835060119629,1,6,-1
5,47,41.278202056884766,0.1321469396352768,42.789371490478516,27.45183753967285,0.599122166633606,1,6,-1
6,45,300.8586120605469,0.0,162.98687744140625,94.85041809082031,0.9194211959838867,1,6,-1
6,47,38.97731399536133,0.3431766629219055,42.76644515991211,25.43505096435547,0.6148850917816162,1,6,-1
7,45,299.11468505859375,0.1208936870098114,164.13015747070312,92.20301055908203,0.9431347250938416,1,6,-1
7,47,34.64552688598633,0.3737919330596924,44.644039154052734,24.62627410888672,0.5359535813331604,1,6,-1
8,45,297.8573913574219,0.21429073810577393,162.7796630859375,91.79547882080078,0.9365659952163696,1,6,-1
9,45,296.8369140625,0.3348977267742157,163.43783569335938,89.89899444580078,0.9370582103729248,1,6,-1
10,45,296.1507873535156,0.6068905591964722,162.97357177734375,88.99337768554688,0.9192101359367371,1,6,-1
11,45,295.68243408203125,1.107881784439087,162.21978759765625,87.20259094238281,0.9189121127128601,1,6,-1
12,45,294.11199951171875,1.2465744018554688,162.8533935546875,85.63628387451172,0.9164347052574158,1,6,-1
13,45,293.7287902832031,1.1108485460281372,162.9122314453125,85.85453033447266,0.9097219705581665,1,6,-1
14,45,293.7945861816406,1.0820146799087524,163.1365966796875,85.5961685180664,0.9237292408943176,1,6,-1
15,45,294.4812927246094,1.3553812503814697,163.8453369140625,85.37545013427734,0.9444218277931213,1,6,-1
16,45,296.2542724609375,1.1958690881729126,165.248779296875,85.8671646118164,0.9284347891807556,1,6,-1
17,45,301.06109619140625,1.5237045288085938,162.57846069335938,85.59657287597656,0.8816941380500793,1,6,-1
18,45,303.0552673339844,1.411460518836975,162.29217529296875,85.69187927246094,0.9455867409706116,1,6,-1
19,45,304.10919189453125,1.6433215141296387,162.300048828125,85.26423645019531,0.9493251442909241,1,6,-1
20,45,307.1553955078125,1.7704355716705322,162.50006103515625,85.59379577636719,0.9508629441261292,1,6,-1
21,45,311.10430908203125,1.495086669921875,161.23739624023438,86.81758117675781,0.9610783457756042,1,6,-1
22,45,314.7032470703125,1.3299504518508911,160.68399047851562,87.26168823242188,0.9572780132293701,1,6,-1
23,45,318.1160888671875,1.3619383573532104,160.43768310546875,87.53780364990234,0.9596760272979736,1,6,-1
24,45,321.34228515625,1.472304105758667,159.94186401367188,87.97998046875,0.9527385830879211,1,6,-1
25,45,324.3431091308594,1.4291061162948608,159.6845703125,88.28959655761719,0.9590182304382324,1,6,-1
26,45,327.0536804199219,1.2174855470657349,159.82711791992188,88.5247802734375,0.9517848491668701,1,6,-1
27,45,329.5130310058594,0.8997786641120911,159.70611572265625,88.37010955810547,0.9565025568008423,1,6,-1
28,45,331.74725341796875,0.6283233761787415,159.93719482421875,89.39960479736328,0.9490232467651367,1,6,-1
29,45,333.5696716308594,0.6538357138633728,159.729248046875,90.44153594970703,0.9342299699783325,1,6,-1
30,45,336.0425109863281,0.47978514432907104,159.28009033203125,91.69993591308594,0.943713903427124,1,6,-1
30,48,80.55416870117188,0.9090928435325623,41.18938446044922,26.232698440551758,0.5801474452018738,1,6,-1
31,45,338.65997314453125,0.1978127658367157,158.42599487304688,92.5207290649414,0.9378694295883179,1,6,-1
31,48,83.91961669921875,0.9557453989982605,41.369773864746094,26.41628074645996,0.5254059433937073,1,6,-1
32,45,340.363525390625,0.0035046895500272512,159.13519287109375,92.34043884277344,0.9395060539245605,1,6,-1
32,48,86.33746337890625,0.6879815459251404,42.82383728027344,26.375377655029297,0.6301838755607605,1,6,-1
33,45,342.3320007324219,0.0,158.22509765625,92.13440704345703,0.9252656102180481,1,6,-1
33,48,89.56108093261719,0.6422876119613647,42.4437255859375,26.87711524963379,0.5571380853652954,1,6,-1
34,45,343.61376953125,0.0,159.43988037109375,92.31536865234375,0.9177663326263428,1,6,-1
34,48,90.67239379882812,0.6620385050773621,43.41259765625,26.882768630981445,0.6127451658248901,1,6,-1
35,45,345.25701904296875,0.0,159.87240600585938,92.37763214111328,0.9020790457725525,1,6,-1
35,48,93.14375305175781,0.8179258108139038,42.033477783203125,27.06534767150879,0.553199827671051,1,6,-1
36,45,348.1539306640625,0.028736557811498642,158.11630249023438,92.41572570800781,0.9441723823547363,1,6,-1
36,48,96.10257720947266,0.9898765087127686,40.827186584472656,28.2539005279541,0.6377429366111755,1,6,-1
37,45,349.41143798828125,0.10904239863157272,158.90542602539062,93.01114654541016,0.9188876152038574,1,6,-1
37,48,99.04109191894531,1.200453281402588,40.039459228515625,28.676843643188477,0.5448342561721802,1,6,-1
38,45,351.24591064453125,0.19127453863620758,157.374267578125,93.51134490966797,0.9463353753089905,1,6,-1
39,45,352.3434143066406,0.40427708625793457,158.72406005859375,94.22673034667969,0.9484984874725342,1,6,-1
39,48,103.28469848632812,1.7368135452270508,38.696563720703125,29.00113296508789,0.6819237470626831,1,6,-1
40,45,353.244140625,0.3901119828224182,158.91424560546875,95.09746551513672,0.9565238356590271,1,6,-1
40,48,104.58155059814453,1.961266279220581,38.35607147216797,28.963499069213867,0.7617355585098267,1,6,-1
41,45,354.21539306640625,0.533392608165741,159.3721923828125,95.60326385498047,0.9609102606773376,1,6,-1
41,48,106.19808197021484,2.2272582054138184,39.117591857910156,29.861181259155273,0.8051394820213318,1,6,-1
41,49,711.6697387695312,0.8102472424507141,43.3121337890625,23.899953842163086,0.5849351286888123,1,6,-1
42,45,356.9800720214844,0.5172088146209717,158.32107543945312,96.14669036865234,0.9625211954116821,1,6,-1
42,48,108.3514633178711,2.4242043495178223,40.676353454589844,30.932592391967773,0.754343569278717,1,6,-1
43,45,359.4905700683594,0.5378641486167908,158.25930786132812,97.3268814086914,0.964875340461731,1,6,-1
43,48,110.16919708251953,2.4348502159118652,42.354408264160156,31.67169761657715,0.8097984194755554,1,6,-1
44,45,362.4631652832031,0.51140958070755,157.09262084960938,98.16567993164062,0.963262140750885,1,6,-1
44,48,113.46269226074219,2.244900703430176,41.58979797363281,33.51805114746094,0.7978816628456116,1,6,-1
44,49,718.3671875,1.1852900981903076,41.08135986328125,25.253602981567383,0.5527790188789368,1,6,-1
45,45,365.7342834472656,0.5267799496650696,155.89309692382812,98.14405822753906,0.9529290795326233,1,6,-1
45,48,115.34950256347656,2.3176400661468506,41.28399658203125,35.04743194580078,0.7842780351638794,1,6,-1
46,45,367.4991455078125,0.4667453169822693,156.54913330078125,99.25316619873047,0.9516360759735107,1,6,-1
46,48,118.38969421386719,2.7915942668914795,39.91307067871094,35.37919616699219,0.7298890352249146,1,6,-1
46,49,720.6963500976562,1.3362834453582764,41.930419921875,27.026081085205078,0.582872748374939,1,6,-1
47,45,371.02850341796875,0.3899484872817993,155.3154296875,100.56623077392578,0.9379924535751343,1,6,-1
47,48,121.82649230957031,3.9390950202941895,38.674102783203125,36.1107177734375,0.6785427331924438,1,6,-1
48,45,373.33331298828125,0.2693065106868744,155.018310546875,102.22928619384766,0.940815806388855,1,6,-1
48,49,725.1084594726562,1.9550328254699707,41.27667236328125,28.772974014282227,0.5471224188804626,1,6,-1
49,45,374.52947998046875,0.2136516273021698,155.62127685546875,104.2679214477539,0.9296543002128601,1,6,-1
49,49,726.76416015625,2.22442889213562,40.678955078125,30.57014274597168,0.6394003629684448,1,6,-1
50,45,375.7220764160156,0.65639328956604,156.39273071289062,104.27931213378906,0.9210297465324402,1,6,-1
50,49,729.5132446289062,2.510941743850708,40.476318359375,32.03730010986328,0.7221536636352539,1,6,-1
51,45,377.9834899902344,0.9772140979766846,157.06204223632812,105.80111694335938,0.9649317264556885,1,6,-1
51,49,731.548095703125,3.142803192138672,41.29119873046875,33.804012298583984,0.6518474221229553,1,6,-1
52,45,381.9575500488281,1.0184129476547241,154.78695678710938,107.35393524169922,0.9686574339866638,1,6,-1
52,49,732.6490478515625,3.2344608306884766,43.28546142578125,35.60475158691406,0.6656362414360046,1,6,-1
53,45,385.9760437011719,0.8233004212379456,153.70779418945312,108.90404510498047,0.9627733826637268,1,6,-1
54,45,388.6456298828125,0.6328611373901367,152.77978515625,110.1950454711914,0.9655255079269409,1,6,-1
54,49,737.4404296875,2.981929063796997,42.4052734375,39.7942008972168,0.7266326546669006,1,6,-1
55,45,391.4822692871094,0.6217558979988098,152.03872680664062,111.28607177734375,0.950000524520874,1,6,-1
55,49,740.3014526367188,3.6866133213043213,41.45263671875,40.34881591796875,0.6272114515304565,1,6,-1
56,45,393.1574401855469,0.5466809868812561,152.39443969726562,112.67327880859375,0.9555363655090332,1,6,-1
56,49,742.5084838867188,5.011239528656006,40.217529296875,41.09220504760742,0.707403302192688,1,6,-1
57,45,395.3032531738281,0.613528847694397,152.82473754882812,113.63665008544922,0.9497498869895935,1,6,-1
58,45,397.5673828125,0.1552453637123108,153.00885009765625,114.34356689453125,0.892255425453186,1,6,-1
58,49,746.2804565429688,12.454123497009277,40.97027587890625,36.623172760009766,0.5175206661224365,1,6,-1
59,45,399.8418273925781,0.4744925796985626,152.26266479492188,115.252197265625,0.9576153755187988,1,6,-1
60,45,401.5531311035156,0.8162635564804077,153.20742797851562,115.45769500732422,0.9629436135292053,1,6,-1
60,49,750.031982421875,15.248906135559082,40.0797119140625,36.088863372802734,0.5989629626274109,1,6,-1
61,45,403.2109069824219,1.146834135055542,153.39285278320312,115.18791961669922,0.9703777432441711,1,6,-1
61,49,751.892333984375,16.6242618560791,40.53173828125,35.462974548339844,0.5801548361778259,1,6,-1
62,45,405.27862548828125,1.2977302074432373,153.95184326171875,115.2550277709961,0.9717543125152588,1,6,-1
62,49,754.0982055664062,15.903221130371094,40.058837890625,36.639015197753906,0.5128805637359619,1,6,-1
63,45,408.4448547363281,1.4525002241134644,152.31039428710938,114.6434326171875,0.9728291034698486,1,6,-1
63,49,756.2689819335938,15.536077499389648,40.51190185546875,37.83025360107422,0.5971787571907043,1,6,-1
64,45,410.9888916015625,1.3535935878753662,151.51116943359375,114.34674835205078,0.9717625379562378,1,6,-1
65,45,413.956298828125,1.1653783321380615,150.61871337890625,114.20098114013672,0.9709544777870178,1,6,-1
66,45,415.2720031738281,1.2950801849365234,150.74014282226562,113.31419372558594,0.9688961505889893,1,6,-1
66,48,170.7225799560547,9.171034812927246,41.00132751464844,38.17961883544922,0.5025503039360046,1,6,-1
66,49,761.1254272460938,21.094083786010742,40.7191162109375,34.22063446044922,0.5370484590530396,1,6,-1
67,45,416.7483215332031,1.534834623336792,151.58517456054688,112.62039947509766,0.9716453552246094,1,6,-1
67,48,172.8667449951172,7.850772380828857,40.79310607910156,37.89750671386719,0.5910579562187195,1,6,-1
68,45,418.149658203125,1.7518702745437622,151.854248046875,113.01545715332031,0.9711117744445801,1,6,-1
68,48,175.03680419921875,7.552953243255615,39.84806823730469,37.382930755615234,0.7770481705665588,1,6,-1
68,49,762.7886962890625,21.930007934570312,41.64642333984375,35.2046012878418,0.5880269408226013,1,6,-1
69,45,419.86505126953125,1.9206513166427612,151.8975830078125,113.19977569580078,0.9720122814178467,1,6,-1
69,48,176.88543701171875,7.7788825035095215,40.32307434082031,37.0267219543457,0.6052999496459961,1,6,-1
69,49,765.0157470703125,22.925987243652344,41.39776611328125,35.650230407714844,0.5160934329032898,1,6,-1
70,45,420.98101806640625,2.1609601974487305,152.41668701171875,113.97323608398438,0.9709017872810364,1,6,-1
70,48,178.14334106445312,7.934486389160156,40.280426025390625,36.97503662109375,0.5039414167404175,1,6,-1
70,49,766.4476318359375,23.377479553222656,40.430419921875,36.49619674682617,0.7115234732627869,1,6,-1
71,45,422.1780090332031,2.4677577018737793,152.50234985351562,114.17997741699219,0.9715719819068909,1,6,-1
71,49,768.2625122070312,24.273029327392578,40.30633544921875,36.58491897583008,0.5721940994262695,1,6,-1
72,45,423.7449645996094,2.670987844467163,152.02481079101562,114.61508178710938,0.9729405641555786,1,6,-1
73,45,424.724609375,2.859109401702881,152.062744140625,114.929443359375,0.9719903469085693,1,6,-1
73,48,182.6370391845703,8.875433921813965,41.98283386230469,36.453765869140625,0.5480110049247742,1,6,-1
74,45,425.775146484375,2.8666329383850098,151.43768310546875,116.15814208984375,0.9720330238342285,1,6,-1
75,45,427.0129089355469,2.7278404235839844,151.32449340820312,116.55810546875,0.9711315631866455,1,6,-1
75,48,184.92001342773438,8.098114013671875,43.45135498046875,38.96507263183594,0.5603398084640503,1,6,-1
76,45,428.82818603515625,2.7477047443389893,149.78656005859375,116.83919525146484,0.9695585370063782,1,6,-1
76,48,186.4185791015625,7.430136203765869,42.928466796875,39.85784912109375,0.5468104481697083,1,6,-1
77,45,429.925537109375,2.6546599864959717,150.4798583984375,118.32178497314453,0.9707102179527283,1,6,-1
78,45,431.53680419921875,2.516723394393921,149.9344482421875,119.61433410644531,0.9711335897445679,1,6,-1
78,49,774.0758056640625,32.40409851074219,40.4869384765625,36.524452209472656,0.5229902267456055,1,6,-1
78,48,187.59738159179688,6.51645565032959,43.29679870605469,42.30006790161133,0.5234988331794739,1,6,-1
79,45,433.576171875,2.523085355758667,149.09576416015625,120.2728271484375,0.9692034721374512,1,6,-1
79,49,775.1592407226562,33.21979522705078,39.78515625,36.70628356933594,0.6806458830833435,1,6,-1
79,48,189.13027954101562,6.709957599639893,43.65684509277344,42.05249786376953,0.5119320154190063,1,6,-1
80,45,434.7378845214844,2.4713594913482666,149.36856079101562,120.55359649658203,0.9710449576377869,1,6,-1
80,49,777.0445556640625,34.0109748840332,40.27081298828125,36.92683792114258,0.6552699208259583,1,6,-1
81,45,435.5830078125,2.282524824142456,149.2086181640625,120.80989837646484,0.9656282663345337,1,6,-1
81,49,778.0836181640625,34.72358322143555,39.7628173828125,36.61537551879883,0.6692426204681396,1,6,-1
82,45,436.2108154296875,2.271113872528076,149.87884521484375,121.28146362304688,0.9696037173271179,1,6,-1
82,49,778.7759399414062,35.484954833984375,40.17327880859375,36.384925842285156,0.6281664371490479,1,6,-1
83,45,437.2076416015625,1.9489715099334717,150.21002197265625,120.64322662353516,0.9607028961181641,1,6,-1
83,49,778.7763061523438,36.35022735595703,41.62176513671875,35.71563720703125,0.7048784494400024,1,6,-1
84,45,437.9053649902344,1.7337098121643066,150.39968872070312,121.95796203613281,0.9545753002166748,1,6,-1
84,49,779.2656860351562,37.04819869995117,41.63006591796875,35.39035415649414,0.5125707983970642,1,6,-1
85,45,438.52679443359375,1.4608858823776245,149.83587646484375,123.00910949707031,0.9601382613182068,1,6,-1
85,49,779.7796630859375,37.21984100341797,41.68365478515625,35.261085510253906,0.5964632034301758,1,6,-1
86,45,439.0060729980469,1.3871994018554688,149.68765258789062,122.89066314697266,0.9584797620773315,1,6,-1
86,49,779.7551879882812,36.65233612060547,41.62939453125,35.429656982421875,0.5423544049263,1,6,-1
87,45,439.02764892578125,1.4586399793624878,150.27728271484375,122.49259185791016,0.9551090598106384,1,6,-1
88,45,439.05718994140625,1.519652009010315,150.0516357421875,122.29835510253906,0.9562121033668518,1,6,-1
89,45,438.9921569824219,1.5272016525268555,149.65463256835938,122.25640106201172,0.9592550992965698,1,6,-1
90,45,438.46044921875,1.841354250907898,149.3804931640625,121.9200668334961,0.954619288444519,1,6,-1
90,49,779.585205078125,35.746036529541016,42.6268310546875,35.143253326416016,0.5749043226242065,1,6,-1
91,45,437.9266662597656,1.9718825817108154,149.47671508789062,121.41971588134766,0.9420011639595032,1,6,-1
92,45,436.611083984375,2.008375883102417,150.32550048828125,120.74308013916016,0.9649327397346497,1,6,-1
93,45,435.1595153808594,1.8969982862472534,150.70437622070312,120.4255599975586,0.9678722620010376,1,6,-1
94,45,434.429931640625,2.092167854309082,150.6075439453125,120.39888763427734,0.9684072732925415,1,6,-1
95,45,433.26641845703125,2.1043403148651123,150.9193115234375,120.15082550048828,0.9673987030982971,1,6,-1
96,45,431.7337646484375,2.539109468460083,151.4820556640625,119.38346862792969,0.9728066325187683,1,6,-1
97,45,430.33123779296875,2.2419989109039307,151.78759765625,119.2384262084961,0.9720926880836487,1,6,-1
98,45,430.3454895019531,2.001133441925049,151.81704711914062,118.645751953125,0.9717684984207153,1,6,-1
99,45,429.10296630859375,2.118910312652588,152.69818115234375,116.80805206298828,0.9713336229324341,1,6,-1
99,49,774.9948120117188,23.141469955444336,40.385986328125,36.484886169433594,0.5337226390838623,1,6,-1
100,45,429.57037353515625,2.0027921199798584,152.5028076171875,116.04684448242188,0.9684230089187622,1,6,-1
100,49,774.8524780273438,21.69863510131836,40.4150390625,35.25288772583008,0.605476975440979,1,6,-1
101,45,429.642578125,1.8397711515426636,152.74383544921875,114.68252563476562,0.9703207015991211,1,6,-1
101,49,775.976806640625,20.524700164794922,41.29425048828125,34.91749572753906,0.5378118753433228,1,6,-1
102,45,429.9237976074219,1.6052049398422241,153.33016967773438,114.62681579589844,0.9721020460128784,1,6,-1
102,49,777.4580688476562,18.188688278198242,40.1329345703125,34.664756774902344,0.5485695600509644,1,6,-1
103,45,430.9703369140625,1.3954886198043823,152.7874755859375,112.89178466796875,0.9678094983100891,1,6,-1
103,49,777.875,15.829046249389648,39.90478515625,35.82941436767578,0.6977056860923767,1,6,-1
104,45,432.8250427246094,1.0504226684570312,152.03427124023438,112.17343139648438,0.9674572348594666,1,6,-1
104,49,778.3328247070312,14.749098777770996,40.65509033203125,35.24283981323242,0.6810402274131775,1,6,-1
105,45,433.6202087402344,0.8776823878288269,152.16738891601562,111.33590698242188,0.9670172929763794,1,6,-1
105,49,778.4857788085938,12.875943183898926,41.7437744140625,35.51300811767578,0.8186400532722473,1,6,-1
106,45,434.3403015136719,0.6595385074615479,151.65902709960938,110.355224609375,0.9610793590545654,1,6,-1
106,49,778.912841796875,9.232589721679688,42.096435546875,37.730350494384766,0.7172062397003174,1,6,-1
107,45,434.46240234375,0.3752649426460266,152.5426025390625,109.91686248779297,0.9631770849227905,1,6,-1
107,49,779.1074829101562,6.2108540534973145,42.7294921875,38.843994140625,0.7491504549980164,1,6,-1
107,48,188.92831420898438,5.668293476104736,42.160736083984375,40.8713493347168,0.6631665825843811,1,6,-1
108,45,434.70379638671875,0.2769848704338074,152.71923828125,109.31114196777344,0.9588108062744141,1,6,-1
108,49,779.778564453125,3.9750683307647705,42.02679443359375,39.526588439941406,0.6559145450592041,1,6,-1
108,48,189.3090057373047,5.073758125305176,41.71864318847656,40.60348892211914,0.644987165927887,1,6,-1
109,45,435.3171691894531,0.08940575271844864,152.98965454101562,108.05741119384766,0.9456138014793396,1,6,-1
109,49,780.6546630859375,2.8354103565216064,42.88165283203125,38.982730865478516,0.6675103306770325,1,6,-1
109,48,189.66632080078125,4.0949320793151855,40.949462890625,40.41239929199219,0.5599561333656311,1,6,-1
110,45,435.8206481933594,0.3176485300064087,152.98355102539062,107.37010192871094,0.948195219039917,1,6,-1
111,45,436.85211181640625,0.47011661529541016,153.06793212890625,106.94608306884766,0.805462121963501,1,6,-1
111,49,783.6357421875,1.8617604970932007,41.67144775390625,38.718502044677734,0.5923061966896057,1,6,-1
111,48,192.030029296875,4.301767826080322,39.68275451660156,39.529850006103516,0.5234655737876892,1,6,-1
112,45,438.4325866699219,0.5196706056594849,152.88937377929688,107.1638412475586,0.812057614326477,1,6,-1
112,49,786.0086669921875,1.8140254020690918,40.99249267578125,38.78635025024414,0.5907231569290161,1,6,-1
112,48,193.69796752929688,4.764291286468506,39.08424377441406,38.76245880126953,0.5222611427307129,1,6,-1
113,45,440.3968200683594,0.573529064655304,152.81234741210938,107.6690902709961,0.8850383758544922,1,6,-1
113,49,786.97607421875,2.0610063076019287,41.178955078125,39.00239181518555,0.5454228520393372,1,6,-1
114,45,442.0768737792969,0.5701778531074524,153.72018432617188,108.0171890258789,0.9064707159996033,1,6,-1
114,49,789.9476318359375,2.0133779048919678,40.016357421875,39.99538040161133,0.6888471245765686,1,6,-1
115,45,444.7281494140625,0.5889024138450623,153.56683349609375,108.62845611572266,0.9501559734344482,1,6,-1
115,49,792.3580932617188,2.7940800189971924,40.1248779296875,39.77356719970703,0.7288715839385986,1,6,-1
115,48,200.44320678710938,6.987153053283691,36.575714111328125,37.35306167602539,0.5378223061561584,1,6,-1
116,45,446.7431945800781,0.5948302745819092,153.15432739257812,109.3275146484375,0.7655361890792847,1,6,-1
116,49,793.7180786132812,3.0794973373413086,40.66656494140625,41.260292053222656,0.7492769956588745,1,6,-1
116,48,200.67823791503906,7.9604644775390625,40.11079406738281,37.286705017089844,0.5778876543045044,1,6,-1
117,45,448.16558837890625,0.5971572995185852,153.65216064453125,110.15098571777344,0.9321700930595398,1,6,-1
117,49,796.1672973632812,5.607966899871826,40.22637939453125,39.68876647949219,0.5500164031982422,1,6,-1
117,48,203.1081085205078,9.059859275817871,41.02677917480469,37.64021682739258,0.5217774510383606,1,6,-1
118,45,450.5752868652344,0.6660985946655273,153.34213256835938,110.88282012939453,0.8419966697692871,1,6,-1
118,49,798.4029541015625,7.0355753898620605,40.14263916015625,39.59479522705078,0.604537308216095,1,6,-1
118,48,205.33387756347656,9.076578140258789,42.43376159667969,38.52482604980469,0.5173599123954773,1,6,-1
119,45,452.58758544921875,1.164514183998108,154.1845703125,111.47718811035156,0.9573724865913391,1,6,-1
119,49,800.3147583007812,9.304586410522461,41.175537109375,38.69465637207031,0.8490694165229797,1,6,-1
119,48,207.78004455566406,9.7822847366333,43.51837158203125,38.338253021240234,0.524520993232727,1,6,-1
119,52,0.8834537863731384,80.85195922851562,52.87181091308594,269.2626953125,0.6727221012115479,1,6,-1
120,45,456.39215087890625,1.4750124216079712,153.43084716796875,111.61151123046875,0.9687705039978027,1,6,-1
120,49,802.8035888671875,11.671058654785156,41.7657470703125,37.97938537597656,0.7326568365097046,1,6,-1
120,52,1.212801456451416,71.1962890625,58.87318420410156,290.2444763183594,0.5116556286811829,1,6,-1
121,45,459.9383544921875,1.8526605367660522,151.72186279296875,112.03619384765625,0.9709011316299438,1,6,-1
121,52,1.1627099514007568,60.630523681640625,67.37201690673828,312.7440490722656,0.5884698033332825,1,6,-1
122,45,463.4653015136719,2.239243745803833,151.68356323242188,113.69847869873047,0.9715970754623413,1,6,-1
122,52,1.0195423364639282,48.37436294555664,75.19160461425781,335.0865173339844,0.8007175922393799,1,6,-1
123,45,466.21331787109375,2.5596086978912354,151.468994140625,114.47785949707031,0.970760703086853,1,6,-1
123,52,1.0657546520233154,37.3306884765625,82.0126724243164,355.2149963378906,0.6740062832832336,1,6,-1
124,45,469.2723693847656,2.8399455547332764,151.49356079101562,115.41746520996094,0.9682315587997437,1,6,-1
124,52,1.0775799751281738,28.303424835205078,90.8364486694336,372.7394714355469,0.751767098903656,1,6,-1
125,45,471.6574401855469,2.9707367420196533,151.53128051757812,116.67365264892578,0.9723917841911316,1,6,-1
125,52,1.0725313425064087,17.39466667175293,99.40290832519531,392.8665771484375,0.8354148864746094,1,6,-1
126,45,473.9271545410156,3.186917304992676,152.34213256835938,117.37100982666016,0.9699363708496094,1,6,-1
126,52,0.9136793613433838,7.6378302574157715,107.62142181396484,410.5204162597656,0.7704008221626282,1,6,-1
127,45,477.644775390625,2.8746659755706787,150.61895751953125,118.75735473632812,0.970570981502533,1,6,-1
127,52,0.9080202579498291,2.818737030029297,115.77745819091797,424.1848449707031,0.6672382950782776,1,6,-1
128,45,481.1036682128906,2.6684064865112305,150.41329956054688,119.26961517333984,0.9689411520957947,1,6,-1
128,49,824.6669311523438,23.383750915527344,40.3477783203125,36.15647888183594,0.6422011256217957,1,6,-1
129,45,483.7971496582031,2.792959690093994,150.22915649414062,119.5625228881836,0.9666016697883606,1,6,-1
129,49,826.8020629882812,23.527103424072266,41.4322509765625,36.692222595214844,0.7264981865882874,1,6,-1
130,45,486.39599609375,2.7919013500213623,150.4427490234375,120.14741516113281,0.9459065794944763,1,6,-1
130,49,829.3721313476562,24.28335189819336,41.80963134765625,36.55883026123047,0.5731819868087769,1,6,-1
131,45,489.39227294921875,2.733809471130371,149.71337890625,120.74203491210938,0.9462395906448364,1,6,-1
131,49,832.5465698242188,24.735504150390625,42.01922607421875,37.01667785644531,0.5149641633033752,1,6,-1
132,45,492.5280456542969,2.275498867034912,149.12051391601562,121.93865203857422,0.960183322429657,1,6,-1
132,49,835.45263671875,25.080671310424805,41.98138427734375,37.24626922607422,0.6269964575767517,1,6,-1
133,45,495.7513122558594,2.2083852291107178,148.80398559570312,122.78707122802734,0.9611390233039856,1,6,-1
133,49,839.316162109375,26.295143127441406,40.4649658203125,36.231056213378906,0.6147084832191467,1,6,-1
134,45,498.4399719238281,2.1864888668060303,149.15878295898438,122.87342834472656,0.967992901802063,1,6,-1
134,49,842.1443481445312,26.065507888793945,39.31927490234375,37.19294738769531,0.7051888108253479,1,6,-1
135,45,501.58526611328125,1.8037619590759277,148.46331787109375,122.90185546875,0.9694720506668091,1,6,-1
136,45,505.0360107421875,1.8309577703475952,148.56365966796875,123.09837341308594,0.9667941331863403,1,6,-1
136,49,846.80419921875,26.18083953857422,39.57843017578125,36.485565185546875,0.624932587146759,1,6,-1
137,45,507.92791748046875,1.9282559156417847,148.39324951171875,123.44770050048828,0.9650506377220154,1,6,-1
138,45,510.9530334472656,2.0629496574401855,148.24246215820312,122.9360580444336,0.9612551331520081,1,6,-1
139,45,513.4158935546875,2.265077590942383,148.8699951171875,122.82914733886719,0.9635200500488281,1,6,-1
140,45,515.4435424804688,2.361604928970337,148.2587890625,123.20977783203125,0.965331494808197,1,6,-1
141,45,517.40185546875,2.4549660682678223,148.75311279296875,123.92340850830078,0.9621167182922363,1,6,-1
142,45,519.68017578125,2.37213397026062,149.125732421875,124.64043426513672,0.9688413143157959,1,6,-1
143,45,521.1782836914062,2.315537929534912,149.09515380859375,125.89134216308594,0.9664749503135681,1,6,-1
144,45,522.8555297851562,2.2289297580718994,149.034423828125,127.43205261230469,0.9656240940093994,1,6,-1
145,45,524.5687255859375,2.1248950958251953,149.21063232421875,128.787841796875,0.9630469679832458,1,6,-1
146,45,526.9996337890625,1.7953217029571533,147.9635009765625,129.86590576171875,0.9634476900100708,1,6,-1
147,45,528.8751831054688,1.5344780683517456,148.21142578125,131.6223907470703,0.965302050113678,1,6,-1
148,45,530.5772705078125,1.2399054765701294,148.33111572265625,132.90980529785156,0.9535554051399231,1,6,-1
149,45,532.7051391601562,1.3600037097930908,147.2364501953125,134.00180053710938,0.9602880477905273,1,6,-1
150,45,534.62744140625,1.4694267511367798,147.31768798828125,134.80409240722656,0.9673789143562317,1,6,-1
151,45,536.1979370117188,1.7249163389205933,147.8729248046875,135.7335205078125,0.962462306022644,1,6,-1
152,45,538.0690307617188,2.0537352561950684,148.12713623046875,137.2840576171875,0.9608961343765259,1,6,-1
153,45,539.9666748046875,2.2602202892303467,147.56744384765625,137.83477783203125,0.9528224468231201,1,6,-1
154,45,541.6979370117188,2.173337697982788,148.2974853515625,138.68545532226562,0.9578890800476074,1,6,-1
155,45,543.2925415039062,2.656379222869873,148.041748046875,139.3634033203125,0.95405113697052,1,6,-1
156,45,545.0881958007812,2.190542697906494,146.7589111328125,141.2024383544922,0.861696183681488,1,6,-1
157,45,546.3565673828125,1.9412859678268433,147.107421875,142.5331573486328,0.9585545659065247,1,6,-1
158,45,547.90234375,1.8050682544708252,147.08465576171875,143.40196228027344,0.9575565457344055,1,6,-1
159,45,549.144287109375,1.9835859537124634,147.4976806640625,143.7118377685547,0.9561676383018494,1,6,-1
160,45,550.946044921875,1.8965950012207031,147.47607421875,144.30352783203125,0.9504668116569519,1,6,-1
161,45,552.9118041992188,2.10383677482605,147.76678466796875,144.69847106933594,0.9594529867172241,1,6,-1
162,45,554.7553100585938,2.2822985649108887,147.55804443359375,145.020263671875,0.9392796754837036,1,6,-1
163,45,557.0967407226562,2.2485077381134033,147.25006103515625,145.91412353515625,0.9241422414779663,1,6,-1
164,45,558.8079833984375,2.289599895477295,146.87506103515625,146.18421936035156,0.8810899257659912,1,6,-1
165,45,560.6903076171875,2.0283896923065186,145.498046875,146.81204223632812,0.908625602722168,1,6,-1
166,45,562.7406005859375,2.101254940032959,145.7001953125,147.57391357421875,0.9196231365203857,1,6,-1
167,45,565.4008178710938,2.3037378787994385,145.709228515625,148.39491271972656,0.8267496824264526,1,6,-1
168,45,567.6979370117188,2.5414366722106934,145.919677734375,148.79881286621094,0.719150185585022,1,6,-1
169,45,570.0545043945312,2.7820417881011963,146.75506591796875,150.57748413085938,0.6835172772407532,1,6,-1
171,45,576.296875,3.4926815032958984,145.407958984375,152.71688842773438,0.5942348837852478,1,6,-1
172,45,579.318603515625,4.3455986976623535,145.295166015625,153.1686553955078,0.6090909838676453,1,6,-1
173,45,582.5906982421875,4.508601188659668,145.07989501953125,155.5812225341797,0.7872183322906494,1,6,-1
174,45,585.7650756835938,3.900974988937378,144.9293212890625,157.68226623535156,0.7207494378089905,1,6,-1
175,45,588.6029663085938,3.647273540496826,144.09686279296875,159.48846435546875,0.5996719598770142,1,6,-1
308,56,742.5289306640625,65.07874298095703,153.32220458984375,172.684814453125,0.6050602197647095,1,6,-1
309,56,744.65869140625,66.86006927490234,151.76824951171875,171.83697509765625,0.5803164839744568,1,6,-1
310,56,745.57080078125,67.67152404785156,151.3463134765625,172.11544799804688,0.5754249095916748,1,6,-1
311,56,746.4043579101562,68.80541229248047,151.5626220703125,171.90139770507812,0.5679597854614258,1,6,-1
312,56,747.6014404296875,71.37190246582031,150.6890869140625,171.01870727539062,0.5251045823097229,1,6,-1
313,56,748.2072143554688,73.16668701171875,150.45587158203125,170.90896606445312,0.5009880065917969,1,6,-1
314,56,748.8174438476562,74.20381927490234,151.44744873046875,171.7646484375,0.6216591596603394,1,6,-1
315,56,749.9428100585938,76.30458068847656,152.0384521484375,171.63388061523438,0.5923847556114197,1,6,-1
318,56,752.9628295898438,82.30036926269531,151.32232666015625,173.27757263183594,0.5155736804008484,1,6,-1
322,56,754.8480834960938,92.7532730102539,151.223388671875,170.72491455078125,0.5032593607902527,1,6,-1
351,56,794.0447998046875,181.64056396484375,146.21484375,162.57003784179688,0.546801745891571,1,6,-1
352,56,796.2051391601562,181.81524658203125,146.5958251953125,162.98886108398438,0.6629741787910461,1,6,-1
353,56,798.736083984375,181.22764587402344,145.89178466796875,162.6593475341797,0.7310923337936401,1,6,-1
354,56,801.7940063476562,180.3568572998047,145.0064697265625,162.52296447753906,0.7379522919654846,1,6,-1
355,56,804.6051025390625,178.76626586914062,144.68377685546875,162.9415283203125,0.7713010907173157,1,6,-1
356,56,807.6222534179688,177.48330688476562,144.83636474609375,163.87591552734375,0.8058038353919983,1,6,-1
357,56,809.9581298828125,176.8441619873047,146.32122802734375,162.9961700439453,0.8176023364067078,1,6,-1
358,56,813.0399169921875,176.0107421875,146.57012939453125,162.98245239257812,0.6571980118751526,1,6,-1
359,56,815.2884521484375,175.1979522705078,147.0888671875,162.2766571044922,0.575660228729248,1,6,-1
360,56,818.7958984375,174.0850830078125,145.6187744140625,161.98980712890625,0.7579130530357361,1,6,-1
361,56,822.012451171875,172.52145385742188,144.8182373046875,161.67800903320312,0.591638445854187,1,6,-1
362,56,824.3762817382812,170.98641967773438,144.84765625,162.22198486328125,0.5001544952392578,1,6,-1
366,56,832.9366455078125,167.63644409179688,146.152099609375,164.53775024414062,0.6322999000549316,1,6,-1
367,56,835.2315673828125,167.4449005126953,146.51123046875,165.0620880126953,0.537990391254425,1,6,-1
368,56,837.7022705078125,168.67713928222656,147.17816162109375,164.15577697753906,0.5969176292419434,1,6,-1
393,59,1572.3319091796875,693.8665161132812,143.806396484375,386.13348388671875,0.7052564024925232,1,6,-1
394,59,1574.6275634765625,699.401123046875,144.2288818359375,380.598876953125,0.6102527379989624,1,6,-1
395,59,1577.2314453125,706.8687133789062,144.1561279296875,373.13128662109375,0.6080098152160645,1,6,-1
396,59,1579.0213623046875,713.1981811523438,143.7679443359375,366.80181884765625,0.5828347206115723,1,6,-1
397,59,1582.03857421875,719.88232421875,141.4072265625,360.11181640625,0.7010675072669983,1,6,-1
398,59,1584.8875732421875,727.2677001953125,139.4512939453125,352.5115966796875,0.750248372554779,1,6,-1
399,59,1587.3587646484375,734.513427734375,137.7271728515625,344.8795166015625,0.6595569849014282,1,6,-1
400,59,1589.5797119140625,740.8826904296875,136.40869140625,338.5111083984375,0.6485621929168701,1,6,-1
401,59,1591.49951171875,747.2847900390625,135.720947265625,332.015380859375,0.8599219918251038,1,6,-1
402,59,1593.8345947265625,754.516357421875,134.24560546875,324.3551025390625,0.8531419634819031,1,6,-1
403,59,1596.64697265625,761.7715454101562,133.9215087890625,274.43841552734375,0.7627524733543396,1,6,-1
404,59,1598.2586669921875,769.2775268554688,133.547607421875,293.43780517578125,0.8210312128067017,1,6,-1
405,59,1599.6832275390625,776.777099609375,133.2906494140625,295.753662109375,0.8702595233917236,1,6,-1
406,59,1601.2608642578125,784.555908203125,132.714111328125,286.008544921875,0.796554684638977,1,6,-1
408,59,1601.5911865234375,800.3070068359375,134.2978515625,257.6336669921875,0.8278118371963501,1,6,-1
409,59,1602.0303955078125,808.5701904296875,135.0833740234375,230.9578857421875,0.9015137553215027,1,6,-1
410,59,1602.65673828125,816.9918823242188,134.8311767578125,227.27935791015625,0.7252050638198853,1,6,-1
411,59,1603.7052001953125,824.76611328125,134.786376953125,238.267333984375,0.7840774655342102,1,6,-1
412,59,1605.192626953125,833.694091796875,134.7208251953125,238.254638671875,0.8879325985908508,1,6,-1
413,59,1606.810546875,841.5076293945312,135.148193359375,229.98150634765625,0.8901763558387756,1,6,-1
414,59,1608.83056640625,849.632080078125,135.4293212890625,224.9700927734375,0.9085215926170349,1,6,-1
415,59,1611.306640625,858.6082763671875,135.0367431640625,219.3416748046875,0.8852993249893188,1,6,-1
416,59,1614.2325439453125,866.3466796875,134.9996337890625,213.412841796875,0.8532590270042419,1,6,-1
417,59,1618.019287109375,874.1820678710938,135.2611083984375,205.81793212890625,0.881389319896698,1,6,-1
417,60,895.7349243164062,256.401123046875,144.76177978515625,161.2589111328125,0.5989845395088196,1,12,-1
418,59,1622.265869140625,882.92138671875,135.1160888671875,197.07861328125,0.7836281061172485,1,6,-1
419,59,1626.6798095703125,890.4183349609375,134.937744140625,189.5816650390625,0.8568706512451172,1,6,-1
420,59,1630.59765625,897.8388061523438,135.739013671875,182.16119384765625,0.8332332968711853,1,6,-1
421,59,1634.1268310546875,905.9232788085938,136.1439208984375,174.07672119140625,0.8088789582252502,1,6,-1
422,59,1638.3458251953125,912.4401245117188,136.7164306640625,167.55987548828125,0.7341403961181641,1,6,-1
423,59,1643.1934814453125,919.5047607421875,137.773681640625,160.3787841796875,0.7731414437294006,1,6,-1
424,59,1648.3607177734375,925.2210693359375,137.580078125,154.4259033203125,0.7110416889190674,1,6,-1
425,59,1653.0919189453125,931.3189086914062,137.137451171875,148.14422607421875,0.633551299571991,1,6,-1
427,59,1661.8765869140625,938.08935546875,138.791015625,141.6248779296875,0.8396462202072144,1,6,-1
428,59,1667.004638671875,942.0682983398438,139.3812255859375,137.93170166015625,0.7240534424781799,1,6,-1
428,60,908.069580078125,276.99395751953125,145.51220703125,161.08428955078125,0.5583145022392273,1,6,-1
429,59,1672.2222900390625,944.8722534179688,139.3619384765625,135.12774658203125,0.5021262168884277,1,6,-1
430,59,1677.34521484375,948.1360473632812,139.6868896484375,131.69232177734375,0.542229413986206,1,6,-1
431,59,1681.814208984375,949.974365234375,141.0113525390625,129.6129150390625,0.5459247827529907,1,6,-1
434,60,917.9124145507812,271.5338134765625,143.15863037109375,160.56689453125,0.8047269582748413,1,6,-1
437,59,1715.803955078125,959.5142822265625,142.859130859375,120.0712890625,0.7123650908470154,1,6,-1
438,59,1722.0367431640625,961.0501098632812,142.85302734375,118.73236083984375,0.5353266596794128,1,6,-1
438,60,925.5758056640625,264.0367736816406,142.2685546875,162.28262329101562,0.5158583521842957,1,6,-1
439,59,1728.3448486328125,962.3643188476562,143.0458984375,117.51654052734375,0.8022419214248657,1,6,-1
440,59,1734.952392578125,965.059814453125,143.393798828125,114.940185546875,0.7845554351806641,1,6,-1
440,60,929.7123413085938,261.7792663574219,143.50347900390625,162.55447387695312,0.6576867699623108,1,6,-1
441,60,932.2122192382812,260.399658203125,143.58966064453125,163.08328247070312,0.56236732006073,1,6,-1
442,60,934.7129516601562,259.432373046875,144.47235107421875,162.73037719726562,0.5445184707641602,1,6,-1
443,59,1753.7314453125,971.0130004882812,146.5892333984375,108.98699951171875,0.8487585783004761,1,6,-1
444,59,1761.13720703125,973.70068359375,147.2637939453125,106.29931640625,0.8124091625213623,1,6,-1
444,60,942.0546264648438,257.2835693359375,143.94720458984375,162.70068359375,0.522793173789978,1,6,-1
445,60,945.7530517578125,256.53131103515625,143.64599609375,162.95529174804688,0.5226876139640808,1,6,-1
453,60,972.6430053710938,249.24134826660156,143.78863525390625,164.09471130371094,0.6083009839057922,1,12,-1
454,60,975.722900390625,248.95947265625,143.961669921875,163.56658935546875,0.5411933660507202,1,12,-1
456,60,980.2691650390625,247.9544677734375,145.3642578125,164.03115844726562,0.6192331910133362,1,12,-1
458,60,985.1468505859375,248.01234436035156,146.12841796875,163.5618438720703,0.517690896987915,1,12,-1
