151,57,1638.621826171875,981.4171142578125,65.8804931640625,96.3587646484375,0.5954578518867493,1,0,-1
152,57,1637.57275390625,980.5733032226562,67.3140869140625,97.01361083984375,0.6410160660743713,1,0,-1
153,57,1636.3885498046875,979.7622680664062,68.9052734375,97.71868896484375,0.6953461170196533,1,0,-1
154,57,1635.932861328125,977.7515869140625,69.5672607421875,99.3638916015625,0.7035776972770691,1,0,-1
155,57,1635.8262939453125,975.7359619140625,68.8037109375,101.3587646484375,0.6232410669326782,1,0,-1
156,57,1635.6981201171875,973.8511352539062,68.047119140625,102.85528564453125,0.5551277995109558,1,0,-1
159,57,1637.465087890625,963.1599731445312,68.87109375,113.99847412109375,0.5080306529998779,1,0,-1
160,57,1638.265869140625,957.944580078125,68.76416015625,119.0694580078125,0.5274407267570496,1,0,-1
163,57,1643.0982666015625,957.5587158203125,68.833251953125,120.8819580078125,0.633145809173584,1,0,-1
164,57,1644.2301025390625,961.896728515625,70.10107421875,117.1929931640625,0.7239223122596741,1,0,-1
165,57,1646.2288818359375,965.151611328125,70.063232421875,114.835205078125,0.6033017039299011,1,0,-1
166,57,1653.5118408203125,969.8369750976562,67.5374755859375,108.25152587890625,0.6810019016265869,1,0,-1
167,57,1657.171630859375,973.5560302734375,69.4005126953125,103.7330322265625,0.7904382348060608,1,0,-1
168,57,1659.628662109375,976.4698486328125,71.7001953125,101.8016357421875,0.816379189491272,1,0,-1
169,57,1662.517822265625,978.782470703125,73.328125,99.3934326171875,0.8192134499549866,1,0,-1
170,57,1666.67919921875,981.1515502929688,74.3297119140625,96.89495849609375,0.8087307214736938,1,0,-1
171,57,1670.3543701171875,985.52197265625,75.1910400390625,92.48583984375,0.7490149736404419,1,0,-1
172,57,1676.1124267578125,991.93505859375,74.1251220703125,85.8939208984375,0.7543614506721497,1,0,-1
173,57,1680.76708984375,996.4395751953125,73.9542236328125,81.8084716796875,0.781989574432373,1,0,-1
174,57,1684.805908203125,1001.9955444335938,74.219970703125,76.97833251953125,0.7965080738067627,1,0,-1
175,57,1690.489013671875,1008.7843627929688,72.5125732421875,71.19610595703125,0.691138505935669,1,0,-1
176,57,1692.5555419921875,1016.6597290039062,74.55078125,62.91961669921875,0.7025786638259888,1,0,-1
