37,200,1731.61328125,0.5176771283149719,187.1783447265625,1001.8037719726562,0.556483268737793,1,0,-1
38,200,1726.057373046875,0.7239691615104675,191.9781494140625,980.9008178710938,0.5660408139228821,1,0,-1
39,200,1721.88037109375,0.47481778264045715,196.4771728515625,940.5519409179688,0.5927155017852783,1,0,-1
40,200,1718.091064453125,0.3707723021507263,200.721435546875,939.1534423828125,0.6210858821868896,1,0,-1
41,200,1713.8336181640625,0.36207443475723267,205.2083740234375,908.0684814453125,0.6233813762664795,1,0,-1
43,200,1707.39306640625,0.0,211.857666015625,940.826416015625,0.6059256792068481,1,0,-1
44,200,1705.334228515625,0.0,213.5037841796875,905.85498046875,0.6193228363990784,1,0,-1
45,200,1702.24462890625,0.0,217.0418701171875,973.0596923828125,0.5875565409660339,1,0,-1
46,200,1700.48583984375,0.0,218.979248046875,1018.6976318359375,0.5613573789596558,1,0,-1
47,200,1698.8740234375,0.0,220.7401123046875,1018.5982666015625,0.5719234943389893,1,0,-1
48,200,1696.426513671875,0.0,223.2198486328125,1042.7884521484375,0.6092901229858398,1,0,-1
49,200,1695.1671142578125,0.0,224.4976806640625,1045.29443359375,0.5927140116691589,1,0,-1
50,200,1693.0498046875,0.0,226.6842041015625,1053.15283203125,0.6440183520317078,1,0,-1
51,200,1690.987060546875,0.0,228.84130859375,1050.124755859375,0.6559908986091614,1,0,-1
52,200,1689.3990478515625,0.0,230.5711669921875,1053.7030029296875,0.685451865196228,1,0,-1
53,200,1687.2841796875,0.0,232.7158203125,1048.807373046875,0.6890887022018433,1,0,-1
54,200,1685.6005859375,0.0,234.3994140625,1024.5240478515625,0.7032728791236877,1,0,-1
55,200,1683.7408447265625,0.0,236.2591552734375,1039.7113037109375,0.7133859992027283,1,0,-1
56,200,1683.270263671875,0.0,236.729736328125,974.68505859375,0.7521767616271973,1,0,-1
57,200,1682.918212890625,0.0,237.081787109375,987.2758178710938,0.727420449256897,1,0,-1
58,200,1682.469970703125,0.0,237.530029296875,1024.0113525390625,0.7456796169281006,1,0,-1
59,200,1682.9114990234375,0.0,237.0885009765625,1027.3072509765625,0.735088586807251,1,0,-1
60,200,1684.63818359375,0.0,235.36181640625,1018.7344360351562,0.7304420471191406,1,0,-1
61,200,1688.1397705078125,0.0,231.8602294921875,1025.9898681640625,0.7333757877349854,1,0,-1
62,200,1691.8572998046875,0.0,228.1427001953125,1022.1463623046875,0.7104900479316711,1,0,-1
63,200,1693.440185546875,0.0,226.559814453125,1030.3857421875,0.7286278605461121,1,0,-1
64,200,1694.395263671875,0.0,225.604736328125,1036.0133056640625,0.7422454953193665,1,0,-1
65,200,1695.6917724609375,0.0,224.3082275390625,1037.1337890625,0.7352683544158936,1,0,-1
66,200,1696.5762939453125,0.0,223.4237060546875,1022.9873046875,0.692399799823761,1,0,-1
67,200,1696.6324462890625,0.0,223.3675537109375,1021.742431640625,0.7055322527885437,1,0,-1
68,200,1696.0643310546875,0.0,223.5731201171875,1034.6693115234375,0.7166671752929688,1,0,-1
69,200,1694.027587890625,0.0,225.3531494140625,1034.879150390625,0.7201864719390869,1,0,-1
70,200,1692.1241455078125,0.0,227.009521484375,1040.861083984375,0.7201047539710999,1,0,-1
71,200,1690.2677001953125,0.0,228.724609375,1048.9326171875,0.7109761238098145,1,0,-1
72,200,1686.7376708984375,0.0,232.13916015625,1029.3067626953125,0.7605627179145813,1,0,-1
73,200,1683.7225341796875,0.0,235.1708984375,1037.78857421875,0.778302788734436,1,0,-1
74,200,1680.00537109375,0.0,238.8734130859375,1043.2864990234375,0.7816760540008545,1,0,-1
75,200,1676.565185546875,0.0,242.3341064453125,1047.6171875,0.7890876531600952,1,0,-1
76,200,1673.0496826171875,0.0,245.7752685546875,1051.8585205078125,0.7891852855682373,1,0,-1
77,200,1669.5379638671875,0.0,249.339599609375,1044.80078125,0.7832047939300537,1,0,-1
78,200,1666.09326171875,0.0,252.5611572265625,1049.86669921875,0.7677770853042603,1,0,-1
79,200,1661.9947509765625,0.0,255.646240234375,1047.0506591796875,0.7488419413566589,1,0,-1
80,200,1658.8970947265625,0.026231564581394196,256.7857666015625,1053.2772216796875,0.6775842308998108,1,0,-1
81,200,1656.128662109375,0.031554028391838074,257.4189453125,1036.973388671875,0.7541165947914124,1,0,-1
82,200,1652.1756591796875,0.09750306606292725,259.7528076171875,1055.1375732421875,0.8192132115364075,1,0,-1
83,200,1648.510986328125,0.10538352280855179,263.4368896484375,1061.300048828125,0.8385252356529236,1,0,-1
84,200,1644.9404296875,0.13451306521892548,266.4127197265625,1066.1422119140625,0.8320960402488708,1,0,-1
85,200,1642.189697265625,0.1309928447008133,270.2064208984375,1064.4766845703125,0.8186299204826355,1,0,-1
85,201,1640.8515625,0.38187843561172485,274.0374755859375,1070.88134765625,0.7250612378120422,1,0,-1
87,200,1632.4820556640625,0.517172634601593,279.84228515625,1071.5145263671875,0.8072648644447327,1,0,-1
88,200,1629.5086669921875,0.6151090264320374,282.3800048828125,1074.85205078125,0.8254834413528442,1,0,-1
89,200,1625.900146484375,0.679053783416748,286.270263671875,1075.04052734375,0.8119567036628723,1,0,-1
90,200,1621.905029296875,0.6608725190162659,291.5364990234375,1075.5455322265625,0.8342799544334412,1,0,-1
91,200,1617.213623046875,0.6511511206626892,297.473388671875,1075.82568359375,0.8262932300567627,1,0,-1
92,200,1611.7362060546875,0.6225698590278625,303.7908935546875,1075.9443359375,0.837285041809082,1,0,-1
93,200,1608.128662109375,0.5436244010925293,307.974853515625,1075.91845703125,0.8402740359306335,1,0,-1
94,200,1604.611083984375,0.5175784230232239,312.069580078125,1075.803955078125,0.8470589518547058,1,0,-1
95,200,1601.1673583984375,0.4805349111557007,316.02001953125,1076.3544921875,0.8507835865020752,1,0,-1
96,200,1598.5714111328125,0.4152660071849823,319.1978759765625,1076.91259765625,0.8571271300315857,1,0,-1
97,200,1594.8134765625,0.3860745131969452,323.355712890625,1077.4783935546875,0.8491798639297485,1,0,-1
98,200,1591.23876953125,0.47249898314476013,326.5706787109375,1077.7957763671875,0.8530817627906799,1,0,-1
99,200,1586.488525390625,0.34810084104537964,331.996826171875,1077.4481201171875,0.8465561866760254,1,0,-1
100,200,1581.0670166015625,0.3099227845668793,337.8648681640625,1077.50439453125,0.8667317032814026,1,0,-1
101,200,1576.730712890625,0.27727246284484863,342.7269287109375,1078.5142822265625,0.864259660243988,1,0,-1
102,200,1573.216552734375,0.24058933556079865,346.2076416015625,1079.134521484375,0.8852136731147766,1,0,-1
103,200,1568.8470458984375,0.20965099334716797,350.7021484375,1079.7904052734375,0.8713095188140869,1,0,-1
104,200,1565.6346435546875,0.19831092655658722,353.9642333984375,1079.8016357421875,0.8689665794372559,1,0,-1
105,200,1560.8016357421875,0.1735072135925293,358.4842529296875,1079.8265380859375,0.850701093673706,1,0,-1
106,200,1556.4249267578125,0.570769190788269,360.720703125,1079.42919921875,0.8009689450263977,1,0,-1
107,200,1553.0657958984375,0.3028378188610077,357.87451171875,1079.6971435546875,0.7808093428611755,1,0,-1
108,200,1548.408935546875,0.9797165989875793,367.606689453125,1079.020263671875,0.8067482709884644,1,0,-1
109,200,1544.3409423828125,2.318195104598999,372.1904296875,1077.6817626953125,0.7992972135543823,1,0,-1
110,200,1541.017333984375,3.2688169479370117,375.2979736328125,1076.731201171875,0.8101686239242554,1,0,-1
111,200,1536.6397705078125,1.3264641761779785,379.357666015625,1078.673583984375,0.8069071173667908,1,0,-1
112,200,1532.1307373046875,0.5387738347053528,380.6055908203125,1079.461181640625,0.7788732051849365,1,0,-1
113,200,1528.4620361328125,0.2484320104122162,385.1138916015625,1079.7515869140625,0.8196051716804504,1,0,-1
114,200,1524.8316650390625,0.14913137257099152,390.5533447265625,1079.850830078125,0.8482833504676819,1,0,-1
115,200,1520.397705078125,0.12411250174045563,395.1326904296875,1079.8758544921875,0.858695924282074,1,0,-1
116,200,1516.715576171875,0.20076648890972137,398.8758544921875,1079.43408203125,0.856960654258728,1,0,-1
117,200,1512.361572265625,0.15206468105316162,402.6751708984375,1079.354248046875,0.8776838183403015,1,0,-1
118,200,1508.534912109375,0.13414567708969116,406.90576171875,1078.6944580078125,0.8751426339149475,1,0,-1
119,200,1505.6358642578125,0.09029744565486908,410.1439208984375,1077.51123046875,0.8046603798866272,1,0,-1
120,200,1502.3717041015625,0.06179087236523628,413.8480224609375,1076.2796630859375,0.8665480613708496,1,0,-1
121,200,1499.689697265625,0.01301778294146061,416.519775390625,1074.8466796875,0.8932503461837769,1,0,-1
123,200,1492.2841796875,0.009608057327568531,423.45068359375,1075.2764892578125,0.8190349340438843,1,0,-1
124,200,1488.1322021484375,0.30165329575538635,427.2420654296875,1075.02880859375,0.9019842743873596,1,0,-1
125,200,1484.8460693359375,0.6010910272598267,430.7510986328125,1075.2279052734375,0.8893702626228333,1,0,-1
126,200,1481.092041015625,2.13309383392334,434.7391357421875,1073.45166015625,0.6139885783195496,1,0,-1
128,200,1476.5823974609375,0.7479574680328369,440.951904296875,1070.3477783203125,0.6864750385284424,1,0,-1
129,200,1471.51171875,0.40346595644950867,446.790771484375,1068.9112548828125,0.8793975114822388,1,0,-1
130,200,1467.2283935546875,0.2674746811389923,451.224609375,1067.87841796875,0.8631949424743652,1,0,-1
131,200,1462.2529296875,0.2322576493024826,456.463134765625,1066.712646484375,0.7366524934768677,1,0,-1
132,200,1457.131591796875,0.22372062504291534,461.7442626953125,1066.05908203125,0.8484490513801575,1,0,-1
133,200,1452.6920166015625,0.19130495190620422,466.26513671875,1064.2156982421875,0.8308612108230591,1,0,-1
134,200,1448.3837890625,0.13907063007354736,470.6065673828125,1063.4952392578125,0.850875735282898,1,0,-1
135,200,1443.5560302734375,0.08634878695011139,475.5352783203125,1063.5435791015625,0.8509904742240906,1,0,-1
136,200,1438.15283203125,0.05339302495121956,480.97509765625,1063.76708984375,0.6034358143806458,1,0,-1
137,200,1432.2171630859375,0.0003877633425872773,486.0745849609375,1070.6611328125,0.6395246982574463,1,0,-1
140,200,1419.6221923828125,0.0,498.58349609375,1066.7921142578125,0.821542501449585,1,0,-1
141,200,1415.145751953125,0.0007214861689135432,503.1990966796875,1066.796875,0.7447912693023682,1,0,-1
144,202,1469.88134765625,4.985132694244385,116.201171875,217.7123260498047,0.6497995257377625,1,0,-1
144,200,1404.7088623046875,0.0,512.9940185546875,1069.099609375,0.5777369737625122,1,0,-1
145,202,1465.55615234375,6.214134216308594,115.807373046875,208.0433349609375,0.7396745681762695,1,0,-1
146,202,1461.328369140625,7.118992805480957,114.501220703125,208.99156188964844,0.7849952578544617,1,0,-1
147,202,1457.0205078125,6.744720458984375,113.6650390625,226.96131896972656,0.809755802154541,1,0,-1
147,200,1387.4959716796875,0.08415500074625015,529.048828125,1073.7344970703125,0.8103243112564087,1,0,-1
148,202,1453.5400390625,8.656563758850098,114.292236328125,218.33935546875,0.8021596074104309,1,0,-1
148,200,1382.6671142578125,2.7916696071624756,535.200439453125,1072.110595703125,0.8226035237312317,1,0,-1
149,202,1448.6817626953125,7.341165065765381,115.4508056640625,215.82359313964844,0.8017030358314514,1,0,-1
149,200,1377.90478515625,2.337815999984741,540.732177734375,1073.359375,0.685486376285553,1,0,-1
150,202,1444.2232666015625,7.649769306182861,115.406494140625,229.3488006591797,0.5156056880950928,1,0,-1
150,200,1372.8529052734375,0.8254945278167725,545.8525390625,1074.357177734375,0.7733975648880005,1,0,-1
151,200,1368.3814697265625,0.23920245468616486,550.688232421875,1075.4942626953125,0.5532304644584656,1,0,-1
152,202,1435.909912109375,10.555610656738281,112.3558349609375,235.26171875,0.6074765920639038,1,0,-1
154,202,1426.8572998046875,17.934118270874023,113.6143798828125,221.999755859375,0.7956288456916809,1,0,-1
155,202,1422.276611328125,25.57147979736328,115.6881103515625,213.45684814453125,0.807543933391571,1,0,-1
156,202,1417.8294677734375,26.960420608520508,116.1990966796875,211.3979949951172,0.8607665300369263,1,0,-1
157,202,1413.8668212890625,33.796539306640625,115.02734375,206.88616943359375,0.7634746432304382,1,0,-1
158,202,1409.4527587890625,38.82891082763672,115.04150390625,205.15240478515625,0.5125768780708313,1,0,-1
167,202,1366.1817626953125,66.1280746459961,113.668701171875,213.31622314453125,0.869894802570343,1,0,-1
168,202,1361.5133056640625,68.8689956665039,113.55078125,213.18002319335938,0.8736997246742249,1,0,-1
169,202,1356.4801025390625,71.42894744873047,115.7647705078125,211.00765991210938,0.5334928631782532,1,0,-1
170,202,1353.9400634765625,71.8262939453125,115.064453125,214.15338134765625,0.5307384133338928,1,0,-1
172,202,1343.62744140625,77.1280517578125,117.34716796875,213.40020751953125,0.5710378885269165,1,0,-1
173,202,1338.88818359375,79.52294921875,119.863525390625,207.149169921875,0.5928356051445007,1,0,-1
174,202,1331.7618408203125,84.37741088867188,120.0557861328125,207.26333618164062,0.8590123653411865,1,0,-1
177,202,1316.46533203125,98.04047393798828,113.1336669921875,199.52420043945312,0.6580202579498291,1,0,-1
185,202,1271.0865478515625,121.85676574707031,110.328369140625,212.7650604248047,0.790634036064148,1,0,-1
186,202,1267.37060546875,126.6357421875,108.7269287109375,211.61856079101562,0.7144896984100342,1,0,-1
187,202,1260.4232177734375,125.3729248046875,111.295166015625,211.44073486328125,0.7441141605377197,1,0,-1
188,202,1256.450927734375,129.83937072753906,108.512451171875,206.24510192871094,0.7072945237159729,1,0,-1
189,202,1251.5712890625,134.7924346923828,108.12548828125,206.47190856933594,0.668014645576477,1,0,-1
190,202,1245.4261474609375,138.05282592773438,107.4608154296875,203.7757568359375,0.7112614512443542,1,0,-1
192,202,1230.6475830078125,144.68043518066406,110.3695068359375,200.30052185058594,0.8276006579399109,1,0,-1
199,202,1184.9547119140625,170.909912109375,111.6168212890625,210.49362182617188,0.7496204376220703,1,0,-1
200,202,1176.6845703125,171.67172241210938,112.4105224609375,212.68466186523438,0.9101942777633667,1,0,-1
201,202,1172.498779296875,176.38961791992188,109.398193359375,208.57632446289062,0.867155134677887,1,0,-1
202,202,1162.7232666015625,178.15219116210938,113.207275390625,207.15185546875,0.723677396774292,1,0,-1
203,202,1159.6785888671875,182.7834930419922,108.416748046875,217.0813751220703,0.736880898475647,1,0,-1
204,202,1152.94287109375,187.515869140625,108.3524169921875,214.02874755859375,0.6214297413825989,1,0,-1
205,202,1143.9652099609375,190.86744689941406,110.5960693359375,207.26927185058594,0.7721990942955017,1,0,-1
206,202,1137.27587890625,194.29539489746094,111.42822265625,203.8820343017578,0.8505059480667114,1,0,-1
207,202,1131.0272216796875,195.9199676513672,108.9361572265625,204.77210998535156,0.794747531414032,1,0,-1
208,202,1126.154541015625,200.6078643798828,107.845947265625,200.43443298339844,0.7781703472137451,1,0,-1
214,202,1083.4622802734375,221.53587341308594,108.92041015625,207.50169372558594,0.8457567691802979,1,0,-1
215,202,1077.8455810546875,228.16307067871094,107.0006103515625,206.3062286376953,0.698128342628479,1,0,-1
220,202,1031.263671875,245.89268493652344,121.0537109375,206.37803649902344,0.7419442534446716,1,0,-1
221,202,1027.970458984375,253.8033447265625,116.990966796875,203.25418090820312,0.6896539926528931,1,0,-1
225,202,1003.6333618164062,274.2518005371094,113.83941650390625,206.54302978515625,0.5315942764282227,1,0,-1
226,202,996.7562255859375,279.05853271484375,113.1102294921875,204.46221923828125,0.9156902432441711,1,0,-1
227,202,988.7150268554688,284.1888122558594,113.91925048828125,208.08993530273438,0.9078099727630615,1,0,-1
228,202,983.057861328125,289.4549255371094,113.3485107421875,205.23135375976562,0.8691651225090027,1,0,-1
229,202,975.237060546875,292.8315734863281,115.1397705078125,206.82598876953125,0.877757728099823,1,0,-1
230,202,969.142822265625,296.9117126464844,112.7747802734375,203.79580688476562,0.8708623647689819,1,0,-1
231,202,963.3007202148438,303.60601806640625,108.38934326171875,208.02932739257812,0.7976959943771362,1,0,-1
232,202,955.2872314453125,308.022216796875,109.60009765625,210.29339599609375,0.8540685176849365,1,0,-1
233,202,947.3235473632812,311.72796630859375,112.80108642578125,214.02740478515625,0.9189428091049194,1,0,-1
234,202,940.6231079101562,316.23443603515625,114.82000732421875,212.5546875,0.9331587553024292,1,0,-1
235,202,935.0873413085938,322.81427001953125,113.86846923828125,203.62957763671875,0.8703540563583374,1,0,-1
236,202,929.8167724609375,329.4590759277344,113.3292236328125,201.90664672851562,0.8555461764335632,1,0,-1
237,202,925.0220336914062,336.2937927246094,114.20611572265625,196.88656616210938,0.5112075805664062,1,0,-1
238,202,918.805908203125,338.2547912597656,111.5186767578125,201.24697875976562,0.7651849389076233,1,0,-1
240,202,906.8511352539062,348.18695068359375,109.85980224609375,204.5538330078125,0.8080169558525085,1,0,-1
241,202,899.6546630859375,352.9200439453125,112.48468017578125,207.63525390625,0.8822498321533203,1,0,-1
242,202,893.9428100585938,358.1162109375,113.13909912109375,209.9996337890625,0.9239096641540527,1,0,-1
243,202,887.8998413085938,361.9053039550781,113.9564208984375,207.65737915039062,0.932807981967926,1,0,-1
244,202,881.9960327148438,366.5769958496094,114.69488525390625,205.51296997070312,0.9309645891189575,1,0,-1
245,202,878.359375,375.42852783203125,113.54046630859375,199.42816162109375,0.7963746786117554,1,0,-1
246,202,873.0996704101562,377.87359619140625,112.49920654296875,202.65313720703125,0.87693852186203,1,0,-1
247,202,867.440673828125,380.5704650878906,111.463623046875,206.25039672851562,0.9003872275352478,1,0,-1
248,202,861.9052734375,385.5406494140625,110.24786376953125,204.30206298828125,0.9110679626464844,1,0,-1
249,202,854.7908935546875,391.38250732421875,112.47393798828125,203.72021484375,0.9119739532470703,1,0,-1
250,202,849.5621337890625,397.3387756347656,113.23974609375,207.28329467773438,0.9240365624427795,1,0,-1
251,202,842.491943359375,402.2103271484375,114.96942138671875,208.09393310546875,0.9267441034317017,1,0,-1
252,202,836.8689575195312,404.7018737792969,114.972900390625,210.33987426757812,0.9347400069236755,1,0,-1
253,202,830.3919067382812,408.8713684082031,115.97509765625,210.59298706054688,0.9474795460700989,1,0,-1
254,202,825.77734375,413.6624755859375,116.9959716796875,214.0338134765625,0.9236730337142944,1,0,-1
255,202,821.4375,419.5102844238281,114.5640869140625,216.11672973632812,0.7314028143882751,1,0,-1
256,202,815.4175415039062,425.0345153808594,112.4884033203125,209.58523559570312,0.7938778400421143,1,0,-1
257,202,809.2025756835938,430.1313781738281,113.066650390625,205.64999389648438,0.8881829977035522,1,0,-1
258,202,802.4445190429688,432.6569519042969,113.81488037109375,206.07669067382812,0.9296809434890747,1,0,-1
259,202,795.0083618164062,437.4192810058594,117.3902587890625,203.91152954101562,0.9217844605445862,1,0,-1
260,202,789.9566040039062,442.26666259765625,116.982666015625,199.79351806640625,0.9069807529449463,1,0,-1
261,202,783.4369506835938,445.5271301269531,117.9888916015625,205.78872680664062,0.9479727745056152,1,0,-1
262,202,778.396728515625,448.5797424316406,117.76129150390625,210.86459350585938,0.9246086478233337,1,0,-1
263,202,770.9657592773438,450.4348449707031,118.81951904296875,212.53628540039062,0.9304710626602173,1,0,-1
264,202,765.472412109375,452.14117431640625,118.6102294921875,211.50079345703125,0.9468265771865845,1,0,-1
265,202,759.4326171875,456.297119140625,119.34173583984375,211.14813232421875,0.9530827403068542,1,0,-1
266,202,753.3914184570312,461.5666809082031,120.18115234375,209.96621704101562,0.9465988874435425,1,0,-1
267,202,746.2919921875,463.3392333984375,122.7945556640625,214.84332275390625,0.9411340355873108,1,0,-1
268,202,741.820556640625,465.6681213378906,122.74700927734375,209.35464477539062,0.9342188835144043,1,0,-1
269,202,736.2947387695312,469.9287414550781,124.0191650390625,209.21218872070312,0.9191984534263611,1,0,-1
270,202,730.7344360351562,468.9780578613281,123.074462890625,213.62057495117188,0.8176869750022888,1,0,-1
271,202,725.0948486328125,471.83502197265625,122.98809814453125,212.57073974609375,0.8700084090232849,1,0,-1
272,202,719.417236328125,473.3756408691406,123.014404296875,210.61166381835938,0.8848457932472229,1,0,-1
273,202,712.5304565429688,473.41693115234375,122.92718505859375,213.80877685546875,0.9082411527633667,1,0,-1
274,202,706.4950561523438,475.03369140625,121.4979248046875,214.3668212890625,0.9366585612297058,1,0,-1
275,202,697.98779296875,477.49591064453125,125.54583740234375,217.26971435546875,0.9275583624839783,1,0,-1
276,202,692.1710205078125,480.6268005371094,125.87066650390625,211.29367065429688,0.9293638467788696,1,0,-1
277,202,685.7693481445312,483.516845703125,125.580322265625,213.54779052734375,0.9392257928848267,1,0,-1
278,202,680.0473022460938,484.0729675292969,123.7015380859375,214.42031860351562,0.8701745271682739,1,0,-1
279,202,671.7596435546875,483.4967346191406,125.9185791015625,217.03530883789062,0.94049072265625,1,0,-1
280,202,664.0144653320312,484.04034423828125,125.8974609375,218.429931640625,0.9347414374351501,1,0,-1
281,202,658.0380859375,486.08367919921875,124.13641357421875,219.55169677734375,0.9478293061256409,1,0,-1
282,202,649.1655883789062,487.1825256347656,126.07415771484375,221.69314575195312,0.9460415244102478,1,0,-1
283,202,641.733642578125,489.3892822265625,128.75531005859375,219.12860107421875,0.9514358043670654,1,0,-1
284,202,635.0582275390625,489.95947265625,128.275390625,219.6295166015625,0.9491434097290039,1,0,-1
285,202,626.7130737304688,490.6548156738281,127.56524658203125,219.15084838867188,0.922846794128418,1,0,-1
286,202,620.083740234375,493.3655700683594,128.6688232421875,216.97244262695312,0.9478464722633362,1,0,-1
287,202,613.244140625,493.4058837890625,127.6741943359375,216.33184814453125,0.9511500597000122,1,0,-1
288,202,605.2079467773438,494.8113098144531,126.27276611328125,217.02572631835938,0.9545700550079346,1,0,-1
289,202,597.3484497070312,495.9415283203125,128.46307373046875,219.71099853515625,0.9572650194168091,1,0,-1
290,202,589.4187622070312,496.3925476074219,130.40594482421875,221.55166625976562,0.9577692747116089,1,0,-1
291,202,579.5899658203125,495.1396789550781,131.69720458984375,223.73880004882812,0.9494588971138,1,0,-1
292,202,571.7994384765625,495.9724426269531,132.07647705078125,226.14529418945312,0.9603403210639954,1,0,-1
293,202,564.1220092773438,497.3968811035156,132.15289306640625,224.74447631835938,0.9586648344993591,1,0,-1
294,202,554.9762573242188,498.2938537597656,131.7274169921875,224.04507446289062,0.9568962454795837,1,0,-1
295,202,547.51318359375,500.4178161621094,131.4393310546875,225.45071411132812,0.9595847129821777,1,0,-1
296,202,539.940673828125,500.8596496582031,132.39459228515625,226.13333129882812,0.959396481513977,1,0,-1
297,202,530.4754638671875,501.6322021484375,133.68206787109375,227.709716796875,0.9521372318267822,1,0,-1
298,202,521.6353149414062,503.6351318359375,133.58721923828125,228.34637451171875,0.9554142951965332,1,0,-1
299,202,514.056396484375,504.1457214355469,133.65966796875,229.64285278320312,0.9495964646339417,1,0,-1
300,202,504.9866027832031,506.3406066894531,133.19277954101562,227.27780151367188,0.9447305202484131,1,0,-1
301,202,495.2338562011719,509.43487548828125,135.34658813476562,224.43865966796875,0.9387323260307312,1,0,-1
302,202,483.7857360839844,508.1856384277344,136.53128051757812,231.59426879882812,0.9437829256057739,1,0,-1
303,202,474.8186950683594,508.6603698730469,135.88491821289062,233.84219360351562,0.9095785021781921,1,0,-1
304,202,465.1104431152344,510.5499267578125,135.62484741210938,232.42132568359375,0.9161953926086426,1,0,-1
305,202,454.7141418457031,512.2532348632812,136.23171997070312,231.98187255859375,0.924826443195343,1,0,-1
306,202,444.6501770019531,516.2907104492188,138.22085571289062,227.07171630859375,0.8151182532310486,1,0,-1
311,202,388.03533935546875,516.6685180664062,143.6842041015625,237.33355712890625,0.8541331887245178,1,0,-1
312,202,378.8179016113281,516.9624633789062,144.18276977539062,236.8712158203125,0.9163236021995544,1,0,-1
313,202,369.3006896972656,517.6193237304688,144.01858520507812,235.91314697265625,0.9400724768638611,1,0,-1
314,202,359.06158447265625,518.7747192382812,145.65292358398438,236.59539794921875,0.885786771774292,1,0,-1
315,202,349.3694152832031,519.2193603515625,145.55685424804688,236.197265625,0.9482272267341614,1,0,-1
316,202,337.935302734375,519.0466918945312,146.30007934570312,237.7491455078125,0.9221181869506836,1,0,-1
317,202,328.6979064941406,519.019287109375,148.023681640625,235.53314208984375,0.92447829246521,1,0,-1
318,202,318.8194274902344,518.6744384765625,148.28570556640625,234.71966552734375,0.9515586495399475,1,0,-1
319,202,310.202880859375,518.477294921875,148.86318969726562,234.745849609375,0.9428475499153137,1,0,-1
320,202,300.8976745605469,518.376220703125,150.56817626953125,234.63909912109375,0.9472993016242981,1,0,-1
321,202,290.40765380859375,517.6763916015625,149.39297485351562,235.57818603515625,0.9234079122543335,1,0,-1
322,202,282.44342041015625,517.6563110351562,149.3873291015625,233.967529296875,0.9256525635719299,1,0,-1
323,202,274.5394287109375,516.5187377929688,149.61529541015625,233.7645263671875,0.9523305296897888,1,0,-1
324,202,265.3772277832031,517.033447265625,149.21661376953125,232.17681884765625,0.9392125606536865,1,0,-1
325,202,254.93699645996094,518.5455932617188,153.7882537841797,228.96649169921875,0.9347947835922241,1,0,-1
326,202,246.31625366210938,517.601318359375,150.364501953125,233.03436279296875,0.9072757363319397,1,0,-1
327,202,237.8709716796875,518.9599609375,150.517822265625,233.24090576171875,0.9395220279693604,1,0,-1
328,202,229.6385498046875,520.60595703125,152.2386474609375,231.29022216796875,0.9302158355712891,1,0,-1
329,202,220.6689453125,523.106201171875,152.96670532226562,228.865234375,0.9504683017730713,1,0,-1
330,202,212.99537658691406,525.425048828125,153.27891540527344,228.204833984375,0.9374579191207886,1,0,-1
331,202,204.88848876953125,527.0607299804688,154.7255859375,228.4300537109375,0.9490077495574951,1,0,-1
332,202,196.5100860595703,527.6038208007812,153.4753875732422,231.33087158203125,0.9037564992904663,1,0,-1
333,202,189.19117736816406,530.9154052734375,153.84788513183594,229.4737548828125,0.9527372717857361,1,0,-1
334,202,181.57742309570312,533.2158203125,155.5509033203125,227.63916015625,0.9541398882865906,1,0,-1
335,202,174.59019470214844,538.0066528320312,154.9756622314453,226.06585693359375,0.9538872241973877,1,0,-1
336,202,167.09971618652344,541.3162841796875,154.9243621826172,225.28814697265625,0.9500741958618164,1,0,-1
337,202,160.3063507080078,545.1198120117188,156.99900817871094,224.158935546875,0.9559948444366455,1,0,-1
338,202,154.9994354248047,547.9558715820312,157.4160919189453,225.20074462890625,0.9610085487365723,1,0,-1
339,202,149.74949645996094,552.3068237304688,154.32334899902344,223.951416015625,0.7446041107177734,1,0,-1
340,202,143.8977813720703,555.6351928710938,152.95726013183594,224.970947265625,0.946467936038971,1,0,-1
341,202,139.8428192138672,559.6366577148438,151.54005432128906,224.08038330078125,0.9398155212402344,1,0,-1
342,202,135.23104858398438,563.5281372070312,153.31668090820312,220.90118408203125,0.8696085214614868,1,0,-1
343,202,131.72998046875,568.40576171875,153.14825439453125,218.367919921875,0.902471125125885,1,0,-1
344,202,129.6371612548828,571.3047485351562,151.29612731933594,218.3428955078125,0.9273936748504639,1,0,-1
345,202,126.3570556640625,576.1913452148438,149.73977661132812,215.84271240234375,0.9413865208625793,1,0,-1
346,202,122.33170318603516,581.1519165039062,150.17984008789062,213.81256103515625,0.8619922995567322,1,0,-1
347,202,119.16534423828125,585.5380249023438,150.80154418945312,211.97479248046875,0.8876783847808838,1,0,-1
348,202,116.8847885131836,591.0090942382812,150.71035766601562,212.01055908203125,0.8518198728561401,1,0,-1
349,202,115.18772888183594,594.6188354492188,149.5170135498047,209.582275390625,0.941118597984314,1,0,-1
350,202,112.13330841064453,597.3460083007812,148.28543090820312,209.875244140625,0.9459489583969116,1,0,-1
351,202,109.9867172241211,601.02880859375,146.59640502929688,209.1083984375,0.9373675584793091,1,0,-1
352,202,108.13666534423828,605.0872802734375,144.29315185546875,208.15948486328125,0.9378165006637573,1,0,-1
353,202,106.60235595703125,608.555419921875,142.15475463867188,208.0750732421875,0.9429187774658203,1,0,-1
354,202,103.1518325805664,612.5882568359375,142.89877319335938,206.8502197265625,0.8293975591659546,1,0,-1
355,202,99.56450653076172,615.1776123046875,143.25650024414062,204.64300537109375,0.7327860593795776,1,0,-1
357,202,94.74143981933594,619.3367919921875,140.05245971679688,201.57598876953125,0.8261843323707581,1,0,-1
358,202,90.2785873413086,622.7594604492188,139.20217895507812,200.06719970703125,0.8676404356956482,1,0,-1
359,202,86.44033813476562,625.3135986328125,138.24322509765625,204.2236328125,0.6631332635879517,1,0,-1
360,202,82.90724182128906,627.3124389648438,137.3875732421875,201.8612060546875,0.8891466856002808,1,0,-1
361,202,77.6672134399414,631.5115966796875,138.33590698242188,198.4520263671875,0.791196882724762,1,0,-1
362,202,73.53081512451172,635.6421508789062,137.73928833007812,192.95220947265625,0.863835334777832,1,0,-1
363,202,70.48031616210938,637.9650268554688,135.5770721435547,191.87799072265625,0.9248849153518677,1,0,-1
364,202,67.82829284667969,641.5738525390625,133.572265625,189.9222412109375,0.8579413890838623,1,0,-1
365,202,64.95222473144531,643.2763061523438,134.30743408203125,198.82513427734375,0.7985352277755737,1,0,-1
366,202,62.570030212402344,645.2303466796875,134.734130859375,203.134521484375,0.564764142036438,1,0,-1
367,202,60.82672119140625,647.4298706054688,135.18154907226562,192.84893798828125,0.8864023685455322,1,0,-1
379,202,45.745513916015625,689.3279418945312,130.15576171875,229.33349609375,0.5260900855064392,1,0,-1
386,202,31.70206069946289,739.4507446289062,120.78305053710938,186.14385986328125,0.7550973892211914,1,0,-1
387,202,28.908668518066406,746.4495239257812,120.49748992919922,179.19873046875,0.7892945408821106,1,0,-1
391,202,18.884450912475586,769.6492309570312,123.33048248291016,265.57904052734375,0.5840377807617188,1,0,-1
