240,1,873.2440795898438,964.72705078125,116.29278564453125,114.5438232421875,0.6731962561607361,1,0,-1
241,1,873.3495483398438,958.6312255859375,116.2769775390625,120.3309326171875,0.5880791544914246,1,0,-1
243,1,873.7030639648438,952.2550659179688,118.046630859375,126.89324951171875,0.5372582077980042,1,0,-1
244,1,874.0021362304688,947.8161010742188,118.52178955078125,131.33209228515625,0.6018149852752686,1,0,-1
245,1,875.4813842773438,943.7777709960938,116.8701171875,135.41302490234375,0.5716418623924255,1,0,-1
249,1,880.5235595703125,926.0027465820312,115.11865234375,151.84637451171875,0.524082362651825,1,0,-1
253,1,879.4815063476562,912.3214111328125,122.19744873046875,164.5712890625,0.6263954639434814,1,0,-1
254,1,881.5784301757812,908.1823120117188,120.58380126953125,168.60418701171875,0.7618162035942078,1,0,-1
255,1,884.5147094726562,904.6099243164062,118.80560302734375,171.79095458984375,0.8196746110916138,1,0,-1
257,1,889.3128662109375,894.3637084960938,117.01904296875,180.97662353515625,0.5509657859802246,1,0,-1
258,1,891.0794677734375,889.5917358398438,116.39666748046875,185.31097412109375,0.5315362811088562,1,0,-1
