2,918,12.82253360748291,1.642103672027588,961.7603759765625,1023.0859375,0.5396768450737,1,2,-1
4,918,6.976208686828613,2.059926748275757,965.1802978515625,1033.8529052734375,0.5838059782981873,1,2,-1
6,918,5.215909957885742,3.4207987785339355,952.0155029296875,1050.99365234375,0.622290849685669,1,2,-1
7,918,3.7460837364196777,4.104480266571045,956.0238647460938,1044.5841064453125,0.5851075053215027,1,2,-1
8,918,3.207857847213745,3.3910202980041504,948.10302734375,1028.3658447265625,0.6185949444770813,1,2,-1
9,918,2.5567526817321777,4.147131443023682,945.358642578125,1029.4892578125,0.5887809991836548,1,2,-1
10,918,2.6758289337158203,3.6246137619018555,943.6839599609375,1027.2880859375,0.6910585761070251,1,2,-1
11,918,1.344598650932312,3.818061351776123,930.4267578125,1038.1298828125,0.718962550163269,1,2,-1
12,918,1.2370308637619019,3.6806187629699707,935.6427001953125,1028.4296875,0.5074928402900696,1,2,-1
13,918,0.21537815034389496,3.311119556427002,943.7879028320312,1031.88134765625,0.6622833609580994,1,2,-1
14,918,0.0,4.478269577026367,933.8526000976562,1034.0709228515625,0.5295456051826477,1,2,-1
15,918,0.0,3.8012473583221436,935.2295532226562,1046.6683349609375,0.7126639485359192,1,2,-1
16,918,0.0,4.294250011444092,940.9688110351562,1039.4495849609375,0.6917476654052734,1,2,-1
17,918,0.0,2.5884523391723633,944.4879150390625,1046.072265625,0.5762982964515686,1,2,-1
18,918,0.0,4.366586685180664,951.1249389648438,1038.980712890625,0.5925428867340088,1,2,-1
21,918,0.0,3.797067880630493,947.364501953125,1059.6339111328125,0.6969435214996338,1,2,-1
22,918,0.0,4.182994842529297,917.3397216796875,1061.4107666015625,0.7331340312957764,1,2,-1
23,918,0.0,4.693561553955078,915.5984497070312,1062.5631103515625,0.7823557257652283,1,2,-1
24,918,0.0,4.644001007080078,916.8966064453125,1062.802734375,0.5961825251579285,1,2,-1
25,918,0.0,5.459751129150391,920.4840087890625,1056.7493896484375,0.6209008097648621,1,2,-1
26,918,0.0,4.510045528411865,921.540283203125,1062.635498046875,0.5857119560241699,1,2,-1
27,918,0.0,5.197643756866455,950.72998046875,1058.319580078125,0.742615282535553,1,2,-1
28,918,0.0,6.6389899253845215,947.748046875,1061.6085205078125,0.7139780521392822,1,2,-1
29,918,0.0,5.457347869873047,921.7539672851562,1063.6885986328125,0.7740476131439209,1,2,-1
30,918,0.0,7.740902423858643,938.7789306640625,1055.2403564453125,0.7387768030166626,1,2,-1
33,918,0.0,8.40068531036377,956.03955078125,1029.530517578125,0.5815529227256775,1,2,-1
37,918,0.0,10.628633499145508,925.19677734375,1046.9005126953125,0.5073812007904053,1,2,-1
43,918,0.0,9.878320693969727,933.4597778320312,1008.1130981445312,0.5878559947013855,1,2,-1
80,919,0.0,10.193936347961426,860.0125122070312,1014.8838500976562,0.6584933996200562,1,2,-1
106,919,3.0147457122802734,13.348380088806152,1711.273193359375,960.9522094726562,0.5959702730178833,1,2,-1
108,919,7.5272369384765625,14.111220359802246,1774.896240234375,954.4902954101562,0.5466814637184143,1,2,-1
109,919,7.638327598571777,14.703058242797852,1870.699951171875,933.3935546875,0.5248536467552185,1,2,-1
111,919,9.448638916015625,12.821829795837402,1910.5513916015625,931.250732421875,0.6161487102508545,1,2,-1
112,919,8.145814895629883,10.268075942993164,1911.8541259765625,927.508544921875,0.5951467752456665,1,2,-1
113,919,9.950033187866211,8.622675895690918,1866.025390625,958.3223876953125,0.5587618947029114,1,2,-1
114,919,7.556035041809082,10.14578914642334,1899.679931640625,936.4804077148438,0.5160462856292725,1,2,-1
115,919,6.59987211227417,10.593868255615234,1911.516845703125,929.3658447265625,0.6375887989997864,1,2,-1
116,919,5.83847188949585,11.182543754577637,1914.1614990234375,924.265869140625,0.6467352509498596,1,2,-1
117,919,5.235927581787109,10.74718189239502,1914.7640380859375,925.615478515625,0.5272820591926575,1,2,-1
118,919,4.5939130783081055,11.53046989440918,1915.4061279296875,928.0380859375,0.6250383257865906,1,2,-1
119,919,4.03497314453125,13.00571346282959,1915.965087890625,927.3167724609375,0.5649457573890686,1,2,-1
120,919,3.6998729705810547,12.484570503234863,1916.3001708984375,930.7232666015625,0.6660754084587097,1,2,-1
121,919,3.0942184925079346,11.914314270019531,1916.90576171875,939.5204467773438,0.5445054173469543,1,2,-1
122,919,2.742584228515625,13.795096397399902,1917.2574462890625,933.4580688476562,0.5006625056266785,1,2,-1
123,919,2.2557952404022217,12.424723625183105,1916.8145751953125,940.3043823242188,0.5450807809829712,1,2,-1
125,919,1.3967654705047607,13.216925621032715,1914.7244873046875,945.6959838867188,0.6281437277793884,1,2,-1
126,919,0.34915468096733093,14.885608673095703,1911.527099609375,941.0858154296875,0.5100623965263367,1,2,-1
127,919,0.036913007497787476,12.907910346984863,1912.3419189453125,936.19482421875,0.5328341722488403,1,2,-1
128,919,0.0,12.359753608703613,1914.969970703125,933.7799072265625,0.556866466999054,1,2,-1
129,919,0.0,12.141463279724121,1914.5201416015625,946.3397216796875,0.5847766399383545,1,2,-1
130,919,0.0,10.111595153808594,1910.989990234375,959.4915161132812,0.6991953253746033,1,2,-1
131,919,0.0,9.210140228271484,1910.5692138671875,966.0914306640625,0.7643572688102722,1,2,-1
132,919,0.0,12.201083183288574,1911.025146484375,961.4843139648438,0.6270652413368225,1,2,-1
133,919,0.0,13.231551170349121,1912.8956298828125,957.7041625976562,0.554754376411438,1,2,-1
134,919,0.01623230054974556,10.282205581665039,1914.38427734375,964.1941528320312,0.7264209389686584,1,2,-1
135,919,0.016575252637267113,8.22922134399414,1916.4976806640625,980.6856079101562,0.5478917360305786,1,2,-1
137,919,0.0,7.368160724639893,1916.0921630859375,997.5985717773438,0.573190450668335,1,2,-1
138,919,0.5583549737930298,7.954988956451416,1866.9901123046875,1008.9165649414062,0.517437756061554,1,2,-1
139,919,0.0,8.896024703979492,1896.0516357421875,1012.4521484375,0.676386833190918,1,2,-1
140,919,0.27866700291633606,8.412227630615234,1850.68994140625,1027.2677001953125,0.7290688753128052,1,2,-1
144,919,0.0,16.155000686645508,1813.5247802734375,1013.638427734375,0.7398103475570679,1,2,-1
145,919,0.0,18.279277801513672,1798.67822265625,1016.0201416015625,0.7502109408378601,1,2,-1
146,919,0.0,16.45787239074707,1869.853759765625,1024.935791015625,0.7412354946136475,1,2,-1
147,919,0.0,15.508505821228027,1896.6690673828125,1037.0311279296875,0.6181356906890869,1,2,-1
148,919,0.0,13.943711280822754,1905.74755859375,1031.7960205078125,0.7844772338867188,1,2,-1
149,919,0.0,12.965814590454102,1910.8011474609375,1033.0380859375,0.6049232482910156,1,2,-1
150,919,0.0,13.07444953918457,1825.9173583984375,1026.7510986328125,0.742056667804718,1,2,-1
151,919,0.0,11.666529655456543,1235.183349609375,1044.062744140625,0.523908257484436,1,2,-1
152,919,0.0,13.813465118408203,1008.2384643554688,1037.1993408203125,0.5710197687149048,1,2,-1
153,919,0.0,17.635414123535156,944.6554565429688,1031.92578125,0.5556485652923584,1,2,-1
153,920,1731.517822265625,206.72665405273438,188.482177734375,818.922119140625,0.5401470065116882,1,0,-1
154,919,0.0,16.621633529663086,1648.1229248046875,1029.2098388671875,0.6274123787879944,1,2,-1
154,920,1738.0931396484375,208.3683319091797,181.9068603515625,818.6806030273438,0.5797092318534851,1,0,-1
155,919,0.0,17.14769744873047,1838.1641845703125,1034.769287109375,0.6202512383460999,1,2,-1
155,920,1733.9322509765625,198.95333862304688,186.0677490234375,821.1937255859375,0.5038403868675232,1,0,-1
156,920,1736.826904296875,189.1764373779297,183.173095703125,828.1699829101562,0.5061859488487244,1,0,-1
157,920,1740.371337890625,198.157958984375,179.628662109375,821.9688720703125,0.5119675993919373,1,0,-1
