200,547,787.8444213867188,15.113251686096191,292.69732666015625,1061.24560546875,0.5331321954727173,1,0,-1
202,547,785.13916015625,12.547805786132812,305.2579345703125,1065.7099609375,0.6355698704719543,1,0,-1
203,547,786.9763793945312,11.555109024047852,307.79779052734375,1066.875732421875,0.678389310836792,1,0,-1
204,547,788.6212158203125,11.924044609069824,314.632568359375,1067.7530517578125,0.6822806596755981,1,0,-1
205,547,788.2920532226562,17.234451293945312,318.52386474609375,1062.571044921875,0.6069509387016296,1,0,-1
206,547,783.0986938476562,19.861358642578125,328.25006103515625,1058.2281494140625,0.590361475944519,1,0,-1
207,547,784.014892578125,19.572805404663086,332.4984130859375,1055.3563232421875,0.6470030546188354,1,0,-1
208,547,783.9473876953125,17.48176383972168,341.2574462890625,1059.516357421875,0.6144819855690002,1,0,-1
209,547,784.3876342773438,15.02148723602295,351.44622802734375,1061.029296875,0.6677372455596924,1,0,-1
210,547,783.0010375976562,11.017550468444824,354.73187255859375,1062.093505859375,0.6985267996788025,1,0,-1
211,547,778.7081298828125,11.9898681640625,361.6395263671875,1061.0333251953125,0.6364838480949402,1,0,-1
212,547,774.1442260742188,11.997232437133789,366.01617431640625,1060.9586181640625,0.6056145429611206,1,0,-1
213,547,774.23828125,7.994166374206543,367.8067626953125,1059.4713134765625,0.7175619602203369,1,0,-1
214,547,771.2108764648438,6.59033727645874,366.21002197265625,1063.171630859375,0.7086457014083862,1,0,-1
215,547,768.470703125,5.77576208114624,368.6741943359375,1067.31591796875,0.7211228013038635,1,0,-1
216,547,761.5387573242188,7.950081825256348,374.77764892578125,1067.141845703125,0.6642161011695862,1,0,-1
217,547,755.3225708007812,54.468963623046875,380.30303955078125,1019.2781982421875,0.627578854560852,1,0,-1
218,547,748.0453491210938,43.420616149902344,382.12506103515625,1032.986083984375,0.7229442596435547,1,0,-1
219,547,739.0733032226562,49.54384231567383,382.20147705078125,1028.1556396484375,0.6954354047775269,1,0,-1
220,547,730.859375,35.00833511352539,392.178466796875,1042.67919921875,0.6991006731987,1,0,-1
221,547,722.3873901367188,26.303756713867188,400.70208740234375,1050.810791015625,0.6403252482414246,1,0,-1
222,547,712.53125,29.352277755737305,411.141357421875,1048.974853515625,0.6497625112533569,1,0,-1
223,547,698.47412109375,42.828453063964844,423.343017578125,1036.0511474609375,0.5986965298652649,1,0,-1
224,547,687.8492431640625,46.34928894042969,432.2293701171875,1033.6273193359375,0.5092275142669678,1,0,-1
225,547,679.273193359375,32.25395584106445,435.29931640625,1047.012451171875,0.5690501928329468,1,0,-1
226,547,670.8480224609375,26.21222496032715,438.015380859375,1053.4552001953125,0.6374320983886719,1,0,-1
