203,516,933.1986083984375,52.23115921020508,138.4229736328125,155.9580841064453,0.8835569620132446,1,6,-1
204,516,935.8859252929688,49.843414306640625,138.02691650390625,155.93861389160156,0.9191201329231262,1,6,-1
205,516,939.7973022460938,47.59830856323242,136.75506591796875,156.03936767578125,0.7789540886878967,1,6,-1
206,516,942.1224365234375,44.76590347290039,137.5703125,157.3596954345703,0.9055355787277222,1,6,-1
207,516,946.1369018554688,40.143516540527344,136.35162353515625,158.7857666015625,0.5393185615539551,1,6,-1
208,516,946.9663696289062,37.755699157714844,139.64678955078125,159.3380126953125,0.9082283973693848,1,6,-1
209,516,949.796142578125,34.25465393066406,139.097412109375,160.08358764648438,0.8715482950210571,1,6,-1
210,516,951.1923217773438,30.95608901977539,140.74615478515625,160.65081787109375,0.8381178379058838,1,6,-1
211,516,953.0940551757812,27.793317794799805,141.01409912109375,161.67242431640625,0.9237341284751892,1,6,-1
212,516,953.1773681640625,24.496334075927734,142.4346923828125,162.0303497314453,0.9301559925079346,1,6,-1
213,516,953.6558837890625,21.309297561645508,144.143310546875,162.6239013671875,0.7935587763786316,1,6,-1
214,516,953.7765502929688,17.320045471191406,144.86871337890625,163.64266967773438,0.8265621066093445,1,6,-1
215,516,954.208984375,13.779716491699219,146.114501953125,165.33770751953125,0.9146250486373901,1,6,-1
216,516,953.8832397460938,7.4231061935424805,147.65167236328125,168.1409912109375,0.9391623139381409,1,6,-1
217,516,954.1912841796875,3.9395298957824707,148.39501953125,168.95205688476562,0.949589192867279,1,6,-1
218,516,954.5516357421875,1.7077879905700684,148.8580322265625,167.80657958984375,0.9641023278236389,1,6,-1
219,516,954.8529052734375,0.5372711420059204,150.1854248046875,166.8946990966797,0.9658542275428772,1,6,-1
220,516,954.95068359375,1.281148910522461,150.613037109375,162.58668518066406,0.9610716104507446,1,6,-1
221,516,954.9043579101562,1.2889151573181152,151.15289306640625,159.2700653076172,0.9618160724639893,1,6,-1
222,516,954.3115234375,1.2956496477127075,151.8470458984375,156.78985595703125,0.9639095664024353,1,6,-1
223,516,953.5021362304688,1.471096158027649,152.91546630859375,153.9856719970703,0.9591847658157349,1,6,-1
224,516,951.4353637695312,1.650455117225647,153.98016357421875,149.67868041992188,0.8983761668205261,1,6,-1
225,516,949.9169311523438,1.9865199327468872,154.39166259765625,146.15696716308594,0.9289296269416809,1,6,-1
226,516,947.3967895507812,1.1902416944503784,154.98419189453125,143.48655700683594,0.954020619392395,1,6,-1
