94,349,162.7897491455078,281.28436279296875,79.11306762695312,144.68609619140625,0.7175695896148682,1,17,-1
95,349,157.80755615234375,290.23736572265625,72.52444458007812,147.52175903320312,0.7683825492858887,1,17,-1
96,349,155.70950317382812,292.2185974121094,72.38223266601562,147.55691528320312,0.5527471303939819,1,17,-1
97,349,141.44586181640625,282.9746398925781,74.62286376953125,153.94918823242188,0.7410186529159546,1,17,-1
98,349,133.69215393066406,281.5461120605469,75.24156188964844,153.12490844726562,0.7743576765060425,1,17,-1
99,349,124.63351440429688,283.75439453125,83.00338745117188,157.10650634765625,0.7604727745056152,1,17,-1
100,349,122.54442596435547,286.0115966796875,84.8619613647461,156.69647216796875,0.7329589128494263,1,17,-1
101,349,127.99483489990234,291.17041015625,81.67244720458984,152.77658081054688,0.700417160987854,1,17,-1
103,349,128.9419708251953,299.7712707519531,72.596435546875,145.83111572265625,0.6896322965621948,1,17,-1
105,349,125.21391296386719,307.5565490722656,77.88871765136719,138.82913208007812,0.5869707465171814,1,17,-1
107,349,89.76255798339844,310.7840270996094,88.07412719726562,132.80645751953125,0.8727023005485535,1,17,-1
108,349,71.5624771118164,308.5557861328125,90.98006439208984,135.26998901367188,0.7067329287528992,1,17,-1
109,349,63.65177536010742,310.60247802734375,91.03480529785156,135.43695068359375,0.7183550000190735,1,17,-1
110,349,66.1767349243164,309.51214599609375,80.98921966552734,135.7716064453125,0.5221300721168518,1,17,-1
111,349,67.54522705078125,308.38787841796875,80.11408996582031,136.39230346679688,0.6563286185264587,1,17,-1
114,349,54.99492263793945,294.1092834472656,86.09065246582031,147.25241088867188,0.6860874891281128,1,17,-1
115,349,54.3062858581543,293.4599304199219,85.117919921875,146.01034545898438,0.8667192459106445,1,17,-1
116,349,54.231990814208984,294.2037353515625,84.35757446289062,142.86245727539062,0.8752044439315796,1,17,-1
117,349,44.997344970703125,294.0837097167969,97.99732971191406,142.50796508789062,0.7893405556678772,1,17,-1
118,349,49.337013244628906,297.7378845214844,100.6086654663086,138.76260375976562,0.8294161558151245,1,17,-1
119,349,45.2000846862793,291.88836669921875,112.80317687988281,139.84365844726562,0.8411375880241394,1,17,-1
120,349,40.46135330200195,290.08099365234375,120.91035461425781,140.21511840820312,0.8520439863204956,1,17,-1
121,349,49.529075622558594,285.4691162109375,116.1533432006836,144.8819580078125,0.7011855840682983,1,17,-1
122,349,51.214439392089844,287.3328552246094,118.30524444580078,140.68353271484375,0.8035775423049927,1,17,-1
123,349,52.413169860839844,284.3892517089844,114.93964385986328,142.50714111328125,0.7193816900253296,1,17,-1
124,349,52.08684539794922,282.80853271484375,101.94176483154297,142.32980346679688,0.8269848823547363,1,17,-1
125,349,64.28691864013672,269.8016052246094,84.24651336669922,154.1361083984375,0.554492175579071,1,17,-1
126,349,69.39093017578125,272.17279052734375,87.45330810546875,163.89035034179688,0.6269578337669373,1,17,-1
127,349,71.97728729248047,272.4720458984375,87.96646881103516,168.18240356445312,0.6898021101951599,1,17,-1
128,349,75.09368133544922,269.1980895996094,88.03035736083984,165.94482421875,0.743564784526825,1,17,-1
129,349,74.82299041748047,266.7642822265625,89.10895538330078,154.48684692382812,0.5282639265060425,1,17,-1
130,349,77.66814422607422,225.00828552246094,87.4331283569336,208.38658142089844,0.6368585824966431,1,17,-1
131,349,75.15519714355469,229.44729614257812,91.64590454101562,206.04806518554688,0.7124504446983337,1,17,-1
132,349,74.97463989257812,214.3676300048828,92.42274475097656,203.9811248779297,0.7944077253341675,1,17,-1
133,349,61.84026336669922,205.35357666015625,123.63973236083984,222.53250122070312,0.7963459491729736,1,17,-1
134,349,53.90195846557617,200.6587371826172,125.47804260253906,229.4526824951172,0.8000807166099548,1,17,-1
135,349,48.63373947143555,213.0922088623047,123.41461181640625,215.6382293701172,0.7974469661712646,1,17,-1
136,349,52.29095458984375,208.2831268310547,114.877685546875,214.28395080566406,0.6943360567092896,1,17,-1
137,349,56.03151321411133,209.23590087890625,109.26283264160156,210.3983154296875,0.5209706425666809,1,17,-1
138,349,67.06922912597656,207.600341796875,97.62748718261719,210.68264770507812,0.5801592469215393,1,17,-1
140,349,60.406982421875,205.82379150390625,95.8848876953125,210.33779907226562,0.6728252172470093,1,17,-1
141,349,56.99260711669922,203.79408264160156,88.01314544677734,210.09654235839844,0.5522164106369019,1,17,-1
142,349,52.24114990234375,202.6679229736328,88.8114013671875,211.01234436035156,0.5924381613731384,1,17,-1
143,349,41.44463348388672,201.01119995117188,122.89884185791016,212.23019409179688,0.6055760383605957,1,17,-1
147,349,42.398033142089844,233.37037658691406,95.65044403076172,177.3531951904297,0.7304022312164307,1,17,-1
148,349,41.23306655883789,239.23194885253906,91.64724731445312,169.3652801513672,0.6889135241508484,1,17,-1
149,349,32.29585266113281,246.97483825683594,98.90901184082031,160.5387725830078,0.7692522406578064,1,17,-1
150,349,33.09274673461914,214.78965759277344,103.43043518066406,183.6523895263672,0.5187104344367981,1,17,-1
151,349,29.704608917236328,214.52090454101562,107.59475708007812,178.93771362304688,0.5319671630859375,1,17,-1
153,349,6.91542387008667,166.3693389892578,128.5902862548828,224.5612335205078,0.5498162508010864,1,17,-1
170,355,0.7971454858779907,213.14756774902344,92.48066711425781,145.2987823486328,0.6111580729484558,1,17,-1
171,355,0.47877731919288635,218.06715393066406,91.04608917236328,136.88893127441406,0.6552550792694092,1,17,-1
172,355,0.0,219.38580322265625,87.73313903808594,125.6614990234375,0.6908583641052246,1,7,-1
173,355,0.0,227.81565856933594,90.54016876220703,112.99360656738281,0.7133569121360779,1,7,-1
174,355,0.04724147543311119,225.40650939941406,92.2872085571289,124.63581848144531,0.5187204480171204,1,7,-1
175,355,0.0,223.48355102539062,91.37165832519531,130.77529907226562,0.5130733251571655,1,7,-1
175,357,490.6596374511719,1.023826003074646,34.064727783203125,49.44171142578125,0.6763118505477905,1,6,-1
176,355,0.0,197.92930603027344,84.52056121826172,158.2107391357422,0.5709876418113708,1,17,-1
178,357,491.167724609375,0.8892387747764587,52.67181396484375,56.213233947753906,0.686329185962677,1,6,-1
179,357,482.89630126953125,0.30918195843696594,65.43658447265625,51.40599822998047,0.8235698938369751,1,6,-1
182,355,0.22755542397499084,178.591552734375,75.98222351074219,176.06106567382812,0.8137625455856323,1,17,-1
184,355,0.4374519884586334,174.7756805419922,69.74736022949219,176.82142639160156,0.5008718967437744,1,17,-1
187,355,0.671829342842102,179.11119079589844,64.22222900390625,170.3861846923828,0.575610339641571,1,17,-1
189,355,0.0,177.54815673828125,58.33890914916992,157.72640991210938,0.7761641144752502,1,17,-1
190,355,0.2659105360507965,174.38345336914062,57.12310791015625,163.25018310546875,0.7967514991760254,1,17,-1
191,355,0.0,183.9013214111328,58.992889404296875,146.93104553222656,0.7827257513999939,1,17,-1
192,355,0.0,187.1439208984375,65.56787872314453,130.7652587890625,0.6512636542320251,1,17,-1
193,355,0.0,187.71702575683594,61.85821533203125,126.03022766113281,0.6179609894752502,1,17,-1
194,355,0.0,178.1233367919922,55.53375244140625,133.37355041503906,0.8084913492202759,1,17,-1
197,355,0.0,183.5609893798828,52.96228790283203,134.86131286621094,0.6256411671638489,1,17,-1
