5,1,1892.86,462.28,27.1400000000001,75.77999999999997,1,0,-1
6,1,1865.68,458.2,54.319999999999936,84.00000000000006,1,0,-1
7,1,1838.5,460.7,73.79999999999995,81.19999999999999,1,0,-1
8,1,1812.84,462.71,72.46000000000004,80.39000000000004,1,0,-1
9,1,1787.18,464.71,71.11999999999989,79.58999999999997,1,0,-1
10,1,1761.52,466.72,69.77999999999997,78.77999999999997,1,0,-1
11,1,1735.85,468.73,68.45000000000005,77.97000000000003,1,0,-1
12,1,1710.19,470.74,67.1099999999999,77.15999999999997,1,0,-1
13,1,1684.53,472.74,65.76999999999998,76.36000000000001,1,0,-1
14,1,1658.87,474.75,64.43000000000006,75.54999999999995,1,0,-1
15,1,1634.24,477.44,63.22000000000003,74.98999999999995,1,0,-1
16,1,1609.61,480.13,62.02000000000021,74.42999999999995,1,0,-1
17,1,1586.1,482.83,60.81000000000017,73.86000000000007,1,0,-1
18,1,1562.58,485.52,59.61000000000013,73.28999999999996,1,0,-1
19,1,1539.07,488.21,58.40000000000009,72.73000000000008,1,0,-1
20,1,1515.55,490.91,57.200000000000045,72.16000000000003,1,0,-1
21,1,1492.04,493.6,55.99000000000001,71.60000000000002,1,0,-1
22,1,1470.28,496.63,54.77999999999997,70.83000000000004,1,0,-1
23,1,1448.52,499.66,53.57999999999993,70.05000000000001,1,0,-1
24,1,1426.76,502.7,52.38000000000011,69.27000000000004,1,0,-1
25,1,1405.0,505.73,51.17000000000007,68.49000000000001,1,0,-1
26,1,1383.24,508.76,49.97000000000003,67.72000000000003,1,0,-1
27,1,1362.82,511.59,48.75999999999999,67.07,1,0,-1
28,1,1342.4,514.43,47.549999999999955,66.41000000000008,1,0,-1
29,1,1321.98,517.26,46.34999999999991,65.75999999999999,1,0,-1
30,1,1301.55,520.1,45.15000000000009,65.10000000000002,1,0,-1
31,1,1281.53,522.52,44.98000000000002,64.75,1,0,-1
32,1,1261.5,524.94,44.819999999999936,64.39999999999998,1,0,-1
33,1,1242.54,527.36,44.65000000000009,64.04999999999995,1,0,-1
34,1,1223.57,529.78,44.49000000000001,63.700000000000045,1,0,-1
35,1,1204.61,532.2,44.320000000000164,63.34999999999991,1,0,-1
36,1,1185.65,534.62,44.159999999999854,63.0,1,0,-1
37,1,1166.69,537.04,43.99000000000001,62.65000000000009,1,0,-1
38,1,1147.72,539.46,43.82999999999993,62.299999999999955,1,0,-1
39,1,1128.76,541.88,43.67000000000007,61.950000000000045,1,0,-1
40,1,1109.8,544.3,43.5,61.60000000000002,1,0,-1
41,1,1092.14,545.56,43.44999999999982,61.60000000000002,1,0,-1
42,1,1074.47,546.82,43.42000000000007,61.59999999999991,1,0,-1
43,1,1056.81,548.07,43.37000000000012,61.59999999999991,1,0,-1
44,1,1039.14,549.33,43.33999999999992,61.59999999999991,1,0,-1
45,1,1021.48,550.59,43.289999999999964,61.60000000000002,1,0,-1
46,1,1003.81,551.85,43.25999999999999,61.60000000000002,1,0,-1
47,1,986.15,553.11,43.20999999999992,61.60000000000002,1,0,-1
48,1,968.49,554.36,43.16999999999996,61.60000000000002,1,0,-1
49,1,950.82,555.62,43.129999999999995,61.60000000000002,1,0,-1
50,1,933.16,556.88,43.09000000000003,61.60000000000002,1,0,-1
51,1,915.49,558.14,43.049999999999955,61.60000000000002,1,0,-1
52,1,897.83,559.39,43.00999999999999,61.60000000000002,1,0,-1
53,1,880.16,560.65,42.97000000000003,61.60000000000002,1,0,-1
54,1,862.5,561.91,42.92999999999995,61.60000000000002,1,0,-1
55,1,844.84,563.17,42.879999999999995,61.60000000000002,1,0,-1
56,1,827.17,564.43,42.85000000000002,61.60000000000002,1,0,-1
57,1,809.51,565.68,42.799999999999955,61.60000000000002,1,0,-1
58,1,791.84,566.94,42.76999999999998,61.59999999999991,1,0,-1
59,1,774.18,568.2,42.72000000000003,61.59999999999991,1,0,-1
60,1,773.0,567.48,44.299999999999955,63.41999999999996,1,0,-1
61,1,739.36,570.69,45.35000000000002,62.819999999999936,1,0,-1
62,1,719.28,571.69,46.41000000000008,62.20999999999992,1,0,-1
63,1,717.95,572.68,47.45999999999992,61.60000000000002,1,0,-1
64,1,682.38,574.55,47.629999999999995,61.610000000000014,1,0,-1
65,1,664.57,575.77,47.799999999999955,61.60000000000002,1,0,-1
66,1,646.76,576.98,47.98000000000002,61.610000000000014,1,0,-1
67,1,628.95,578.2,48.14999999999998,61.59999999999991,1,0,-1
68,1,608.87,578.41,48.960000000000036,62.05000000000007,1,0,-1
69,1,588.79,578.62,49.76999999999998,62.5,1,0,-1
70,1,568.71,578.83,50.57999999999993,62.94999999999993,1,0,-1
71,1,548.63,579.04,51.389999999999986,63.41000000000008,1,0,-1
72,1,528.55,579.25,52.200000000000045,63.860000000000014,1,0,-1
73,1,508.47,579.46,53.00999999999999,64.30999999999995,1,0,-1
74,1,488.38,579.67,53.84000000000003,64.75999999999999,1,0,-1
75,1,468.3,579.88,54.650000000000034,65.21000000000004,1,0,-1
76,1,448.22,580.09,55.45999999999998,65.65999999999997,1,0,-1
77,1,428.14,580.3,56.27000000000004,66.12,1,0,-1
78,1,408.06,580.51,57.079999999999984,66.57000000000005,1,0,-1
79,1,387.98,580.72,57.889999999999986,67.01999999999998,1,0,-1
80,1,367.9,580.93,58.700000000000045,67.47000000000003,1,0,-1
81,1,346.18,580.42,60.14999999999998,68.19000000000005,1,0,-1
82,1,324.47,579.91,61.599999999999966,68.92000000000007,1,0,-1
83,1,302.75,579.4,63.05000000000001,69.63999999999999,1,0,-1
84,1,278.93,579.31,64.5,70.37,1,0,-1
85,1,255.11,579.23,65.94999999999999,71.07999999999993,1,0,-1
86,1,231.29,579.14,67.4,71.81000000000006,1,0,-1
87,1,207.47,579.05,68.85,72.53000000000009,1,0,-1
88,1,183.65,578.96,70.29999999999998,73.25999999999999,1,0,-1
89,1,159.83,578.87,71.75,73.98000000000002,1,0,-1
90,1,136.01,578.78,73.20000000000002,74.70000000000005,1,0,-1
91,1,132.27,578.56,74.64999999999998,75.43000000000006,1,0,-1
92,1,81.26,580.03,76.10000000000001,76.14999999999998,1,0,-1
93,1,79.77,579.72,77.55,76.88,1,0,-1
94,1,27.0,580.3,79.0,77.60000000000002,1,0,-1
95,1,0.0,581.46,78.17,76.53999999999996,1,0,-1
96,1,0.23,582.61,50.1,74.84000000000003,1,0,-1
97,1,0.46,583.77,22.04,73.13,1,0,-1
