178,730,238.4605255126953,0.8689630031585693,124.40779113769531,88.25224304199219,0.9432399272918701,1,0,-1
179,730,241.018798828125,1.1603869199752808,125.00204467773438,90.7948989868164,0.9560546278953552,1,0,-1
180,730,243.3466033935547,1.2258809804916382,125.50971984863281,93.14459228515625,0.9617747664451599,1,0,-1
181,730,243.2309112548828,0.5877208709716797,127.06474304199219,99.58361053466797,0.9582914113998413,1,0,-1
182,730,243.6079559326172,0.8483486175537109,129.1280059814453,107.48833465576172,0.9604257345199585,1,0,-1
183,730,242.88284301757812,0.733391523361206,130.031005859375,112.58040618896484,0.9644280672073364,1,0,-1
184,730,243.49102783203125,1.1212819814682007,129.41403198242188,119.02046966552734,0.9722919464111328,1,0,-1
185,730,243.87310791015625,0.9167611598968506,129.43798828125,125.04084777832031,0.9720749258995056,1,0,-1
186,730,245.18783569335938,1.4021661281585693,130.22610473632812,131.1088104248047,0.9733380675315857,1,0,-1
187,730,246.88851928710938,1.0674575567245483,130.499755859375,137.8561248779297,0.9755046367645264,1,0,-1
188,730,248.52166748046875,1.3121975660324097,131.501220703125,143.19741821289062,0.9788588285446167,1,0,-1
189,730,250.65248107910156,1.0765398740768433,131.89735412597656,149.74110412597656,0.9247083067893982,1,0,-1
190,730,253.94363403320312,0.8106333017349243,130.96798706054688,158.09854125976562,0.9725436568260193,1,0,-1
191,730,257.1866149902344,0.7508734464645386,130.015380859375,165.09979248046875,0.9688498377799988,1,0,-1
192,730,261.1730041503906,1.0243104696273804,129.22027587890625,172.48406982421875,0.9846264719963074,1,0,-1
193,730,265.6163635253906,0.8365399837493896,128.45565795898438,179.31556701660156,0.9868476986885071,1,0,-1
194,730,270.0000915527344,0.8196598887443542,128.2900390625,186.07806396484375,0.98612380027771,1,0,-1
195,730,274.64739990234375,0.6648670434951782,128.22079467773438,189.88246154785156,0.9861004948616028,1,0,-1
196,730,280.2471618652344,0.4644049406051636,126.7845458984375,194.53033447265625,0.9862183928489685,1,0,-1
197,730,285.1550598144531,0.22276341915130615,125.9031982421875,199.4369354248047,0.9878414273262024,1,0,-1
198,730,289.3074035644531,0.0241665281355381,126.41046142578125,206.86737060546875,0.987413763999939,1,0,-1
199,730,293.3515930175781,0.0,126.07052612304688,210.83389282226562,0.9858598113059998,1,0,-1
200,730,298.01580810546875,1.5034551620483398,125.87530517578125,211.95184326171875,0.9853755235671997,1,0,-1
201,730,302.5863342285156,5.39194393157959,125.8697509765625,211.07769775390625,0.982852041721344,1,0,-1
202,730,307.1689758300781,8.597883224487305,124.92184448242188,211.25575256347656,0.9838604927062988,1,0,-1
203,730,311.1954650878906,11.93774700164795,125.04144287109375,210.4494171142578,0.9712278842926025,1,0,-1
204,730,316.3123474121094,14.341404914855957,124.34814453125,212.5035400390625,0.987179696559906,1,0,-1
205,730,321.31146240234375,17.20696258544922,124.0277099609375,212.64669799804688,0.9871461391448975,1,0,-1
206,730,326.8478698730469,19.344886779785156,123.64874267578125,212.91903686523438,0.9860996603965759,1,0,-1
207,730,332.2080078125,21.353933334350586,123.36849975585938,212.59762573242188,0.9884231686592102,1,0,-1
208,730,336.9784240722656,23.03757095336914,124.623779296875,212.8217315673828,0.9893731474876404,1,0,-1
209,730,342.40478515625,24.531768798828125,124.52438354492188,212.68194580078125,0.9877415895462036,1,0,-1
210,730,348.4123840332031,25.774484634399414,124.0557861328125,211.2360076904297,0.9873139262199402,1,0,-1
211,730,354.38153076171875,27.80319595336914,123.90924072265625,209.79251098632812,0.9861774444580078,1,0,-1
212,730,360.0860290527344,30.174264907836914,123.73876953125,210.3397674560547,0.9891413450241089,1,0,-1
213,730,366.8953552246094,31.711637496948242,122.92398071289062,212.46893310546875,0.9889100193977356,1,0,-1
214,730,373.67315673828125,33.10702896118164,122.93829345703125,211.33802795410156,0.9868801832199097,1,0,-1
215,730,380.46881103515625,34.62799835205078,122.50039672851562,210.82177734375,0.989257276058197,1,0,-1
216,730,386.2115783691406,35.8591194152832,123.47341918945312,211.22479248046875,0.9888152480125427,1,0,-1
217,730,392.6235046386719,36.910240173339844,123.68643188476562,212.7998046875,0.9872532486915588,1,0,-1
218,730,399.5889892578125,38.601654052734375,123.78924560546875,212.98565673828125,0.9845173954963684,1,0,-1
219,730,406.0335693359375,40.729278564453125,123.62481689453125,212.17709350585938,0.9878831505775452,1,0,-1
220,730,413.2264709472656,42.909488677978516,122.85421752929688,213.9224853515625,0.9885033965110779,1,0,-1
221,730,420.98626708984375,44.777252197265625,122.3695068359375,213.12930297851562,0.9872164130210876,1,0,-1
222,730,428.2472839355469,46.72229766845703,122.36856079101562,213.00521850585938,0.9891322255134583,1,0,-1
223,730,434.6366271972656,48.944129943847656,123.19833374023438,214.82681274414062,0.9881021976470947,1,0,-1
224,730,441.17034912109375,50.62071990966797,123.82391357421875,216.47613525390625,0.9863428473472595,1,0,-1
225,730,448.124755859375,53.23507308959961,124.3017578125,215.53448486328125,0.983384370803833,1,0,-1
226,730,455.1108093261719,55.976016998291016,123.25027465820312,213.60012817382812,0.9863618612289429,1,0,-1
227,730,462.90625,57.8023681640625,122.9468994140625,216.2225341796875,0.9130855202674866,1,0,-1
228,730,471.0320129394531,59.74899673461914,122.73330688476562,216.88510131835938,0.9824721813201904,1,0,-1
229,730,477.94439697265625,61.48381423950195,122.90911865234375,216.81724548339844,0.987547755241394,1,0,-1
230,730,484.6109619140625,62.63907241821289,123.43475341796875,219.56231689453125,0.9877957105636597,1,0,-1
231,730,493.1654357910156,64.70513153076172,123.74050903320312,217.48593139648438,0.9841503500938416,1,0,-1
232,730,500.43951416015625,67.44261169433594,123.95452880859375,216.52491760253906,0.9887374639511108,1,0,-1
233,730,509.23345947265625,69.54895782470703,122.4345703125,218.0689697265625,0.9895776510238647,1,0,-1
234,730,517.9849853515625,71.29874420166016,121.88458251953125,218.42092895507812,0.988338053226471,1,0,-1
235,730,526.2120361328125,72.91346740722656,121.43988037109375,217.94264221191406,0.9898747205734253,1,0,-1
236,730,534.36572265625,73.78299713134766,121.75885009765625,219.42242431640625,0.9889813661575317,1,0,-1
238,730,550.074462890625,76.69363403320312,122.2763671875,220.11761474609375,0.9896743893623352,1,0,-1
239,730,558.0588989257812,78.73845672607422,121.5078125,220.14166259765625,0.990265429019928,1,0,-1
240,730,566.53076171875,80.27068328857422,121.20526123046875,220.19940185546875,0.9890234470367432,1,0,-1
241,730,574.41796875,81.17894744873047,121.01336669921875,221.21170043945312,0.989006519317627,1,0,-1
242,730,581.875,82.30887603759766,121.99810791015625,222.83367919921875,0.9876390695571899,1,0,-1
243,730,589.2958374023438,83.804443359375,122.6590576171875,223.06988525390625,0.9858742952346802,1,0,-1
244,730,596.7238159179688,85.09241485595703,122.9842529296875,224.45535278320312,0.986573338508606,1,0,-1
245,730,604.3207397460938,86.43978118896484,122.80816650390625,225.06756591796875,0.987707793712616,1,0,-1
246,730,611.655029296875,87.79450988769531,123.75518798828125,226.12144470214844,0.9864756464958191,1,0,-1
247,730,619.6581420898438,88.54534149169922,126.7821044921875,227.07772827148438,0.9832731485366821,1,0,-1
248,730,626.3953247070312,89.15621948242188,129.50543212890625,228.02517700195312,0.984596312046051,1,0,-1
249,730,633.3251953125,89.86573791503906,128.0242919921875,229.94972229003906,0.9813372492790222,1,0,-1
250,730,640.3453979492188,90.21308135986328,126.88812255859375,231.01702880859375,0.9736394882202148,1,0,-1
251,730,646.89697265625,91.5853271484375,125.696044921875,230.30319213867188,0.9595608711242676,1,0,-1
252,730,654.2280883789062,92.24207305908203,124.7711181640625,233.1484375,0.9768546223640442,1,0,-1
253,730,661.5219116210938,93.36447143554688,125.1502685546875,234.27328491210938,0.9843013882637024,1,0,-1
254,730,668.96484375,94.11507415771484,124.548828125,235.826416015625,0.9872456789016724,1,0,-1
255,730,675.839111328125,92.10482788085938,124.97021484375,240.68356323242188,0.9843358993530273,1,0,-1
256,730,682.8185424804688,92.58684539794922,125.12554931640625,242.79193115234375,0.9809513092041016,1,0,-1
257,730,688.975341796875,95.37265014648438,126.4891357421875,241.30548095703125,0.984353244304657,1,0,-1
258,730,696.0005493164062,97.25899505615234,126.55059814453125,241.08029174804688,0.9878857135772705,1,0,-1
259,730,704.06591796875,101.69182586669922,124.7467041015625,241.05093383789062,0.987514853477478,1,0,-1
260,730,710.8521118164062,105.20569610595703,124.834716796875,239.85037231445312,0.9870172142982483,1,0,-1
261,730,717.004150390625,108.55713653564453,125.47027587890625,238.6556396484375,0.9896341562271118,1,0,-1
262,730,722.7406005859375,111.13812255859375,126.52459716796875,239.30502319335938,0.9876013398170471,1,0,-1
263,730,729.0039672851562,114.24266052246094,127.685791015625,238.95887756347656,0.9896798729896545,1,0,-1
264,730,736.476318359375,116.59085083007812,127.414794921875,239.684326171875,0.9862144589424133,1,0,-1
265,730,743.1779174804688,119.39022064208984,127.20892333984375,239.81527709960938,0.9891732931137085,1,0,-1
266,730,748.8466186523438,121.57671356201172,127.66485595703125,240.85781860351562,0.9893845915794373,1,0,-1
267,730,756.9392700195312,124.37976837158203,126.479736328125,241.11981201171875,0.988158643245697,1,0,-1
268,730,765.4774169921875,127.50130462646484,124.6009521484375,240.6483154296875,0.9885801672935486,1,0,-1
269,730,771.849609375,129.7914581298828,125.48883056640625,241.3784942626953,0.9860348701477051,1,0,-1
270,730,777.4864501953125,132.2080078125,126.91998291015625,241.49200439453125,0.971782922744751,1,0,-1
271,730,783.8283081054688,134.3192596435547,127.129150390625,241.95729064941406,0.9616642594337463,1,0,-1
272,730,790.1511840820312,135.7196807861328,128.085693359375,244.39576721191406,0.9892347455024719,1,0,-1
273,730,797.7645874023438,139.0814666748047,126.96783447265625,244.0065460205078,0.9880865812301636,1,0,-1
274,730,804.9757080078125,141.87399291992188,127.06231689453125,244.9273681640625,0.9879899621009827,1,0,-1
275,730,812.6897583007812,144.91119384765625,126.00018310546875,245.13833618164062,0.9900287985801697,1,0,-1
276,730,818.316162109375,147.26719665527344,128.3138427734375,246.63633728027344,0.9887967109680176,1,0,-1
277,730,824.53759765625,150.93682861328125,130.46319580078125,246.6466064453125,0.9905731081962585,1,0,-1
278,730,830.8416137695312,153.58016967773438,130.46966552734375,247.08523559570312,0.9877605438232422,1,0,-1
279,730,838.1475219726562,156.8236083984375,129.75567626953125,247.86654663085938,0.9906753301620483,1,0,-1
280,730,844.7052001953125,159.96066284179688,130.34735107421875,247.69290161132812,0.9900383949279785,1,0,-1
281,730,852.3506469726562,163.2867431640625,129.9920654296875,248.79171752929688,0.9905998110771179,1,0,-1
282,730,859.2259521484375,165.86273193359375,130.5892333984375,250.4072265625,0.9908090829849243,1,0,-1
283,730,865.5474243164062,168.43968200683594,130.9659423828125,250.35670471191406,0.9900467991828918,1,0,-1
284,730,872.0245971679688,170.87026977539062,131.28240966796875,250.49160766601562,0.9785592555999756,1,0,-1
285,730,878.0022583007812,174.0952911376953,131.6868896484375,249.9202117919922,0.986447811126709,1,0,-1
286,730,884.7675170898438,176.4176025390625,131.65423583984375,250.95849609375,0.9830233454704285,1,0,-1
287,730,890.859130859375,179.01092529296875,132.2774658203125,250.59689331054688,0.9879719614982605,1,0,-1
288,730,897.5338134765625,181.328857421875,132.06591796875,251.31350708007812,0.9890494346618652,1,0,-1
289,730,903.7177734375,183.33250427246094,132.85009765625,252.6440887451172,0.9899502992630005,1,0,-1
290,730,910.2953491210938,186.60499572753906,132.82659912109375,252.7355499267578,0.9899848699569702,1,0,-1
291,730,915.9229125976562,188.9690704345703,133.79693603515625,252.89698791503906,0.9902777075767517,1,0,-1
292,730,921.6756591796875,191.56393432617188,134.50390625,252.98162841796875,0.9732898473739624,1,0,-1
293,730,927.8305053710938,194.43104553222656,134.82611083984375,253.3428497314453,0.9886448383331299,1,0,-1
294,730,934.7274169921875,198.99673461914062,134.0205078125,252.44320678710938,0.9904788732528687,1,0,-1
295,730,941.6449584960938,202.09854125976562,133.84429931640625,252.76663208007812,0.9902278184890747,1,0,-1
296,730,947.9070434570312,204.9728240966797,133.96539306640625,254.1236114501953,0.991615355014801,1,0,-1
297,730,954.2252807617188,208.84156799316406,134.34051513671875,254.00621032714844,0.9911562204360962,1,0,-1
298,730,959.857666015625,212.96463012695312,134.88720703125,253.6964111328125,0.9900500774383545,1,0,-1
299,730,966.2977905273438,217.5082244873047,134.38592529296875,253.0896759033203,0.9890783429145813,1,0,-1
300,730,971.7216796875,222.68821716308594,135.096435546875,252.9175567626953,0.9850271940231323,1,0,-1
301,730,977.6093139648438,227.0845489501953,134.67120361328125,252.1423797607422,0.9783862233161926,1,0,-1
302,730,984.27392578125,232.44552612304688,133.3431396484375,251.67324829101562,0.9881848096847534,1,0,-1
303,730,990.3087768554688,237.85787963867188,133.13555908203125,251.3717041015625,0.9891359806060791,1,0,-1
304,730,995.7221069335938,242.52139282226562,133.45745849609375,252.52066040039062,0.9904555678367615,1,0,-1
305,730,1001.136962890625,248.30870056152344,134.361083984375,252.68959045410156,0.9904683232307434,1,0,-1
306,730,1006.8265380859375,254.87945556640625,134.040283203125,251.9495849609375,0.990341305732727,1,0,-1
307,730,1012.4861450195312,261.9100646972656,133.51678466796875,249.88735961914062,0.9890073537826538,1,0,-1
308,730,1018.1658325195312,268.673828125,133.70660400390625,248.75830078125,0.9875006675720215,1,0,-1
309,730,1023.3662109375,274.93951416015625,134.408447265625,248.61114501953125,0.9793475270271301,1,0,-1
310,730,1029.6859130859375,281.856201171875,132.76513671875,246.73284912109375,0.9882772564888,1,0,-1
311,730,1035.3031005859375,288.0472717285156,132.5535888671875,246.77505493164062,0.9892256855964661,1,0,-1
312,730,1041.21484375,295.43719482421875,131.8271484375,245.12091064453125,0.9902076125144958,1,0,-1
313,730,1046.52392578125,301.3409118652344,131.5157470703125,245.47457885742188,0.9906108975410461,1,0,-1
314,730,1051.8187255859375,307.96630859375,131.594482421875,244.62445068359375,0.9898049831390381,1,0,-1
315,730,1056.5140380859375,314.9932556152344,131.0423583984375,243.76602172851562,0.9889870285987854,1,0,-1
316,730,1061.307861328125,322.82049560546875,131.0284423828125,240.72589111328125,0.9848906397819519,1,0,-1
317,730,1066.4315185546875,329.5047607421875,130.6632080078125,240.50701904296875,0.953169584274292,1,0,-1
318,730,1070.65576171875,335.6105041503906,130.403564453125,239.34017944335938,0.9806406497955322,1,0,-1
319,730,1075.8717041015625,343.5545654296875,129.530517578125,237.41064453125,0.9879178404808044,1,0,-1
320,730,1080.59423828125,351.117919921875,128.7908935546875,235.60882568359375,0.9891918301582336,1,0,-1
321,730,1085.809814453125,358.4403076171875,128.1419677734375,234.2130126953125,0.989056408405304,1,0,-1
322,730,1091.233642578125,366.34893798828125,127.2572021484375,232.2872314453125,0.9891294240951538,1,0,-1
323,730,1096.540283203125,373.0451354980469,126.284423828125,232.37326049804688,0.9892942905426025,1,0,-1
324,730,1101.7564697265625,380.0610656738281,125.5098876953125,230.86727905273438,0.982204258441925,1,0,-1
325,730,1104.962890625,385.5960388183594,125.989990234375,230.06808471679688,0.9838391542434692,1,0,-1
326,730,1108.6685791015625,393.10784912109375,124.99853515625,227.165771484375,0.9846063852310181,1,0,-1
327,730,1112.58984375,400.162841796875,124.6424560546875,225.897705078125,0.9860671162605286,1,0,-1
328,730,1116.2427978515625,407.190673828125,125.3511962890625,224.79144287109375,0.979619026184082,1,0,-1
329,730,1119.8497314453125,415.41937255859375,124.99951171875,222.79376220703125,0.9853353500366211,1,0,-1
330,730,1125.085693359375,423.3485107421875,122.0947265625,220.7259521484375,0.9885463714599609,1,0,-1
331,730,1129.0079345703125,430.9625244140625,122.2864990234375,220.10107421875,0.9882376790046692,1,0,-1
332,730,1133.740966796875,439.8636474609375,121.69921875,217.96148681640625,0.9751212000846863,1,0,-1
333,730,1139.2247314453125,447.3003234863281,120.861328125,217.87167358398438,0.9864944219589233,1,0,-1
334,730,1145.3516845703125,455.2085266113281,120.9190673828125,216.80142211914062,0.9863161444664001,1,0,-1
335,730,1150.9693603515625,463.1071472167969,120.8331298828125,215.73104858398438,0.9886026382446289,1,0,-1
336,730,1156.7064208984375,470.82232666015625,121.48046875,215.90863037109375,0.9864587187767029,1,0,-1
337,730,1163.202392578125,478.56976318359375,120.87109375,215.26568603515625,0.9857391715049744,1,0,-1
338,730,1170.3389892578125,486.9249267578125,120.8798828125,214.10577392578125,0.9837278127670288,1,0,-1
339,730,1176.8150634765625,493.70843505859375,120.5252685546875,213.684326171875,0.9872855544090271,1,0,-1
340,730,1184.1396484375,501.1625061035156,119.75634765625,213.27969360351562,0.9876664876937866,1,0,-1
341,730,1192.1478271484375,508.3695983886719,119.350341796875,212.82809448242188,0.9865455627441406,1,0,-1
342,730,1199.15576171875,515.3821411132812,119.503173828125,212.42254638671875,0.9891365766525269,1,0,-1
343,730,1206.5045166015625,521.9588623046875,120.4007568359375,212.66619873046875,0.985974133014679,1,0,-1
344,730,1214.6817626953125,527.966064453125,120.71533203125,212.27923583984375,0.9034674167633057,1,0,-1
345,730,1222.69677734375,534.4881591796875,120.4713134765625,211.5177001953125,0.986717939376831,1,0,-1
346,730,1230.4818115234375,539.951904296875,120.281982421875,211.1546630859375,0.9716356992721558,1,0,-1
347,730,1239.2947998046875,544.4699096679688,119.795166015625,211.5435791015625,0.9855749607086182,1,0,-1
348,730,1247.055419921875,548.8035278320312,120.0814208984375,211.805419921875,0.9875319600105286,1,0,-1
349,730,1254.9134521484375,552.2903442382812,120.8603515625,211.8726806640625,0.9855898022651672,1,0,-1
350,730,1263.76904296875,555.7903442382812,121.386962890625,211.3516845703125,0.9836529493331909,1,0,-1
351,730,1272.4063720703125,559.8359985351562,120.7225341796875,210.21221923828125,0.9891313314437866,1,0,-1
352,730,1281.3096923828125,562.4931640625,119.9407958984375,210.48321533203125,0.9887046217918396,1,0,-1
353,730,1290.2205810546875,565.4007568359375,120.47412109375,210.15216064453125,0.9871015548706055,1,0,-1
354,730,1299.02880859375,567.2868041992188,120.8712158203125,210.74658203125,0.9884327054023743,1,0,-1
355,730,1307.453857421875,568.9768676757812,121.997802734375,211.64093017578125,0.9852721691131592,1,0,-1
356,730,1316.8685302734375,571.4293212890625,121.812744140625,211.03094482421875,0.9875128865242004,1,0,-1
357,730,1325.8492431640625,572.862060546875,121.503173828125,211.0054931640625,0.9889885783195496,1,0,-1
358,730,1336.1253662109375,574.4727783203125,121.2406005859375,210.9146728515625,0.9870648384094238,1,0,-1
359,730,1344.2850341796875,576.41064453125,122.4169921875,211.09588623046875,0.9890602827072144,1,0,-1
360,730,1353.4705810546875,577.6978759765625,123.0118408203125,210.840087890625,0.9859946966171265,1,0,-1
361,730,1362.4713134765625,579.5588989257812,123.53662109375,210.259765625,0.9856553077697754,1,0,-1
362,730,1371.497314453125,582.0239868164062,123.1507568359375,209.55938720703125,0.9885643124580383,1,0,-1
363,730,1380.90283203125,583.870361328125,123.196533203125,209.6793212890625,0.9858337044715881,1,0,-1
364,730,1389.6771240234375,586.0479736328125,123.0048828125,210.07415771484375,0.987991988658905,1,0,-1
365,730,1397.3834228515625,588.3579711914062,124.456298828125,210.54351806640625,0.9601320028305054,1,0,-1
366,730,1406.1881103515625,590.5484619140625,125.21826171875,210.721923828125,0.9601345062255859,1,0,-1
367,730,1414.1622314453125,593.3067016601562,125.4490966796875,210.97430419921875,0.9882659316062927,1,0,-1
368,730,1422.92333984375,597.0259399414062,125.44921875,210.695068359375,0.9876656532287598,1,0,-1
369,730,1431.7305908203125,600.26806640625,125.2237548828125,210.65496826171875,0.9878131151199341,1,0,-1
370,730,1439.2740478515625,603.2161865234375,126.47607421875,211.26312255859375,0.9885891675949097,1,0,-1
371,730,1446.7813720703125,607.0096435546875,127.3909912109375,210.947998046875,0.9857532382011414,1,0,-1
372,730,1454.6043701171875,610.8038330078125,127.7515869140625,210.4334716796875,0.9852790832519531,1,0,-1
373,730,1461.7349853515625,614.154296875,128.11669921875,210.35589599609375,0.9890869855880737,1,0,-1
374,730,1469.4764404296875,618.1010131835938,128.6051025390625,210.613525390625,0.9867554306983948,1,0,-1
375,730,1478.1072998046875,621.6932373046875,127.5390625,211.458251953125,0.9882400035858154,1,0,-1
376,730,1485.5111083984375,624.8885498046875,128.1776123046875,211.87518310546875,0.9875208139419556,1,0,-1
377,730,1492.17431640625,627.8141479492188,129.6834716796875,212.59112548828125,0.9855706691741943,1,0,-1
378,730,1499.5877685546875,631.9602661132812,130.3670654296875,211.9134521484375,0.9831121563911438,1,0,-1
379,730,1506.941650390625,635.4649047851562,130.5863037109375,211.68634033203125,0.976355791091919,1,0,-1
380,730,1514.283203125,638.179931640625,130.6207275390625,212.0565185546875,0.9860832095146179,1,0,-1
381,730,1522.0185546875,641.2276611328125,130.556884765625,212.84765625,0.9871626496315002,1,0,-1
382,730,1528.907958984375,643.95751953125,131.63916015625,213.7763671875,0.9886088371276855,1,0,-1
383,730,1535.320068359375,647.4619140625,132.6585693359375,213.82550048828125,0.9871259331703186,1,0,-1
384,730,1541.9141845703125,650.6630249023438,133.4991455078125,214.70416259765625,0.9880434274673462,1,0,-1
385,730,1547.8369140625,655.4700927734375,133.3365478515625,213.25115966796875,0.9852511882781982,1,0,-1
386,730,1552.1346435546875,659.3896484375,133.7803955078125,212.6934814453125,0.9874693155288696,1,0,-1
387,730,1556.4232177734375,662.9094848632812,134.1070556640625,213.381103515625,0.988460898399353,1,0,-1
388,730,1560.0374755859375,667.456298828125,134.448486328125,213.11700439453125,0.9879708886146545,1,0,-1
389,730,1562.98828125,671.4329223632812,134.5406494140625,213.49005126953125,0.9883909225463867,1,0,-1
390,730,1565.705322265625,676.2203369140625,134.3509521484375,214.59356689453125,0.9874250292778015,1,0,-1
391,730,1568.77099609375,681.3452758789062,133.077392578125,214.8819580078125,0.9701727032661438,1,0,-1
392,730,1571.0689697265625,686.6547241210938,132.95263671875,215.40252685546875,0.9883014559745789,1,0,-1
393,730,1573.9007568359375,692.3234252929688,133.1207275390625,215.479248046875,0.9892957806587219,1,0,-1
394,730,1576.2608642578125,698.3064575195312,133.530517578125,216.14239501953125,0.9892762899398804,1,0,-1
395,730,1578.9329833984375,705.3085327148438,133.591552734375,215.3233642578125,0.9883500337600708,1,0,-1
396,730,1581.427490234375,711.6636962890625,133.373291015625,215.96331787109375,0.9870142936706543,1,0,-1
397,730,1583.5074462890625,718.03173828125,134.6448974609375,216.4620361328125,0.9870944619178772,1,0,-1
398,730,1585.9188232421875,724.5411987304688,135.21533203125,217.05157470703125,0.9826463460922241,1,0,-1
399,730,1587.797607421875,730.5807495117188,135.809814453125,218.21087646484375,0.9880644679069519,1,0,-1
400,730,1590.7020263671875,738.193359375,135.65673828125,217.872802734375,0.867241621017456,1,0,-1
401,730,1592.9964599609375,746.1319580078125,135.33837890625,217.8013916015625,0.9871492981910706,1,0,-1
402,730,1594.6470947265625,754.09423828125,135.7188720703125,217.735595703125,0.9866781234741211,1,0,-1
403,730,1596.6038818359375,761.2279663085938,135.793212890625,218.32879638671875,0.9866856336593628,1,0,-1
404,730,1597.5938720703125,769.0875244140625,136.1934814453125,218.52508544921875,0.9869940876960754,1,0,-1
405,730,1598.348876953125,776.7738647460938,136.83837890625,219.263916015625,0.9431357979774475,1,0,-1
406,730,1599.31689453125,784.969482421875,136.9215087890625,219.3118896484375,0.9867765307426453,1,0,-1
407,730,1600.2447509765625,793.1519775390625,136.8662109375,219.776123046875,0.9884366989135742,1,0,-1
408,730,1600.694091796875,802.1647338867188,136.876708984375,218.9224853515625,0.9878363013267517,1,0,-1
409,730,1601.6546630859375,809.99365234375,137.03955078125,219.673828125,0.9879404306411743,1,0,-1
410,730,1603.0081787109375,818.1574096679688,136.3709716796875,220.01397705078125,0.9865317940711975,1,0,-1
411,730,1604.2073974609375,826.0469360351562,136.4527587890625,221.80987548828125,0.9874282479286194,1,0,-1
412,730,1605.4327392578125,834.2714233398438,136.6287841796875,223.39239501953125,0.989044189453125,1,0,-1
413,730,1607.0650634765625,842.4970703125,137.06396484375,224.1317138671875,0.9894026517868042,1,0,-1
414,730,1609.5560302734375,850.5077514648438,136.8516845703125,223.91827392578125,0.9891351461410522,1,0,-1
415,730,1611.862548828125,858.9490966796875,136.8126220703125,221.0509033203125,0.9884661436080933,1,0,-1
416,730,1615.7215576171875,866.6207275390625,135.827392578125,213.3792724609375,0.9883052110671997,1,0,-1
417,730,1619.0264892578125,874.6397094726562,136.405517578125,205.36029052734375,0.9839868545532227,1,0,-1
418,730,1622.2098388671875,882.0670166015625,136.840087890625,197.9329833984375,0.9826545119285583,1,0,-1
419,730,1625.9364013671875,889.4088134765625,136.5865478515625,190.5911865234375,0.9851670861244202,1,0,-1
420,730,1629.382568359375,897.2266235351562,137.9537353515625,182.77337646484375,0.9850346446037292,1,0,-1
421,730,1633.282958984375,904.099609375,138.95654296875,175.900390625,0.9823692440986633,1,0,-1
422,730,1638.6654052734375,910.7960205078125,137.728515625,169.2039794921875,0.6888789534568787,1,0,-1
423,730,1642.8880615234375,918.1874389648438,138.7315673828125,161.81256103515625,0.981259286403656,1,0,-1
424,730,1646.232177734375,924.6478271484375,140.331787109375,155.3521728515625,0.9784141778945923,1,0,-1
425,730,1650.4539794921875,930.3857421875,141.54541015625,149.6142578125,0.981090784072876,1,0,-1
426,730,1655.84521484375,934.8416748046875,141.229248046875,144.914306640625,0.9815419316291809,1,0,-1
427,730,1661.3455810546875,938.4276123046875,141.576171875,141.09375,0.98005610704422,1,0,-1
428,730,1666.8037109375,941.7975463867188,141.13623046875,137.50079345703125,0.9747100472450256,1,0,-1
429,730,1670.358642578125,944.9608764648438,142.849365234375,134.12957763671875,0.9663851857185364,1,0,-1
430,730,1674.4632568359375,947.4862670898438,145.1265869140625,131.45867919921875,0.9666969180107117,1,0,-1
431,730,1679.752685546875,949.608154296875,144.5240478515625,129.1990966796875,0.9672982692718506,1,0,-1
432,730,1685.6226806640625,951.8963012695312,144.4918212890625,126.86676025390625,0.7044034004211426,1,0,-1
433,730,1689.805419921875,953.854248046875,145.7391357421875,124.9288330078125,0.9628055691719055,1,0,-1
434,730,1694.0091552734375,955.4933471679688,147.593017578125,123.32049560546875,0.9683696627616882,1,0,-1
435,730,1700.191162109375,956.7268676757812,147.2232666015625,122.13311767578125,0.9759825468063354,1,0,-1
436,730,1705.90966796875,957.5242919921875,148.1065673828125,121.44775390625,0.9728336930274963,1,0,-1
437,730,1712.721923828125,958.776611328125,147.625732421875,120.4365234375,0.971914529800415,1,0,-1
438,730,1718.4132080078125,960.246337890625,149.0614013671875,119.0703125,0.9691736698150635,1,0,-1
439,730,1724.4853515625,961.6940307617188,148.725341796875,117.75848388671875,0.9718549847602844,1,0,-1
440,730,1731.443115234375,963.8317260742188,148.0653076171875,115.79437255859375,0.9671720266342163,1,0,-1
441,730,1736.9696044921875,966.5927124023438,150.597900390625,113.16473388671875,0.9547709226608276,1,0,-1
442,730,1741.3028564453125,969.5965576171875,152.9844970703125,110.3194580078125,0.9557834267616272,1,0,-1
443,730,1748.8602294921875,972.3904418945312,152.306396484375,107.59649658203125,0.9683519005775452,1,0,-1
444,730,1755.9495849609375,975.229248046875,152.724609375,104.770751953125,0.9637246131896973,1,0,-1
445,730,1762.779541015625,977.4696044921875,152.7418212890625,102.5303955078125,0.9436976909637451,1,0,-1
446,730,1770.7615966796875,979.1578979492188,148.144775390625,100.81048583984375,0.8873052000999451,1,0,-1
447,730,1778.7218017578125,980.7195434570312,141.21044921875,99.19049072265625,0.8168321251869202,1,0,-1
450,730,1799.1148681640625,984.8153076171875,120.8851318359375,95.1846923828125,0.6726568341255188,1,0,-1
451,730,1806.9383544921875,985.4517822265625,113.0616455078125,94.5482177734375,0.5462026596069336,1,0,-1
452,730,1815.2183837890625,986.0095825195312,104.7816162109375,93.99041748046875,0.6822698712348938,1,0,-1
453,730,1823.703369140625,986.5983276367188,96.296630859375,93.29339599609375,0.726718008518219,1,0,-1
472,734,1895.0716552734375,985.47216796875,24.911376953125,94.0086669921875,0.7454814314842224,1,0,-1
474,734,1902.546142578125,986.4554443359375,17.453857421875,92.788330078125,0.6013777256011963,1,0,-1
