22,243,1876.178466796875,890.201171875,39.702392578125,75.78399658203125,0.8124992847442627,1,0,-1
23,243,1855.741455078125,889.8187866210938,52.2374267578125,74.2001953125,0.7596305012702942,1,0,-1
25,243,1815.2650146484375,887.6317138671875,55.865478515625,72.83038330078125,0.8696638345718384,1,0,-1
26,243,1794.3541259765625,885.7135009765625,57.220458984375,72.468505859375,0.8737680912017822,1,0,-1
29,243,1735.9691162109375,882.0015258789062,54.4068603515625,71.80389404296875,0.8916173577308655,1,0,-1
30,243,1716.9317626953125,881.2083740234375,53.150146484375,71.36346435546875,0.8457772135734558,1,0,-1
31,243,1697.515380859375,880.7549438476562,52.09326171875,70.515625,0.8772594928741455,1,0,-1
32,243,1679.2247314453125,879.7622680664062,51.311767578125,70.55609130859375,0.8951864838600159,1,0,-1
33,243,1660.640380859375,879.0344848632812,50.341064453125,69.80499267578125,0.9042706489562988,1,0,-1
34,243,1643.157470703125,877.527587890625,48.6278076171875,69.2742919921875,0.9305126667022705,1,0,-1
35,243,1625.071044921875,877.1097412109375,47.9652099609375,68.76300048828125,0.9158831834793091,1,0,-1
36,243,1607.95751953125,876.6106567382812,46.5711669921875,68.03350830078125,0.9401088356971741,1,0,-1
37,243,1590.4112548828125,876.2095947265625,46.634765625,67.03814697265625,0.9369918704032898,1,0,-1
38,243,1573.9105224609375,874.8685302734375,45.287841796875,66.60076904296875,0.9474474787712097,1,0,-1
39,243,1556.218994140625,874.67626953125,45.818603515625,65.61090087890625,0.9446583986282349,1,0,-1
40,243,1540.26708984375,873.7673950195312,44.77978515625,65.13177490234375,0.9389854669570923,1,0,-1
41,243,1524.309326171875,873.3414916992188,43.6279296875,65.02142333984375,0.9492282271385193,1,0,-1
42,243,1507.187255859375,873.081298828125,44.408447265625,64.94476318359375,0.8463143110275269,1,0,-1
43,243,1491.7384033203125,872.318359375,42.751708984375,64.6668701171875,0.9502496123313904,1,0,-1
44,243,1476.97021484375,871.8621826171875,42.1910400390625,64.25323486328125,0.95164954662323,1,0,-1
45,243,1460.6640625,871.4949340820312,42.9012451171875,63.207275390625,0.9349140524864197,1,0,-1
46,243,1446.1195068359375,870.8212280273438,41.73779296875,62.30828857421875,0.9416444897651672,1,0,-1
47,243,1432.2252197265625,869.9417724609375,40.2314453125,62.31201171875,0.9530267119407654,1,0,-1
48,243,1416.8460693359375,869.3742065429688,41.13720703125,62.449462890625,0.9541927576065063,1,0,-1
49,243,1402.8902587890625,868.4573974609375,40.301513671875,61.66290283203125,0.9593618512153625,1,0,-1
50,243,1388.3118896484375,867.8524169921875,39.91064453125,61.65252685546875,0.9533184170722961,1,0,-1
51,243,1374.5101318359375,867.2303466796875,38.9281005859375,61.244873046875,0.9527221322059631,1,0,-1
52,243,1360.8348388671875,866.9375,37.9215087890625,60.66864013671875,0.9537800550460815,1,0,-1
53,243,1346.39208984375,866.069091796875,38.2877197265625,61.12982177734375,0.9536201357841492,1,0,-1
54,243,1333.85986328125,865.3694458007812,37.246826171875,61.01898193359375,0.9581671953201294,1,0,-1
55,243,1320.0657958984375,864.3917846679688,37.422119140625,61.0625,0.9534850716590881,1,0,-1
56,243,1306.8521728515625,863.6803588867188,36.882080078125,61.1488037109375,0.9581416845321655,1,0,-1
57,243,1293.9189453125,863.0944213867188,36.891357421875,60.9718017578125,0.9540328979492188,1,0,-1
59,243,1268.3621826171875,861.876708984375,36.306640625,60.8355712890625,0.9510874152183533,1,0,-1
60,243,1256.604736328125,861.2486572265625,35.575927734375,60.40679931640625,0.9410132169723511,1,0,-1
61,243,1243.5411376953125,861.145751953125,35.8016357421875,60.1878662109375,0.9491730332374573,1,0,-1
62,243,1231.9132080078125,860.3237915039062,35.7537841796875,60.475341796875,0.9384589791297913,1,0,-1
63,243,1219.4385986328125,860.1287841796875,35.4105224609375,60.05419921875,0.9414207935333252,1,0,-1
64,243,1207.2515869140625,859.764404296875,35.3843994140625,60.074462890625,0.9393739104270935,1,0,-1
65,243,1195.597412109375,859.0531616210938,35.1441650390625,59.2132568359375,0.9023299813270569,1,0,-1
66,243,1183.7215576171875,858.8219604492188,35.4150390625,58.94329833984375,0.9397412538528442,1,0,-1
67,243,1171.625732421875,858.9741821289062,35.48681640625,58.2802734375,0.9389058351516724,1,0,-1
68,243,1160.07958984375,858.7688598632812,35.4481201171875,58.41778564453125,0.9422886371612549,1,0,-1
69,243,1148.6063232421875,857.7890014648438,35.31591796875,58.54156494140625,0.9337748289108276,1,0,-1
70,243,1137.5740966796875,856.59326171875,34.7659912109375,58.79876708984375,0.9440302848815918,1,0,-1
71,243,1125.8387451171875,856.2462768554688,35.08056640625,58.97296142578125,0.9390424489974976,1,0,-1
72,243,1114.1361083984375,856.0259399414062,34.806884765625,59.17083740234375,0.9449062943458557,1,0,-1
73,243,1102.336669921875,855.52783203125,35.534423828125,58.74658203125,0.9373598694801331,1,0,-1
74,243,1090.931640625,855.7007446289062,34.6129150390625,58.3712158203125,0.9477236270904541,1,0,-1
75,243,1079.8023681640625,855.1641235351562,34.9080810546875,58.0269775390625,0.9390491843223572,1,0,-1
76,243,1068.3785400390625,855.3050537109375,34.25830078125,57.83551025390625,0.9483030438423157,1,0,-1
77,243,1057.2755126953125,855.3754272460938,34.4266357421875,57.69073486328125,0.9323024749755859,1,0,-1
78,243,1046.333984375,854.9305419921875,33.7288818359375,57.74139404296875,0.9448192715644836,1,0,-1
79,243,1035.3341064453125,854.7593994140625,33.95654296875,57.9578857421875,0.9193970561027527,1,0,-1
80,243,1024.27880859375,854.5973510742188,33.9136962890625,57.736572265625,0.9462039470672607,1,0,-1
81,243,1012.4716186523438,854.4008178710938,34.72418212890625,58.22296142578125,0.9365973472595215,1,0,-1
82,243,1001.446044921875,854.3381958007812,34.65185546875,57.6800537109375,0.942777693271637,1,0,-1
83,243,989.8389282226562,854.442138671875,34.89923095703125,58.23651123046875,0.9520964026451111,1,0,-1
84,243,979.1240844726562,853.7837524414062,34.70654296875,58.01800537109375,0.9463412165641785,1,0,-1
85,243,967.6705932617188,853.9300537109375,34.55615234375,58.0653076171875,0.9532002210617065,1,0,-1
86,243,956.34716796875,854.5064697265625,35.02777099609375,57.97955322265625,0.9443148970603943,1,0,-1
87,243,945.6371459960938,853.7070922851562,34.31744384765625,58.3267822265625,0.9512771964073181,1,0,-1
88,243,934.1685180664062,855.0051879882812,34.995361328125,58.53173828125,0.9429087042808533,1,0,-1
89,243,923.67919921875,854.3106079101562,34.1893310546875,58.15020751953125,0.9531395435333252,1,0,-1
90,243,912.1835327148438,855.1950073242188,35.0589599609375,58.28173828125,0.932028591632843,1,0,-1
91,243,901.6824340820312,855.24853515625,34.40863037109375,58.09515380859375,0.9432333707809448,1,0,-1
92,243,890.8534545898438,856.3390502929688,34.34454345703125,58.18817138671875,0.9201514720916748,1,0,-1
93,243,880.1939697265625,856.4801025390625,34.35333251953125,58.20721435546875,0.9297775030136108,1,0,-1
94,243,868.3331298828125,857.1766967773438,35.513671875,58.88726806640625,0.9397947788238525,1,0,-1
95,243,857.522705078125,857.6004028320312,35.58807373046875,58.5914306640625,0.9227678775787354,1,0,-1
96,243,845.7606811523438,859.24072265625,35.63214111328125,58.776611328125,0.9350964426994324,1,0,-1
97,243,835.0707397460938,859.4608764648438,35.732177734375,58.6864013671875,0.9054295420646667,1,0,-1
98,243,823.9839477539062,859.745849609375,35.56903076171875,59.0758056640625,0.9429900050163269,1,0,-1
99,243,812.1431274414062,861.0142211914062,36.0543212890625,59.4039306640625,0.9492332935333252,1,0,-1
100,243,801.8291015625,861.3436889648438,34.9794921875,59.49993896484375,0.9444725513458252,1,0,-1
101,243,789.8783569335938,862.4346313476562,35.8330078125,59.7890625,0.948353111743927,1,0,-1
102,243,778.7354125976562,863.1170043945312,35.48040771484375,59.5029296875,0.9603304266929626,1,0,-1
103,243,766.4568481445312,865.4318237304688,36.63909912109375,59.124755859375,0.9519264101982117,1,0,-1
104,243,756.0977172851562,865.5110473632812,36.0020751953125,58.77410888671875,0.9606103897094727,1,0,-1
105,243,743.6370239257812,866.8153076171875,36.88629150390625,59.4998779296875,0.9522808790206909,1,0,-1
106,243,732.928466796875,867.2332153320312,36.5504150390625,59.21856689453125,0.9643996953964233,1,0,-1
107,243,720.848388671875,868.1327514648438,38.20068359375,59.9583740234375,0.8803631663322449,1,0,-1
108,243,709.9288940429688,869.2265014648438,37.662353515625,59.143798828125,0.9555330276489258,1,0,-1
109,243,697.5485229492188,870.3949584960938,38.7589111328125,59.23638916015625,0.9491007328033447,1,0,-1
110,243,686.1078491210938,871.1654663085938,38.14251708984375,59.2423095703125,0.9578185081481934,1,0,-1
111,243,673.5150756835938,871.6764526367188,39.14959716796875,60.31744384765625,0.9586079120635986,1,0,-1
112,243,661.9798583984375,872.6907958984375,39.23626708984375,60.47052001953125,0.9571173191070557,1,0,-1
113,243,649.8019409179688,873.4199829101562,39.90484619140625,61.3623046875,0.9528502821922302,1,0,-1
114,243,637.92529296875,874.6524658203125,39.966796875,61.5909423828125,0.9509185552597046,1,0,-1
115,243,625.4503784179688,875.4584350585938,40.050048828125,62.12786865234375,0.9551600217819214,1,0,-1
116,243,613.7182006835938,876.5489501953125,39.88885498046875,62.04986572265625,0.9430677890777588,1,0,-1
117,243,600.4486083984375,877.1250610351562,40.87396240234375,63.2264404296875,0.9490823745727539,1,0,-1
118,243,588.464599609375,878.384765625,40.65625,62.961181640625,0.9405142068862915,1,0,-1
119,243,575.1807861328125,879.3897705078125,41.2926025390625,63.3917236328125,0.9459359049797058,1,0,-1
120,243,563.2921752929688,880.3991088867188,41.1328125,63.76507568359375,0.9380144476890564,1,0,-1
121,243,550.0482788085938,881.5397338867188,42.15142822265625,64.26861572265625,0.9307721257209778,1,0,-1
122,243,537.4508056640625,882.7288818359375,42.05181884765625,63.99688720703125,0.938179075717926,1,0,-1
123,243,523.7509765625,883.012939453125,42.90350341796875,64.39764404296875,0.9273315668106079,1,0,-1
124,243,511.32183837890625,884.2412109375,42.8839111328125,64.45648193359375,0.9393734931945801,1,0,-1
125,243,497.36944580078125,885.082275390625,43.93865966796875,64.93084716796875,0.9333292841911316,1,0,-1
126,243,483.8583984375,886.056884765625,43.61126708984375,65.43463134765625,0.7888803482055664,1,0,-1
127,243,470.754638671875,887.5891723632812,44.48004150390625,65.220458984375,0.9502530694007874,1,0,-1
128,243,456.04815673828125,889.0143432617188,45.1915283203125,65.5653076171875,0.9614460468292236,1,0,-1
129,243,442.9563903808594,890.3482055664062,45.297515869140625,65.788818359375,0.959056556224823,1,0,-1
130,243,427.54364013671875,892.5569458007812,47.109405517578125,65.82818603515625,0.9541565775871277,1,0,-1
131,243,414.43035888671875,894.759765625,47.164093017578125,65.63531494140625,0.9454911947250366,1,0,-1
132,243,400.43035888671875,896.5972900390625,47.717193603515625,66.07122802734375,0.9188323616981506,1,0,-1
133,243,385.920166015625,897.9987182617188,48.587188720703125,66.45947265625,0.931857168674469,1,0,-1
134,243,372.060546875,899.9485473632812,49.01123046875,67.38714599609375,0.9143577814102173,1,0,-1
135,243,356.35394287109375,901.4912719726562,50.03265380859375,68.43096923828125,0.9433025121688843,1,0,-1
136,243,341.5252685546875,903.13720703125,50.538055419921875,69.72357177734375,0.9279110431671143,1,0,-1
137,243,326.53887939453125,905.0438232421875,51.8170166015625,70.31866455078125,0.7605018019676208,1,0,-1
138,243,311.20794677734375,907.2984008789062,52.660491943359375,70.2816162109375,0.892342746257782,1,0,-1
139,243,295.80914306640625,908.8947143554688,54.032257080078125,71.20703125,0.9135374426841736,1,0,-1
140,243,279.7825012207031,911.7264404296875,54.630279541015625,70.6475830078125,0.8785481452941895,1,0,-1
141,243,264.31475830078125,913.7958984375,55.155120849609375,71.5911865234375,0.93165123462677,1,0,-1
142,243,249.32594299316406,916.1590576171875,56.01066589355469,72.0452880859375,0.9213712811470032,1,0,-1
143,243,233.0902862548828,919.2369995117188,56.49052429199219,72.2989501953125,0.9381975531578064,1,0,-1
144,243,217.89329528808594,921.18359375,56.85438537597656,73.36907958984375,0.9260855317115784,1,0,-1
146,243,184.6121368408203,925.880126953125,59.054534912109375,75.19854736328125,0.731704592704773,1,0,-1
147,243,168.40939331054688,927.7814331054688,60.15959167480469,76.0601806640625,0.8031647801399231,1,0,-1
148,243,151.05264282226562,929.8228149414062,61.74378967285156,76.71063232421875,0.691624104976654,1,0,-1
149,243,134.43511962890625,932.1619262695312,61.91075134277344,76.970458984375,0.6074684858322144,1,0,-1
150,243,116.28112030029297,933.4869384765625,64.6467056274414,77.8310546875,0.5727897882461548,1,0,-1
151,243,99.07528686523438,936.0027465820312,65.29084777832031,77.8621826171875,0.630184531211853,1,0,-1
153,243,62.95998764038086,940.1171264648438,67.56892395019531,79.07861328125,0.7421265244483948,1,0,-1
154,243,44.666839599609375,942.2056274414062,68.95636749267578,79.82257080078125,0.761859118938446,1,0,-1
156,243,8.135263442993164,946.5626831054688,70.06644439697266,82.16607666015625,0.7575050592422485,1,0,-1
157,243,0.0,949.12158203125,59.900943756103516,83.8143310546875,0.7584109902381897,1,0,-1
158,243,0.0,952.3905639648438,41.39418029785156,83.40960693359375,0.8712570071220398,1,0,-1
159,243,0.0,953.88671875,22.694124221801758,113.209716796875,0.6753363013267517,1,0,-1
