2,665,640.9896850585938,469.0106201171875,19.69952392578125,32.990142822265625,0.8963596820831299,1,0,-1
3,665,642.8596801757812,469.9913024902344,19.8336181640625,32.42413330078125,0.9075078964233398,1,0,-1
4,665,644.0771484375,470.2412414550781,20.42620849609375,32.424774169921875,0.8932044506072998,1,0,-1
5,665,644.3970336914062,470.388427734375,21.4305419921875,33.379302978515625,0.5956234931945801,1,0,-1
6,665,644.7612915039062,471.54144287109375,21.37567138671875,33.48046875,0.8662882447242737,1,0,-1
7,665,644.9512939453125,473.04571533203125,21.3511962890625,33.358978271484375,0.9052746295928955,1,0,-1
8,665,645.2686157226562,475.0480041503906,20.72021484375,32.71673583984375,0.8929447531700134,1,0,-1
9,665,645.1795043945312,476.291015625,20.5552978515625,32.786224365234375,0.8958147168159485,1,0,-1
10,665,645.02783203125,477.6977844238281,20.447998046875,33.468841552734375,0.8982483148574829,1,0,-1
11,665,644.8373413085938,479.1833801269531,20.22698974609375,33.974334716796875,0.8958979845046997,1,0,-1
12,665,644.5034790039062,481.1268615722656,20.1739501953125,33.728546142578125,0.8840289115905762,1,0,-1
13,665,643.790283203125,482.04071044921875,20.51348876953125,33.7554931640625,0.8891459107398987,1,0,-1
14,665,643.3453369140625,483.18115234375,20.39202880859375,33.7076416015625,0.8772599697113037,1,0,-1
15,665,642.8338012695312,484.00201416015625,20.57037353515625,33.28948974609375,0.8916773200035095,1,0,-1
16,665,642.156005859375,484.3598327636719,20.5882568359375,33.212860107421875,0.9085354804992676,1,0,-1
17,665,641.9586791992188,484.4153747558594,20.6453857421875,33.541534423828125,0.909696102142334,1,0,-1
18,665,641.8309936523438,484.5024719238281,20.71759033203125,33.568756103515625,0.9117394089698792,1,0,-1
19,665,641.6913452148438,484.2756042480469,20.72216796875,33.741668701171875,0.9089294672012329,1,0,-1
20,665,641.9130249023438,484.2294921875,20.50189208984375,33.5655517578125,0.9035434126853943,1,0,-1
21,665,641.9222412109375,483.6031799316406,20.527587890625,33.789947509765625,0.8870894312858582,1,0,-1
22,665,642.1359252929688,482.8009338378906,20.543212890625,33.798065185546875,0.8859255909919739,1,0,-1
23,665,642.1279296875,482.158447265625,20.6239013671875,33.78662109375,0.9015225768089294,1,0,-1
24,665,642.3667602539062,481.60015869140625,20.43560791015625,33.46514892578125,0.8977075815200806,1,0,-1
25,665,642.5234985351562,480.8944396972656,20.34747314453125,33.405853271484375,0.886989951133728,1,0,-1
26,665,642.488525390625,479.6972961425781,20.47198486328125,33.844512939453125,0.8971529603004456,1,0,-1
27,665,642.3591918945312,478.53765869140625,20.72955322265625,34.413818359375,0.9078469276428223,1,0,-1
28,665,642.38623046875,477.5428466796875,20.6680908203125,34.035552978515625,0.8989990949630737,1,0,-1
29,665,642.1657104492188,476.88336181640625,20.7320556640625,33.48150634765625,0.9072956442832947,1,0,-1
30,665,641.9908447265625,475.7375183105469,20.63970947265625,32.721343994140625,0.9071709513664246,1,0,-1
31,665,641.7593994140625,474.2167053222656,21.08709716796875,32.95330810546875,0.9161069393157959,1,0,-1
32,665,641.3348388671875,472.6524658203125,21.4342041015625,33.212158203125,0.9098427295684814,1,0,-1
33,665,640.958251953125,470.4117736816406,21.51593017578125,33.8599853515625,0.587561845779419,1,0,-1
34,665,640.8157958984375,468.9939270019531,21.05548095703125,33.611236572265625,0.8201994299888611,1,0,-1
35,665,639.934326171875,466.5543518066406,21.1893310546875,33.984375,0.9203426837921143,1,0,-1
36,665,638.9422607421875,464.5068359375,20.5166015625,33.984893798828125,0.9134870171546936,1,0,-1
37,665,637.6162719726562,462.1216735839844,20.9669189453125,34.683319091796875,0.632140040397644,1,0,-1
38,665,636.4443359375,459.4078674316406,21.30120849609375,34.790252685546875,0.899374783039093,1,0,-1
39,665,636.0390014648438,457.0786437988281,21.06109619140625,34.73590087890625,0.9141502976417542,1,0,-1
40,665,634.871337890625,454.0628662109375,21.57830810546875,35.113616943359375,0.9126587510108948,1,0,-1
41,665,633.5087890625,452.21221923828125,21.946533203125,35.6383056640625,0.9068778157234192,1,0,-1
42,665,632.5283813476562,450.4066467285156,22.14727783203125,35.446624755859375,0.9031315445899963,1,0,-1
43,665,631.4065551757812,448.23577880859375,22.25946044921875,35.673797607421875,0.8949632048606873,1,0,-1
44,665,630.3195190429688,445.84942626953125,22.70330810546875,35.98590087890625,0.8342177271842957,1,0,-1
45,665,630.0838012695312,443.9180908203125,22.27398681640625,35.15301513671875,0.9110393524169922,1,0,-1
46,665,629.8988647460938,441.73529052734375,21.948486328125,35.020263671875,0.921615719795227,1,0,-1
47,665,629.53515625,438.8403015136719,21.18048095703125,34.65167236328125,0.917657196521759,1,0,-1
48,665,628.6043090820312,436.5168151855469,21.60955810546875,34.73870849609375,0.9166550040245056,1,0,-1
49,665,627.9629516601562,433.8981018066406,21.64892578125,34.97247314453125,0.9128448963165283,1,0,-1
50,665,627.4674072265625,431.29974365234375,21.755126953125,35.82757568359375,0.9015710353851318,1,0,-1
51,665,626.4756469726562,428.5201721191406,21.67498779296875,36.14990234375,0.9181093573570251,1,0,-1
52,665,625.5353393554688,426.72882080078125,21.68572998046875,35.7099609375,0.9210101366043091,1,0,-1
53,665,624.5665283203125,424.8312683105469,22.2244873046875,35.2950439453125,0.9229881167411804,1,0,-1
54,665,624.2813110351562,423.3619079589844,22.23333740234375,35.404449462890625,0.9161275625228882,1,0,-1
55,665,623.997802734375,421.84393310546875,22.0751953125,35.46331787109375,0.8928831815719604,1,0,-1
56,665,623.2247924804688,420.3592224121094,21.98297119140625,35.74737548828125,0.5299230217933655,1,0,-1
57,665,622.5598754882812,418.8919677734375,22.006103515625,35.192138671875,0.9271284341812134,1,0,-1
58,665,622.1640014648438,417.7273864746094,21.7415771484375,35.236419677734375,0.9285919666290283,1,0,-1
59,665,621.4962768554688,416.880859375,22.20111083984375,35.443817138671875,0.9273533225059509,1,0,-1
60,665,621.3101806640625,415.7747802734375,22.191162109375,35.8800048828125,0.9260391592979431,1,0,-1
61,665,621.1170043945312,415.40814208984375,22.09893798828125,36.106719970703125,0.9185695052146912,1,0,-1
62,665,620.390625,414.6318359375,22.115478515625,36.067901611328125,0.9204707741737366,1,0,-1
63,665,619.3775024414062,414.24554443359375,22.22283935546875,35.70697021484375,0.9233394265174866,1,0,-1
64,665,618.6566772460938,414.1514587402344,22.57598876953125,36.129974365234375,0.9274645447731018,1,0,-1
65,665,617.8790283203125,414.268798828125,22.6318359375,36.339752197265625,0.9269267320632935,1,0,-1
66,665,617.1895141601562,414.70806884765625,21.95086669921875,36.477569580078125,0.9266600012779236,1,0,-1
67,665,616.6569213867188,415.8056640625,21.78741455078125,36.0748291015625,0.9234786033630371,1,0,-1
68,665,615.6834106445312,417.1171569824219,22.21649169921875,36.650726318359375,0.9316353797912598,1,0,-1
69,665,615.0550537109375,418.1605529785156,22.22705078125,37.083587646484375,0.9113439917564392,1,0,-1
70,665,613.7260131835938,419.20587158203125,22.1285400390625,37.65533447265625,0.5170281529426575,1,0,-1
71,665,612.228759765625,420.6410827636719,22.49346923828125,37.176666259765625,0.5284348726272583,1,0,-1
72,665,611.369873046875,421.48004150390625,22.96240234375,37.407470703125,0.9006643891334534,1,0,-1
73,665,609.9175415039062,422.6202697753906,23.2955322265625,37.51947021484375,0.918552577495575,1,0,-1
74,665,608.6345825195312,423.8271179199219,23.5738525390625,37.642852783203125,0.9284022450447083,1,0,-1
75,665,607.445556640625,424.74176025390625,23.7723388671875,38.009735107421875,0.9261159300804138,1,0,-1
76,665,605.8695068359375,425.892578125,23.597900390625,37.817657470703125,0.9206582307815552,1,0,-1
77,665,604.3026123046875,426.56951904296875,23.4185791015625,38.088958740234375,0.9150438904762268,1,0,-1
78,665,602.7283935546875,427.1257629394531,23.02008056640625,38.054412841796875,0.9185776114463806,1,0,-1
79,665,600.834716796875,427.4256896972656,22.8909912109375,38.32586669921875,0.9240152835845947,1,0,-1
80,665,599.0150756835938,428.1632385253906,22.94384765625,38.195220947265625,0.9198449850082397,1,0,-1
81,665,597.2816162109375,428.79327392578125,22.76220703125,38.28509521484375,0.9234028458595276,1,0,-1
82,665,595.4208374023438,429.35693359375,23.03765869140625,37.966278076171875,0.927510678768158,1,0,-1
83,665,593.5576782226562,429.5851135253906,22.846435546875,38.260467529296875,0.9233117699623108,1,0,-1
84,665,591.6203002929688,430.2994689941406,22.93505859375,38.79998779296875,0.9188163876533508,1,0,-1
85,665,588.8613891601562,430.60015869140625,23.58917236328125,38.874237060546875,0.8938817977905273,1,0,-1
86,665,585.861083984375,430.5574645996094,24.435791015625,38.8492431640625,0.9216737151145935,1,0,-1
87,665,583.5814819335938,429.763916015625,24.47943115234375,39.5914306640625,0.9226264953613281,1,0,-1
88,665,581.4281005859375,428.8521728515625,24.073486328125,39.528411865234375,0.9165988564491272,1,0,-1
89,665,579.2142333984375,428.0196838378906,24.0201416015625,39.59539794921875,0.9210551977157593,1,0,-1
90,665,576.5462646484375,427.40728759765625,24.36297607421875,39.523529052734375,0.9243870377540588,1,0,-1
91,665,573.6991577148438,426.58489990234375,24.38739013671875,39.34698486328125,0.9239619374275208,1,0,-1
92,665,570.857421875,426.10498046875,24.5068359375,39.36041259765625,0.9234048128128052,1,0,-1
93,665,568.4430541992188,425.3346862792969,24.55523681640625,39.568084716796875,0.9335135817527771,1,0,-1
94,665,565.3077392578125,424.4981384277344,24.9056396484375,39.588226318359375,0.9299278855323792,1,0,-1
95,665,561.9453125,423.8974914550781,25.322265625,39.771240234375,0.9032256603240967,1,0,-1
96,665,558.3690795898438,423.16131591796875,25.2474365234375,40.365478515625,0.93373042345047,1,0,-1
97,665,554.904541015625,422.6843566894531,25.60894775390625,40.00677490234375,0.9283514618873596,1,0,-1
98,665,551.4702758789062,422.49249267578125,25.69122314453125,40.009857177734375,0.9216201901435852,1,0,-1
99,665,547.6675415039062,422.22662353515625,25.8062744140625,39.941741943359375,0.9366266131401062,1,0,-1
100,665,544.7161865234375,421.65234375,25.5343017578125,40.3565673828125,0.9362068176269531,1,0,-1
101,665,540.3864135742188,420.8477783203125,25.5294189453125,40.910675048828125,0.9381145238876343,1,0,-1
102,665,523.0966796875,420.3349914550781,26.8887939453125,40.398223876953125,0.8310619592666626,1,0,-1
103,665,507.87103271484375,418.0910339355469,28.1048583984375,41.00518798828125,0.9217127561569214,1,0,-1
104,665,498.3056335449219,417.912841796875,27.415069580078125,41.120819091796875,0.9385736584663391,1,0,-1
105,665,488.3521728515625,417.38018798828125,28.17559814453125,41.45037841796875,0.8968021869659424,1,0,-1
106,665,477.59405517578125,416.58575439453125,27.93994140625,41.46148681640625,0.9174680113792419,1,0,-1
107,665,467.1485900878906,415.727783203125,27.712738037109375,41.679473876953125,0.7752633690834045,1,0,-1
108,665,459.8288269042969,415.5856628417969,27.97515869140625,42.11572265625,0.9229921698570251,1,0,-1
109,665,453.2167663574219,414.9810485839844,27.693389892578125,42.23626708984375,0.9115262031555176,1,0,-1
110,665,447.8336486816406,414.2540588378906,27.80035400390625,42.333892822265625,0.9267070889472961,1,0,-1
111,665,444.8735046386719,413.5358581542969,28.1260986328125,42.589996337890625,0.9340988993644714,1,0,-1
112,665,441.6064453125,412.6596374511719,28.25213623046875,42.8505859375,0.9054777026176453,1,0,-1
113,665,440.00750732421875,411.5877685546875,28.42254638671875,42.093109130859375,0.8253448605537415,1,0,-1
114,665,438.88134765625,410.66302490234375,28.422637939453125,42.13946533203125,0.9359720349311829,1,0,-1
115,665,438.95404052734375,409.5511474609375,28.84503173828125,42.55267333984375,0.92649906873703,1,0,-1
116,665,439.30914306640625,408.97216796875,28.875885009765625,42.376556396484375,0.8940890431404114,1,0,-1
117,665,440.137451171875,408.4066162109375,29.169464111328125,42.622528076171875,0.7481629252433777,1,0,-1
118,665,442.4092102050781,407.5246887207031,29.21630859375,42.79730224609375,0.9011625647544861,1,0,-1
119,665,444.713134765625,406.1576232910156,29.126922607421875,42.949249267578125,0.9216590523719788,1,0,-1
120,665,448.23431396484375,404.9161071777344,28.9149169921875,42.9710693359375,0.9317657947540283,1,0,-1
121,665,451.32098388671875,403.1347961425781,29.06683349609375,43.536285400390625,0.9334134459495544,1,0,-1
122,665,453.66546630859375,401.4907531738281,29.26068115234375,43.375091552734375,0.9321460723876953,1,0,-1
123,665,456.9408264160156,399.3250427246094,29.06451416015625,43.2122802734375,0.9376150965690613,1,0,-1
124,665,459.9351806640625,396.9317321777344,29.074462890625,43.378204345703125,0.942435085773468,1,0,-1
125,665,462.79803466796875,393.97119140625,29.82623291015625,43.661865234375,0.9311065673828125,1,0,-1
126,665,465.5825500488281,391.55096435546875,29.2451171875,43.5445556640625,0.9130672216415405,1,0,-1
127,665,468.9957275390625,388.49615478515625,28.749755859375,43.6107177734375,0.9261305332183838,1,0,-1
128,665,471.467529296875,385.55255126953125,28.41033935546875,43.1329345703125,0.9238784909248352,1,0,-1
129,665,473.6386413574219,382.258544921875,28.566253662109375,43.633819580078125,0.911203145980835,1,0,-1
130,665,475.5756530761719,379.4046325683594,28.9912109375,43.669525146484375,0.9282720685005188,1,0,-1
131,665,477.6424255371094,376.4980773925781,28.838470458984375,43.13525390625,0.928994357585907,1,0,-1
132,665,479.4874267578125,373.65069580078125,29.041259765625,42.754913330078125,0.9385881423950195,1,0,-1
133,665,481.75958251953125,370.5012512207031,29.420867919921875,43.0882568359375,0.9321195483207703,1,0,-1
134,665,483.8077697753906,368.29083251953125,29.974517822265625,43.0345458984375,0.9341033697128296,1,0,-1
135,665,485.9927062988281,365.99847412109375,29.549713134765625,42.91729736328125,0.8676587343215942,1,0,-1
136,665,487.6772766113281,363.22772216796875,29.386566162109375,43.4805908203125,0.5404828786849976,1,0,-1
137,665,488.1353454589844,361.63348388671875,29.422210693359375,43.5572509765625,0.8254848718643188,1,0,-1
138,665,487.7423400878906,360.301513671875,29.766387939453125,44.322021484375,0.8072746396064758,1,0,-1
140,665,484.0667724609375,359.93243408203125,29.67486572265625,44.963958740234375,0.9313672780990601,1,0,-1
141,665,481.6545715332031,360.630126953125,28.852142333984375,45.03570556640625,0.9369780421257019,1,0,-1
142,665,478.615234375,361.15576171875,29.478271484375,44.92864990234375,0.9395950436592102,1,0,-1
143,665,476.42156982421875,362.09637451171875,30.012176513671875,45.04425048828125,0.9363301396369934,1,0,-1
144,665,474.04498291015625,362.7602233886719,29.663726806640625,44.9730224609375,0.940249502658844,1,0,-1
145,665,471.53082275390625,363.13446044921875,29.0528564453125,44.9744873046875,0.9389265179634094,1,0,-1
146,665,469.00042724609375,363.25396728515625,29.29302978515625,45.20562744140625,0.9348445534706116,1,0,-1
147,665,464.75299072265625,362.64105224609375,30.314361572265625,45.476715087890625,0.9279340505599976,1,0,-1
148,665,462.43450927734375,361.8205871582031,29.791839599609375,45.425262451171875,0.9340845346450806,1,0,-1
149,665,458.7352294921875,361.6126708984375,29.25238037109375,44.91607666015625,0.9341738224029541,1,0,-1
150,665,455.3229675292969,360.2449035644531,29.76141357421875,45.442108154296875,0.9339547753334045,1,0,-1
151,665,451.9872131347656,358.9667053222656,30.348175048828125,46.065948486328125,0.9238842725753784,1,0,-1
152,665,448.4559326171875,357.4920959472656,30.279083251953125,46.308258056640625,0.9392004609107971,1,0,-1
153,665,444.4504699707031,356.0225524902344,30.976837158203125,46.505218505859375,0.9453726410865784,1,0,-1
154,665,439.373291015625,354.6144104003906,31.68255615234375,46.727935791015625,0.9376189112663269,1,0,-1
155,665,435.7446594238281,352.2872009277344,32.0101318359375,47.3115234375,0.9488134980201721,1,0,-1
156,665,430.9166259765625,350.198974609375,32.1412353515625,47.338287353515625,0.9475323557853699,1,0,-1
157,665,426.92230224609375,348.2832336425781,32.6915283203125,46.863525390625,0.9492373466491699,1,0,-1
158,665,423.41827392578125,346.27703857421875,32.51513671875,47.106689453125,0.9496034383773804,1,0,-1
159,665,419.5279541015625,343.8323059082031,32.5391845703125,47.196929931640625,0.9462456703186035,1,0,-1
160,665,415.372802734375,341.7779235839844,32.810028076171875,47.085235595703125,0.9005249738693237,1,0,-1
161,665,411.2739562988281,339.4759826660156,33.325164794921875,47.91876220703125,0.9429765343666077,1,0,-1
162,665,408.1233825683594,337.24322509765625,32.68133544921875,48.694671630859375,0.9233266115188599,1,0,-1
163,665,404.040771484375,335.0426330566406,33.116668701171875,48.8980712890625,0.920879602432251,1,0,-1
164,665,400.63995361328125,332.96929931640625,33.305755615234375,49.3193359375,0.9257925152778625,1,0,-1
165,665,397.0936279296875,331.57049560546875,33.325775146484375,48.964691162109375,0.9443515539169312,1,0,-1
166,665,393.25054931640625,329.985595703125,33.85699462890625,48.78814697265625,0.9475506544113159,1,0,-1
167,665,389.3495788574219,328.1993408203125,34.270538330078125,49.444732666015625,0.9468796849250793,1,0,-1
168,665,385.9311218261719,326.1724548339844,34.897918701171875,49.573638916015625,0.9450835585594177,1,0,-1
169,665,382.9225158691406,325.1502990722656,34.7586669921875,49.743927001953125,0.9489901661872864,1,0,-1
170,665,379.74114990234375,324.0027160644531,35.09539794921875,49.112274169921875,0.9376530647277832,1,0,-1
171,665,377.6895446777344,323.13958740234375,35.12506103515625,48.891021728515625,0.9288600087165833,1,0,-1
172,665,375.1047668457031,322.567626953125,35.18939208984375,49.146331787109375,0.9398975372314453,1,0,-1
173,665,371.5234375,322.2210693359375,35.20947265625,49.611785888671875,0.9472753405570984,1,0,-1
174,665,367.6643981933594,321.51806640625,35.475982666015625,50.55780029296875,0.9487723708152771,1,0,-1
175,665,364.350830078125,321.5960998535156,35.740753173828125,51.27264404296875,0.9557614922523499,1,0,-1
176,665,361.5273132324219,322.07550048828125,35.618072509765625,51.469207763671875,0.9417192339897156,1,0,-1
177,665,358.46331787109375,322.9379577636719,35.815277099609375,51.567138671875,0.9496534466743469,1,0,-1
178,665,356.3313903808594,323.57159423828125,35.93096923828125,51.139617919921875,0.9473606944084167,1,0,-1
179,665,354.70947265625,323.8279113769531,36.2537841796875,50.974456787109375,0.9434370398521423,1,0,-1
180,665,353.7989501953125,323.77362060546875,36.3232421875,51.047698974609375,0.9452178478240967,1,0,-1
181,665,352.3373718261719,323.5105895996094,36.82391357421875,50.933990478515625,0.9486579895019531,1,0,-1
182,665,351.6642761230469,322.7751770019531,37.0516357421875,51.705596923828125,0.94953453540802,1,0,-1
183,665,350.1858215332031,321.8786926269531,37.554107666015625,51.42242431640625,0.9458714723587036,1,0,-1
184,665,347.9334716796875,320.61700439453125,37.51934814453125,51.734100341796875,0.951909601688385,1,0,-1
185,665,345.1290588378906,318.89666748046875,37.186737060546875,52.101470947265625,0.9563868641853333,1,0,-1
186,665,342.13226318359375,317.52484130859375,37.29803466796875,52.21417236328125,0.9606029987335205,1,0,-1
187,665,338.7414245605469,316.3111267089844,37.982818603515625,52.493560791015625,0.9529167413711548,1,0,-1
188,665,335.6784362792969,315.68621826171875,38.568695068359375,52.336883544921875,0.8537074327468872,1,0,-1
189,665,332.9104309082031,315.2483215332031,39.16448974609375,52.80340576171875,0.9560956358909607,1,0,-1
190,665,330.3629455566406,314.5163269042969,39.05426025390625,53.401153564453125,0.9603985548019409,1,0,-1
191,665,328.0268249511719,314.30072021484375,39.004425048828125,53.358734130859375,0.9605134725570679,1,0,-1
192,665,325.2428283691406,314.7005615234375,39.27587890625,53.695343017578125,0.9565849304199219,1,0,-1
193,665,322.4185485839844,315.156982421875,38.92718505859375,53.7623291015625,0.9545655846595764,1,0,-1
194,665,320.15447998046875,316.3018493652344,39.0513916015625,53.323150634765625,0.9586914777755737,1,0,-1
195,665,318.4327697753906,316.83563232421875,38.933197021484375,53.704071044921875,0.962207555770874,1,0,-1
196,665,316.2681884765625,317.8922119140625,39.167449951171875,53.800933837890625,0.961367666721344,1,0,-1
197,665,314.0499572753906,318.7815856933594,39.786590576171875,54.437713623046875,0.959030032157898,1,0,-1
198,665,312.0758361816406,319.8877868652344,39.798858642578125,55.547760009765625,0.9630556702613831,1,0,-1
199,665,309.8760681152344,321.1175842285156,40.081573486328125,55.3935546875,0.9124290347099304,1,0,-1
200,665,307.6016845703125,322.3687744140625,40.395294189453125,55.91680908203125,0.954886794090271,1,0,-1
201,665,305.7955627441406,323.93853759765625,40.120880126953125,55.48944091796875,0.9476407766342163,1,0,-1
202,665,303.70343017578125,324.5511169433594,40.190032958984375,55.84912109375,0.9530168771743774,1,0,-1
203,665,301.4706726074219,324.9720764160156,41.02880859375,56.321258544921875,0.9462679624557495,1,0,-1
204,665,299.7256164550781,326.1201477050781,40.71282958984375,56.1656494140625,0.9488235712051392,1,0,-1
205,665,297.5825500488281,327.46173095703125,40.667724609375,56.032958984375,0.946478009223938,1,0,-1
206,665,295.28887939453125,328.33111572265625,40.96441650390625,55.988067626953125,0.9440685510635376,1,0,-1
207,665,293.04583740234375,329.0486755371094,41.08917236328125,56.515899658203125,0.9467915296554565,1,0,-1
208,665,290.38201904296875,329.9140625,41.467529296875,56.448486328125,0.9434947371482849,1,0,-1
209,665,288.5020446777344,330.8022766113281,41.56292724609375,56.559173583984375,0.942448616027832,1,0,-1
210,665,286.20697021484375,331.764892578125,42.005615234375,57.108001708984375,0.9470068216323853,1,0,-1
211,665,284.2227478027344,332.2752685546875,41.915618896484375,57.4610595703125,0.8877590298652649,1,0,-1
212,665,282.83197021484375,332.91259765625,41.69110107421875,57.81939697265625,0.6309663653373718,1,0,-1
213,665,280.80010986328125,333.5159912109375,41.408538818359375,58.686279296875,0.9561914205551147,1,0,-1
214,665,277.9400939941406,334.61077880859375,41.7071533203125,58.262054443359375,0.9524999260902405,1,0,-1
215,665,274.83367919921875,334.8785095214844,41.98553466796875,58.75872802734375,0.955357551574707,1,0,-1
216,665,271.82025146484375,335.3709716796875,42.717742919921875,59.075958251953125,0.9516374468803406,1,0,-1
217,665,269.94775390625,335.90594482421875,42.688629150390625,59.095703125,0.9585486054420471,1,0,-1
218,665,268.0679626464844,336.11602783203125,42.86163330078125,59.296905517578125,0.9568406939506531,1,0,-1
219,665,266.7441101074219,336.15277099609375,42.714447021484375,59.477996826171875,0.930628776550293,1,0,-1
220,665,265.4718322753906,336.03070068359375,42.771728515625,59.317535400390625,0.918914794921875,1,0,-1
221,665,263.5068054199219,335.52972412109375,43.29339599609375,59.873016357421875,0.9550482630729675,1,0,-1
222,665,261.1141357421875,335.2714538574219,44.13525390625,60.11810302734375,0.9530362486839294,1,0,-1
223,665,258.6134338378906,335.1240234375,44.996917724609375,60.496307373046875,0.7846420407295227,1,0,-1
224,665,256.96533203125,334.0408020019531,44.87347412109375,61.179412841796875,0.9461809992790222,1,0,-1
225,665,255.11318969726562,332.7621154785156,44.6221923828125,61.268218994140625,0.9540520906448364,1,0,-1
226,665,252.6048126220703,331.80755615234375,44.36528015136719,60.57330322265625,0.9459793567657471,1,0,-1
227,665,250.41513061523438,330.2646484375,44.7425537109375,60.59429931640625,0.9462881684303284,1,0,-1
228,665,247.56228637695312,328.6974182128906,45.228912353515625,61.04034423828125,0.9375829100608826,1,0,-1
229,665,244.5478515625,326.936767578125,45.36114501953125,60.9385986328125,0.9400287866592407,1,0,-1
230,665,241.94642639160156,324.4980163574219,45.84037780761719,61.845367431640625,0.9488627314567566,1,0,-1
231,665,239.8422393798828,322.29931640625,46.15977478027344,62.106689453125,0.9566347599029541,1,0,-1
232,665,237.83973693847656,320.15777587890625,46.81190490722656,61.7786865234375,0.9617913961410522,1,0,-1
233,665,234.7865447998047,318.3367919921875,47.69526672363281,62.274688720703125,0.956969141960144,1,0,-1
234,665,233.30397033691406,316.4603576660156,46.98719787597656,62.400848388671875,0.955674409866333,1,0,-1
235,665,231.48989868164062,313.5960693359375,47.206298828125,62.893890380859375,0.9621869921684265,1,0,-1
236,665,228.91363525390625,310.921630859375,47.8865966796875,63.720855712890625,0.9549014568328857,1,0,-1
237,665,226.3504638671875,307.8542785644531,47.902923583984375,64.17034912109375,0.9116472601890564,1,0,-1
238,665,222.88592529296875,305.1085205078125,47.61572265625,64.00115966796875,0.9347812533378601,1,0,-1
239,665,219.07664489746094,302.0760192871094,48.16819763183594,64.1851806640625,0.9407814145088196,1,0,-1
240,665,215.6350555419922,298.2218017578125,48.75187683105469,64.54788208007812,0.9475326538085938,1,0,-1
241,665,211.64755249023438,294.4021301269531,49.583648681640625,65.02664184570312,0.9575291275978088,1,0,-1
242,665,207.84588623046875,290.1894226074219,49.71759033203125,65.26394653320312,0.9560968279838562,1,0,-1
243,665,204.464599609375,284.46380615234375,49.96856689453125,67.10748291015625,0.9526851177215576,1,0,-1
244,665,200.84625244140625,279.7186279296875,49.968780517578125,66.55569458007812,0.9410459995269775,1,0,-1
245,665,196.71722412109375,274.3000183105469,50.88641357421875,66.4359130859375,0.936941921710968,1,0,-1
246,665,193.09336853027344,268.4516296386719,51.22346496582031,66.97991943359375,0.9545961022377014,1,0,-1
247,665,189.9439239501953,262.488525390625,51.42713928222656,67.76470947265625,0.9449089765548706,1,0,-1
248,665,186.74847412109375,256.40478515625,51.91188049316406,67.90298461914062,0.9314784407615662,1,0,-1
249,665,184.19297790527344,250.21888732910156,52.26133728027344,67.76585388183594,0.9447445869445801,1,0,-1
250,665,182.0644989013672,244.04537963867188,52.14134216308594,67.8770751953125,0.9496155977249146,1,0,-1
251,665,179.8287811279297,236.07107543945312,52.3043212890625,69.40896606445312,0.9483979940414429,1,0,-1
252,665,177.15817260742188,228.99398803710938,53.45648193359375,69.85574340820312,0.9417125582695007,1,0,-1
253,665,173.9783935546875,221.9598846435547,54.315673828125,69.81950378417969,0.934100866317749,1,0,-1
254,665,171.29721069335938,214.21580505371094,53.9869384765625,70.83287048339844,0.9134478569030762,1,0,-1
255,665,168.65286254882812,206.6173858642578,53.8126220703125,71.41304016113281,0.9299036860466003,1,0,-1
256,665,165.1424102783203,198.81005859375,54.80720520019531,71.78988647460938,0.943210780620575,1,0,-1
257,665,161.49072265625,190.90402221679688,55.1239013671875,72.02090454101562,0.940538763999939,1,0,-1
258,665,158.22891235351562,182.80148315429688,55.313385009765625,72.54838562011719,0.8591175079345703,1,0,-1
260,665,150.143310546875,164.9256134033203,57.544586181640625,74.75018310546875,0.9270849823951721,1,0,-1
261,665,146.28759765625,156.78306579589844,56.761077880859375,74.84710693359375,0.9004274606704712,1,0,-1
