103,926,1639.2108154296875,0.48806124925613403,119.54150390625,65.82610321044922,0.8038923740386963,1,0,-1
104,926,1635.3209228515625,0.7164273262023926,119.1492919921875,68.48088836669922,0.7492958307266235,1,0,-1
105,926,1631.5628662109375,0.5129561424255371,117.9041748046875,71.21244049072266,0.7289087176322937,1,0,-1
107,926,1622.8995361328125,0.46711117029190063,117.378173828125,76.48408508300781,0.5455499291419983,1,0,-1
108,926,1618.9852294921875,0.4847419559955597,116.8310546875,78.15743255615234,0.7707992792129517,1,0,-1
109,926,1614.389892578125,0.4771023094654083,116.8826904296875,80.79341125488281,0.8385064601898193,1,0,-1
110,926,1609.7838134765625,0.42954128980636597,117.481689453125,84.3363265991211,0.7995537519454956,1,0,-1
111,926,1606.1541748046875,0.4291773736476898,117.2606201171875,87.78358459472656,0.6077178716659546,1,0,-1
112,926,1602.4630126953125,0.36489418148994446,117.2027587890625,90.21849822998047,0.9542884826660156,1,0,-1
113,926,1597.83544921875,0.3385244309902191,117.06982421875,92.91543579101562,0.9588008522987366,1,0,-1
114,926,1593.609130859375,0.32884466648101807,116.784423828125,95.49272155761719,0.9630163311958313,1,0,-1
115,926,1589.090087890625,0.3196437358856201,116.644287109375,98.70523071289062,0.9663839340209961,1,0,-1
116,926,1584.6434326171875,0.3293672800064087,116.6514892578125,100.95086669921875,0.9690684080123901,1,0,-1
117,926,1581.3331298828125,0.3236890733242035,115.192138671875,103.52252960205078,0.9669042825698853,1,0,-1
118,926,1577.483642578125,0.3034347593784332,114.2659912109375,106.75553894042969,0.9676492214202881,1,0,-1
119,926,1573.2625732421875,0.2716818153858185,114.2525634765625,110.43782806396484,0.9702461957931519,1,0,-1
120,926,1568.8052978515625,0.21950770914554596,114.724609375,113.33482360839844,0.9724894165992737,1,0,-1
121,926,1564.9168701171875,0.15512634813785553,115.0992431640625,115.96315002441406,0.9690105319023132,1,0,-1
122,926,1560.6689453125,0.09260193258523941,116.15625,118.29884338378906,0.9679259657859802,1,0,-1
123,926,1557.1251220703125,0.12431352585554123,115.962890625,121.61235046386719,0.9755418300628662,1,0,-1
124,926,1553.22607421875,0.0008008627919480205,116.2012939453125,125.29267120361328,0.975286066532135,1,0,-1
125,926,1550.25634765625,0.103643998503685,115.7723388671875,129.5287628173828,0.9787628054618835,1,0,-1
126,926,1546.940185546875,0.20054423809051514,116.114013671875,134.95492553710938,0.9810425043106079,1,0,-1
127,926,1543.509521484375,0.22411154210567474,115.8074951171875,138.09609985351562,0.9842878580093384,1,0,-1
128,926,1539.7275390625,0.284870445728302,115.5223388671875,140.9131622314453,0.9847031235694885,1,0,-1
129,926,1535.980224609375,0.2900163233280182,115.75,142.84634399414062,0.9841650724411011,1,0,-1
130,926,1532.9122314453125,0.26714232563972473,115.0869140625,144.49583435058594,0.9835553765296936,1,0,-1
131,926,1529.0845947265625,0.26315534114837646,113.9451904296875,147.12127685546875,0.9820747971534729,1,0,-1
132,926,1525.0556640625,0.26142629981040955,114.22802734375,151.45639038085938,0.9830448627471924,1,0,-1
133,926,1520.436767578125,0.23304559290409088,115.078125,156.74562072753906,0.9814754724502563,1,0,-1
134,926,1515.7314453125,0.18209333717823029,115.6728515625,159.7494354248047,0.9807839393615723,1,0,-1
135,926,1511.4605712890625,0.11624225229024887,116.4581298828125,162.5974578857422,0.9785305857658386,1,0,-1
136,926,1507.7080078125,0.0718238353729248,116.1805419921875,165.50311279296875,0.9107500314712524,1,0,-1
137,926,1504.2769775390625,0.007663296535611153,114.046630859375,170.08607482910156,0.9735931158065796,1,0,-1
138,926,1499.83251953125,0.0,114.212158203125,174.1378631591797,0.98445063829422,1,0,-1
139,926,1495.0626220703125,0.0,113.7493896484375,177.69589233398438,0.9870880842208862,1,0,-1
140,926,1489.9237060546875,0.0,114.4517822265625,182.03408813476562,0.9859731197357178,1,0,-1
141,926,1485.9300537109375,0.0,114.0391845703125,183.80078125,0.9866306185722351,1,0,-1
142,926,1482.3134765625,0.0,112.403076171875,186.53945922851562,0.9870797991752625,1,0,-1
143,926,1476.408203125,0.0,113.7635498046875,188.4635772705078,0.9883698225021362,1,0,-1
144,926,1470.951416015625,0.0,114.902099609375,190.5040740966797,0.9882280230522156,1,0,-1
145,926,1466.203369140625,0.13019616901874542,115.1650390625,192.8468475341797,0.9871969223022461,1,0,-1
146,926,1462.33642578125,0.0,115.1134033203125,195.65846252441406,0.9854734539985657,1,0,-1
147,926,1459.544189453125,0.9436564445495605,113.358642578125,197.51446533203125,0.7737974524497986,1,0,-1
148,926,1455.2706298828125,3.6510417461395264,113.486083984375,199.17359924316406,0.9850954413414001,1,0,-1
149,926,1451.037841796875,6.769615650177002,113.630615234375,199.23025512695312,0.9886707067489624,1,0,-1
150,926,1447.1351318359375,9.474640846252441,112.575927734375,198.5989532470703,0.9891575574874878,1,0,-1
151,926,1442.9891357421875,12.346919059753418,112.917724609375,198.31700134277344,0.9882380366325378,1,0,-1
152,926,1438.8634033203125,15.394305229187012,112.5712890625,196.64601135253906,0.9867815375328064,1,0,-1
153,926,1434.620361328125,18.71788215637207,111.6531982421875,195.1880340576172,0.9863011837005615,1,0,-1
154,926,1430.64111328125,21.856853485107422,111.4189453125,195.07015991210938,0.9843736886978149,1,0,-1
155,926,1425.7142333984375,24.299394607543945,111.6744384765625,195.60403442382812,0.9270368218421936,1,0,-1
156,926,1420.99462890625,27.165451049804688,112.34716796875,196.7013702392578,0.9854421615600586,1,0,-1
157,926,1416.33740234375,30.41077995300293,112.29052734375,197.43606567382812,0.9867480993270874,1,0,-1
158,926,1412.273193359375,32.86216354370117,111.59033203125,197.9624481201172,0.8848332762718201,1,0,-1
159,926,1407.5821533203125,36.38350296020508,111.349365234375,198.2017822265625,0.9873472452163696,1,0,-1
160,926,1402.47509765625,39.40116882324219,111.9903564453125,197.36119079589844,0.9894582033157349,1,0,-1
161,926,1398.5726318359375,43.062957763671875,111.57080078125,196.19078063964844,0.9892346858978271,1,0,-1
162,926,1393.90234375,46.03639221191406,111.5120849609375,195.69737243652344,0.9882750511169434,1,0,-1
163,926,1389.716796875,49.49842834472656,110.46533203125,195.1460418701172,0.9887316823005676,1,0,-1
164,926,1385.2779541015625,53.11970138549805,109.7381591796875,195.5152130126953,0.9893999695777893,1,0,-1
165,926,1380.5577392578125,56.41064453125,110.0340576171875,195.88992309570312,0.9888779520988464,1,0,-1
166,926,1375.4268798828125,59.23035430908203,111.0899658203125,195.79168701171875,0.987820565700531,1,0,-1
167,926,1370.5992431640625,62.443267822265625,110.4852294921875,195.775146484375,0.986137330532074,1,0,-1
168,926,1365.9234619140625,65.5567626953125,110.52001953125,195.20999145507812,0.9840324521064758,1,0,-1
169,926,1360.8114013671875,68.45228576660156,111.1123046875,196.14280700683594,0.9830385446548462,1,0,-1
170,926,1355.695556640625,71.91085052490234,111.1849365234375,196.18453979492188,0.9794736504554749,1,0,-1
171,926,1350.3118896484375,74.19061279296875,110.415771484375,197.75445556640625,0.9841738939285278,1,0,-1
172,926,1345.116455078125,77.3389663696289,109.8154296875,198.92242431640625,0.9869590401649475,1,0,-1
173,926,1340.7991943359375,80.43777465820312,109.0635986328125,198.20571899414062,0.9883210062980652,1,0,-1
174,926,1336.3248291015625,84.46051025390625,108.620361328125,196.8094482421875,0.9885997772216797,1,0,-1
175,926,1330.9776611328125,88.30012512207031,109.0777587890625,194.73231506347656,0.9887356162071228,1,0,-1
176,926,1325.7288818359375,92.07147979736328,109.2572021484375,194.29217529296875,0.9878308176994324,1,0,-1
177,926,1320.259521484375,94.44222259521484,109.0660400390625,194.73849487304688,0.9867108464241028,1,0,-1
178,926,1314.7244873046875,97.6823959350586,108.9603271484375,195.15728759765625,0.9872937202453613,1,0,-1
179,926,1309.103271484375,101.58731079101562,109.5384521484375,195.93658447265625,0.9898738861083984,1,0,-1
180,926,1303.7034912109375,105.36195373535156,109.1402587890625,195.6415252685547,0.9892366528511047,1,0,-1
181,926,1297.919189453125,108.20671081542969,109.5906982421875,195.72837829589844,0.9883188009262085,1,0,-1
182,926,1293.0482177734375,110.69514465332031,108.470703125,195.6177215576172,0.9889543056488037,1,0,-1
183,926,1287.8006591796875,113.89204406738281,107.2979736328125,194.71702575683594,0.9872170090675354,1,0,-1
184,926,1282.179443359375,116.76290130615234,107.708740234375,194.98355102539062,0.9863072037696838,1,0,-1
185,926,1276.205322265625,119.5516357421875,108.123291015625,195.7291259765625,0.9816455841064453,1,0,-1
186,926,1270.632080078125,122.00103759765625,107.9287109375,196.56259155273438,0.9633430242538452,1,0,-1
187,926,1264.3828125,124.93235778808594,108.4571533203125,197.55897521972656,0.9880632758140564,1,0,-1
188,926,1258.025146484375,128.1276092529297,107.811279296875,197.4993438720703,0.9887291193008423,1,0,-1
189,926,1251.6739501953125,131.38107299804688,108.9697265625,196.57473754882812,0.9879960417747498,1,0,-1
190,926,1245.91357421875,134.38597106933594,107.58544921875,196.15174865722656,0.9892939329147339,1,0,-1
191,926,1239.87451171875,137.95053100585938,107.181640625,194.69854736328125,0.9891422986984253,1,0,-1
192,926,1233.884033203125,140.84336853027344,108.07373046875,194.8287811279297,0.9891381859779358,1,0,-1
193,926,1227.4564208984375,144.53965759277344,108.08642578125,194.69700622558594,0.9870314002037048,1,0,-1
194,926,1220.9976806640625,147.45919799804688,108.09228515625,196.41424560546875,0.9888034462928772,1,0,-1
195,926,1214.2677001953125,151.6245574951172,107.8367919921875,195.85035705566406,0.989415168762207,1,0,-1
196,926,1207.787109375,155.3467254638672,107.9686279296875,195.2225799560547,0.9890688061714172,1,0,-1
197,926,1201.191650390625,158.56719970703125,107.3603515625,195.306396484375,0.9897615313529968,1,0,-1
198,926,1195.3515625,162.25411987304688,107.10595703125,194.667236328125,0.9890102744102478,1,0,-1
199,926,1188.2786865234375,165.78091430664062,107.649658203125,194.74124145507812,0.9879740476608276,1,0,-1
200,926,1181.47314453125,169.2807159423828,108.3472900390625,195.3188018798828,0.9759500622749329,1,0,-1
201,926,1174.963623046875,172.02322387695312,107.8797607421875,197.26409912109375,0.9646333456039429,1,0,-1
202,926,1168.6534423828125,175.6810760498047,107.93994140625,197.8053436279297,0.9887433052062988,1,0,-1
203,926,1161.356201171875,179.59835815429688,108.2279052734375,196.55322265625,0.9891186952590942,1,0,-1
204,926,1154.4263916015625,182.92100524902344,107.9468994140625,196.3230743408203,0.9882444143295288,1,0,-1
205,926,1148.12890625,186.55601501464844,107.5225830078125,194.97486877441406,0.9897280335426331,1,0,-1
206,926,1141.467041015625,189.9853973388672,107.1624755859375,195.1282501220703,0.9891275763511658,1,0,-1
207,926,1133.9808349609375,193.2853240966797,107.8529052734375,196.1898651123047,0.9887619614601135,1,0,-1
208,926,1126.671630859375,196.72686767578125,109.1041259765625,197.21011352539062,0.9773094058036804,1,0,-1
209,926,1119.7149658203125,200.76060485839844,108.861083984375,197.01136779785156,0.9885588884353638,1,0,-1
210,926,1113.2447509765625,205.02383422851562,107.76953125,195.63894653320312,0.9891334176063538,1,0,-1
211,926,1106.027587890625,208.67758178710938,107.9471435546875,195.40737915039062,0.9889909029006958,1,0,-1
212,926,1100.1602783203125,212.63827514648438,107.072998046875,194.62893676757812,0.9889522194862366,1,0,-1
213,926,1092.802001953125,216.5899658203125,107.482177734375,195.49050903320312,0.9806692004203796,1,0,-1
214,926,1086.2110595703125,219.3162384033203,107.4359130859375,196.7982940673828,0.9861971735954285,1,0,-1
215,926,1078.722412109375,223.33607482910156,106.9539794921875,197.7179718017578,0.9863032698631287,1,0,-1
216,926,1071.4521484375,227.84146118164062,106.825439453125,197.61627197265625,0.9892052412033081,1,0,-1
217,926,1063.8809814453125,231.87969970703125,107.0220947265625,197.13949584960938,0.9877562522888184,1,0,-1
218,926,1056.716796875,236.3750762939453,107.1285400390625,196.2913360595703,0.9887942671775818,1,0,-1
219,926,1050.120361328125,241.30209350585938,106.8980712890625,195.75881958007812,0.9893698692321777,1,0,-1
220,926,1042.7030029296875,245.58265686035156,107.79443359375,196.54579162597656,0.9889675974845886,1,0,-1
221,926,1035.302734375,250.07164001464844,108.888427734375,196.46751403808594,0.9871150255203247,1,0,-1
222,926,1028.1455078125,253.96389770507812,109.10546875,197.45272827148438,0.986624002456665,1,0,-1
223,926,1021.1561279296875,259.5829162597656,108.956298828125,196.40322875976562,0.9900250434875488,1,0,-1
224,926,1013.9588012695312,265.1875305175781,109.18511962890625,195.85372924804688,0.9798845052719116,1,0,-1
225,926,1006.5094604492188,269.5000915527344,108.61431884765625,196.6513671875,0.9877575635910034,1,0,-1
226,926,999.84375,274.331298828125,108.3792724609375,196.03842163085938,0.9889147877693176,1,0,-1
227,926,992.721435546875,278.9612121582031,108.40234375,195.734619140625,0.9888191819190979,1,0,-1
228,926,985.6074829101562,283.8126525878906,109.74249267578125,195.38558959960938,0.987505316734314,1,0,-1
229,926,978.6084594726562,288.860107421875,109.83612060546875,196.18319702148438,0.9883621335029602,1,0,-1
230,926,971.493896484375,294.41241455078125,109.58447265625,196.27407836914062,0.9906704425811768,1,0,-1
231,926,964.51416015625,299.62969970703125,110.138427734375,195.54794311523438,0.989678144454956,1,0,-1
232,926,957.695068359375,304.3154602050781,110.1053466796875,195.98675537109375,0.9902933835983276,1,0,-1
233,926,951.66748046875,309.5857238769531,109.9437255859375,195.65841674804688,0.9877342581748962,1,0,-1
234,926,944.7327270507812,313.455078125,110.46966552734375,197.58297729492188,0.9844750761985779,1,0,-1
235,926,938.567626953125,319.0679931640625,111.2578125,196.55645751953125,0.9881786704063416,1,0,-1
236,926,932.3030395507812,323.7794189453125,111.37640380859375,197.80194091796875,0.9837527275085449,1,0,-1
237,926,926.3992919921875,328.5489501953125,111.3817138671875,198.04400634765625,0.9878296852111816,1,0,-1
238,926,920.2113647460938,333.964111328125,111.32781982421875,197.3245849609375,0.9898772835731506,1,0,-1
239,926,914.4765625,339.2860107421875,111.6871337890625,197.20404052734375,0.9890686869621277,1,0,-1
240,926,909.0460205078125,345.2906799316406,111.30706787109375,196.53268432617188,0.9895892143249512,1,0,-1
241,926,903.4818115234375,350.2426452636719,111.79962158203125,197.45993041992188,0.9892134070396423,1,0,-1
242,926,897.1905517578125,355.6767578125,112.38275146484375,196.95452880859375,0.9878693222999573,1,0,-1
243,926,891.1375122070312,359.6217041015625,113.33099365234375,198.53265380859375,0.9332809448242188,1,0,-1
244,926,885.3892211914062,363.92486572265625,113.53460693359375,199.26361083984375,0.9859609603881836,1,0,-1
245,926,880.0353393554688,369.0693359375,113.172119140625,200.3431396484375,0.9867249727249146,1,0,-1
246,926,874.508056640625,373.75372314453125,112.88287353515625,200.4564208984375,0.9885731935501099,1,0,-1
247,926,868.6763916015625,379.5596008300781,113.331787109375,199.16458129882812,0.9889361262321472,1,0,-1
248,926,863.2015380859375,384.51580810546875,113.59271240234375,199.5699462890625,0.9887575507164001,1,0,-1
249,926,858.0697631835938,389.15252685546875,112.8828125,200.08013916015625,0.9894033670425415,1,0,-1
250,926,852.2799682617188,394.08575439453125,113.0672607421875,200.30645751953125,0.9890968799591064,1,0,-1
251,926,845.8939208984375,398.32757568359375,113.91595458984375,200.83343505859375,0.9878348708152771,1,0,-1
252,926,839.5106201171875,403.6391906738281,115.139892578125,201.01077270507812,0.9808660745620728,1,0,-1
253,926,834.1671752929688,407.6326599121094,114.82440185546875,202.39602661132812,0.9657140970230103,1,0,-1
254,926,828.2898559570312,411.5285339355469,114.68939208984375,203.83920288085938,0.9870261549949646,1,0,-1
255,926,821.8759155273438,416.62701416015625,114.7862548828125,203.43511962890625,0.9885785579681396,1,0,-1
256,926,816.0098876953125,421.22564697265625,115.08892822265625,202.93597412109375,0.9881976246833801,1,0,-1
257,926,810.7481689453125,426.5610656738281,114.56732177734375,202.45309448242188,0.9878759384155273,1,0,-1
258,926,804.66650390625,430.0987243652344,114.80364990234375,203.91500854492188,0.9888550639152527,1,0,-1
259,926,798.1233520507812,433.6631774902344,115.524169921875,204.32150268554688,0.9890235662460327,1,0,-1
260,926,792.0642700195312,438.5028991699219,116.725341796875,203.28994750976562,0.9881948232650757,1,0,-1
261,926,785.9904174804688,441.5919189453125,117.592529296875,204.0797119140625,0.9853495955467224,1,0,-1
262,926,779.8064575195312,444.57489013671875,118.08453369140625,204.87542724609375,0.9858161211013794,1,0,-1
263,926,773.8192138671875,448.1335754394531,118.2386474609375,205.92599487304688,0.9828271865844727,1,0,-1
264,926,767.7687377929688,450.8642883300781,118.073486328125,206.79763793945312,0.9699379205703735,1,0,-1
265,926,762.2979125976562,453.59039306640625,118.09686279296875,207.47723388671875,0.9854222536087036,1,0,-1
266,926,756.7386474609375,456.549072265625,117.80682373046875,207.6142578125,0.9876892566680908,1,0,-1
267,926,750.7103881835938,459.95269775390625,118.482666015625,207.17132568359375,0.9893115162849426,1,0,-1
268,926,744.350341796875,463.0553283691406,119.5814208984375,207.16250610351562,0.9895338416099548,1,0,-1
269,926,738.805908203125,465.3522644042969,120.266845703125,207.40634155273438,0.9876118302345276,1,0,-1
270,926,733.11181640625,467.44549560546875,120.43994140625,208.6470947265625,0.9877947568893433,1,0,-1
271,926,727.095947265625,469.382080078125,120.73150634765625,209.4461669921875,0.9878623485565186,1,0,-1
272,926,720.7708740234375,471.8592834472656,120.5294189453125,209.42886352539062,0.9896506071090698,1,0,-1
273,926,714.927978515625,474.3025207519531,120.28717041015625,209.31643676757812,0.9887191653251648,1,0,-1
274,926,708.9893798828125,475.9130859375,120.41845703125,209.447998046875,0.9886282086372375,1,0,-1
275,926,701.6061401367188,477.61700439453125,121.2490234375,209.7799072265625,0.9896138310432434,1,0,-1
276,926,694.3163452148438,479.4210205078125,122.52423095703125,209.75360107421875,0.9890841841697693,1,0,-1
277,926,688.1151123046875,480.42340087890625,123.35382080078125,210.6707763671875,0.9865672588348389,1,0,-1
278,926,681.4600830078125,481.2564392089844,123.2996826171875,211.94857788085938,0.9874601364135742,1,0,-1
279,926,674.4003295898438,482.9103088378906,124.00189208984375,212.15231323242188,0.9889523386955261,1,0,-1
280,926,668.1923828125,484.52392578125,123.64068603515625,211.4803466796875,0.9900118708610535,1,0,-1
281,926,660.9867553710938,486.4602966308594,123.820556640625,210.65792846679688,0.9890601634979248,1,0,-1
282,926,653.0233154296875,487.7540588378906,124.4345703125,211.49356079101562,0.9892794489860535,1,0,-1
283,926,645.3087768554688,488.33734130859375,125.1083984375,212.1197509765625,0.9884518384933472,1,0,-1
284,926,638.2859497070312,488.919677734375,126.13690185546875,213.02215576171875,0.9844712018966675,1,0,-1
285,926,630.6217041015625,489.7331237792969,126.85186767578125,214.52651977539062,0.9692955017089844,1,0,-1
286,926,622.1920166015625,489.5013732910156,127.5509033203125,216.55874633789062,0.9770994782447815,1,0,-1
287,926,614.9691772460938,490.6877136230469,127.26104736328125,216.72482299804688,0.969440221786499,1,0,-1
288,926,607.3075561523438,491.47442626953125,127.4970703125,217.07354736328125,0.9829877614974976,1,0,-1
289,926,598.3357543945312,492.4164123535156,129.056640625,217.62771606445312,0.9880764484405518,1,0,-1
290,926,590.3270874023438,493.53863525390625,129.81903076171875,218.27166748046875,0.9818471074104309,1,0,-1
291,926,582.39892578125,494.42999267578125,130.6453857421875,219.10223388671875,0.9872138500213623,1,0,-1
292,926,573.9594116210938,495.44580078125,131.32403564453125,219.03240966796875,0.9871690273284912,1,0,-1
293,926,566.663330078125,497.2487487792969,130.36309814453125,219.02249145507812,0.9878121018409729,1,0,-1
294,926,558.3117065429688,498.36395263671875,131.23944091796875,218.9306640625,0.9869329333305359,1,0,-1
295,926,549.647216796875,498.9923095703125,131.649658203125,219.5335693359375,0.9883190393447876,1,0,-1
296,926,541.3684692382812,499.3656921386719,132.0855712890625,220.58804321289062,0.984433650970459,1,0,-1
297,926,532.2444458007812,500.0223083496094,133.6802978515625,221.82601928710938,0.9866977334022522,1,0,-1
298,926,523.5729370117188,500.9635009765625,133.94671630859375,222.3182373046875,0.9885199666023254,1,0,-1
299,926,514.6318969726562,502.71612548828125,134.138671875,222.15155029296875,0.9893612265586853,1,0,-1
300,926,504.9625244140625,503.971923828125,135.7847900390625,222.66485595703125,0.988882839679718,1,0,-1
301,926,495.7125549316406,505.5870056152344,136.34658813476562,223.48477172851562,0.9866217970848083,1,0,-1
302,926,485.2366943359375,506.9620666503906,137.828369140625,224.31649780273438,0.9886554479598999,1,0,-1
303,926,475.94866943359375,509.1040954589844,138.0576171875,223.80062866210938,0.9888866543769836,1,0,-1
304,926,466.1097412109375,510.21978759765625,138.6593017578125,224.46966552734375,0.9898676872253418,1,0,-1
305,926,455.2510986328125,511.5191650390625,139.20281982421875,223.8819580078125,0.9890617728233337,1,0,-1
306,926,445.0068664550781,512.7294921875,139.57199096679688,223.918212890625,0.9843735694885254,1,0,-1
307,926,433.6699523925781,513.3316650390625,141.48190307617188,225.531005859375,0.9871422052383423,1,0,-1
308,926,423.2560729980469,514.40625,142.09921264648438,226.40826416015625,0.9886881709098816,1,0,-1
309,926,412.4090270996094,515.1283569335938,143.31936645507812,227.37249755859375,0.9900569319725037,1,0,-1
310,926,401.587890625,515.9744262695312,144.4049072265625,227.417236328125,0.9880070686340332,1,0,-1
311,926,390.7589111328125,516.458251953125,145.1190185546875,228.0408935546875,0.9614120721817017,1,0,-1
312,926,380.2197570800781,517.01416015625,146.31356811523438,228.40496826171875,0.9879712462425232,1,0,-1
313,926,369.8185729980469,517.9237670898438,147.09317016601562,228.44476318359375,0.9893893599510193,1,0,-1
314,926,359.3636474609375,518.6394653320312,148.38705444335938,228.20458984375,0.9894253015518188,1,0,-1
315,926,349.942626953125,519.2490844726562,148.45416259765625,227.6549072265625,0.986517608165741,1,0,-1
316,926,339.6194763183594,519.1383056640625,149.19650268554688,227.77398681640625,0.9884005784988403,1,0,-1
317,926,330.40631103515625,518.9797973632812,149.41397094726562,227.9263916015625,0.9880911111831665,1,0,-1
318,926,320.8338623046875,518.8024291992188,150.31143188476562,227.81451416015625,0.9891421794891357,1,0,-1
319,926,311.16943359375,518.7125244140625,151.06893920898438,227.427734375,0.9894602298736572,1,0,-1
320,926,302.79248046875,518.348388671875,150.16326904296875,227.14605712890625,0.987633466720581,1,0,-1
321,926,293.49078369140625,517.9588623046875,150.59194946289062,226.7308349609375,0.9806721806526184,1,0,-1
322,926,284.83941650390625,517.597412109375,150.90142822265625,226.3912353515625,0.9881392121315002,1,0,-1
323,926,275.63958740234375,517.2586059570312,151.7974853515625,226.14154052734375,0.9893943667411804,1,0,-1
324,926,266.15191650390625,517.0669555664062,153.11761474609375,226.0809326171875,0.9904831647872925,1,0,-1
325,926,257.4759826660156,517.4857177734375,152.64785766601562,225.4730224609375,0.9892045855522156,1,0,-1
326,926,249.27793884277344,518.2217407226562,152.4597625732422,224.8277587890625,0.985346794128418,1,0,-1
327,926,240.09371948242188,518.708984375,152.94375610351562,225.24713134765625,0.9867945313453674,1,0,-1
328,926,231.8383331298828,520.1023559570312,152.8794708251953,224.71929931640625,0.9877212643623352,1,0,-1
329,926,222.8842315673828,521.9059448242188,154.1663055419922,224.53094482421875,0.9887987971305847,1,0,-1
330,926,214.50851440429688,523.7074584960938,154.24383544921875,224.19830322265625,0.9891641736030579,1,0,-1
331,926,206.7913818359375,525.5184936523438,153.64041137695312,223.91943359375,0.9871499538421631,1,0,-1
332,926,199.7578125,527.9956665039062,153.27841186523438,222.44305419921875,0.9841773509979248,1,0,-1
333,926,191.8587646484375,530.05322265625,153.34222412109375,222.98052978515625,0.9832894802093506,1,0,-1
334,926,183.94107055664062,533.0654296875,153.01559448242188,222.80938720703125,0.9807265400886536,1,0,-1
335,926,176.13992309570312,535.6244506835938,154.29827880859375,222.82867431640625,0.9852242469787598,1,0,-1
336,926,168.97076416015625,538.6901245117188,154.856201171875,222.31024169921875,0.9887484312057495,1,0,-1
337,926,162.467529296875,542.4171142578125,155.01254272460938,221.7427978515625,0.9876064658164978,1,0,-1
338,926,157.08157348632812,546.517822265625,153.74649047851562,220.13134765625,0.9838951230049133,1,0,-1
339,926,151.75148010253906,550.3536376953125,153.7096405029297,219.546875,0.9831263422966003,1,0,-1
340,926,146.34872436523438,553.5192260742188,152.91943359375,219.28082275390625,0.9847508668899536,1,0,-1
341,926,141.5172119140625,558.4072875976562,153.10275268554688,217.69921875,0.9877753257751465,1,0,-1
342,926,137.37811279296875,562.7766723632812,152.08929443359375,216.7091064453125,0.9885838031768799,1,0,-1
343,926,133.86740112304688,566.5836181640625,151.53366088867188,215.91546630859375,0.9882763028144836,1,0,-1
344,926,130.27447509765625,570.8082885742188,151.78286743164062,214.85052490234375,0.9880514144897461,1,0,-1
345,926,127.5069808959961,575.0910034179688,150.91192626953125,213.9833984375,0.988318681716919,1,0,-1
346,926,124.70181274414062,579.374267578125,150.22698974609375,213.1624755859375,0.9883090257644653,1,0,-1
347,926,121.6854248046875,584.2549438476562,149.81210327148438,211.3787841796875,0.9841071367263794,1,0,-1
348,926,119.07948303222656,588.0220947265625,148.29930114746094,210.4036865234375,0.8526578545570374,1,0,-1
349,926,116.7568130493164,591.8859252929688,146.94747924804688,209.42877197265625,0.9824990034103394,1,0,-1
350,926,114.22725677490234,595.9763793945312,146.34832763671875,208.6016845703125,0.9862574934959412,1,0,-1
351,926,111.86459350585938,599.789794921875,146.19320678710938,207.50433349609375,0.9853222370147705,1,0,-1
352,926,109.58399963378906,603.7482299804688,145.3525848388672,205.82489013671875,0.9843622446060181,1,0,-1
353,926,107.09748840332031,607.9702758789062,144.4808349609375,203.95196533203125,0.9834949374198914,1,0,-1
354,926,104.64971923828125,611.2620849609375,143.2102508544922,203.599853515625,0.9795334339141846,1,0,-1
355,926,101.11175537109375,614.1340942382812,143.0149688720703,202.850341796875,0.9870890974998474,1,0,-1
356,926,97.66409301757812,617.111572265625,142.44740295410156,201.21612548828125,0.9856810569763184,1,0,-1
357,926,94.57861328125,619.8914184570312,142.0643310546875,200.2294921875,0.9864510297775269,1,0,-1
358,926,91.39873504638672,622.7318115234375,141.66726684570312,199.12750244140625,0.986869752407074,1,0,-1
359,926,87.6872329711914,625.255859375,140.83676147460938,198.07879638671875,0.9871150255203247,1,0,-1
360,926,83.6964111328125,628.1163940429688,140.58047485351562,196.62603759765625,0.9869820475578308,1,0,-1
361,926,80.0749282836914,631.6306762695312,139.14553833007812,194.33770751953125,0.9875665903091431,1,0,-1
362,926,76.39646911621094,634.2198486328125,138.40460205078125,192.95819091796875,0.9876145124435425,1,0,-1
363,926,72.48441314697266,636.5946655273438,138.41995239257812,192.0906982421875,0.9857368469238281,1,0,-1
364,926,69.00421142578125,638.7312622070312,137.6480712890625,190.915771484375,0.9852108359336853,1,0,-1
365,926,66.04036712646484,640.9505615234375,136.98687744140625,189.88421630859375,0.9834278225898743,1,0,-1
366,926,63.5796012878418,643.745849609375,136.84950256347656,188.88116455078125,0.982221782207489,1,0,-1
367,926,61.802330017089844,646.2308959960938,135.85317993164062,187.34735107421875,0.9808809757232666,1,0,-1
368,926,60.25373840332031,649.045654296875,134.67698669433594,186.08673095703125,0.978080689907074,1,0,-1
369,926,59.2560920715332,651.6532592773438,133.79931640625,185.28277587890625,0.97755366563797,1,0,-1
370,926,57.91254425048828,654.4852294921875,133.77322387695312,184.62518310546875,0.9123403429985046,1,0,-1
371,926,56.1339225769043,656.9427490234375,132.75404357910156,184.41357421875,0.9688560962677002,1,0,-1
372,926,54.789920806884766,660.1616821289062,132.2119140625,183.6964111328125,0.9841511249542236,1,0,-1
373,926,53.278438568115234,663.4462890625,132.41065979003906,182.97552490234375,0.984720766544342,1,0,-1
374,926,52.15123748779297,667.3401489257812,131.8653564453125,181.76690673828125,0.9850993752479553,1,0,-1
375,926,51.45351791381836,671.666015625,130.8197784423828,180.54034423828125,0.9867218732833862,1,0,-1
376,926,51.00321960449219,675.9064331054688,129.7388916015625,180.0443115234375,0.9869282841682434,1,0,-1
377,926,50.47004318237305,681.1800537109375,128.70362854003906,178.6519775390625,0.9866189360618591,1,0,-1
378,926,49.54296112060547,685.946533203125,128.01620483398438,177.93414306640625,0.986268937587738,1,0,-1
379,926,48.32426071166992,691.1718139648438,128.25013732910156,177.48162841796875,0.9848660230636597,1,0,-1
380,926,47.38296890258789,696.9773559570312,127.3231201171875,176.75927734375,0.9846663475036621,1,0,-1
381,926,45.63618087768555,703.3693237304688,126.38847351074219,175.8367919921875,0.981353759765625,1,0,-1
382,926,43.80769729614258,710.3226928710938,125.072265625,174.14007568359375,0.9765806198120117,1,0,-1
383,926,41.56897735595703,716.4567260742188,123.9896469116211,174.36712646484375,0.9811937212944031,1,0,-1
384,926,38.950782775878906,723.176025390625,123.95288848876953,174.08624267578125,0.9846578240394592,1,0,-1
385,926,36.202938079833984,730.1178588867188,123.67376708984375,173.794921875,0.9840956926345825,1,0,-1
386,926,33.47129821777344,737.211669921875,123.02113342285156,173.27996826171875,0.9834030270576477,1,0,-1
387,926,30.602937698364258,744.3540649414062,122.96098327636719,172.3699951171875,0.9857645630836487,1,0,-1
388,926,27.8212890625,751.238037109375,122.9857177734375,172.230224609375,0.9826902747154236,1,0,-1
389,926,24.474929809570312,758.7241821289062,123.95707702636719,171.05340576171875,0.9788380861282349,1,0,-1
390,926,21.858652114868164,765.7374877929688,123.4269790649414,170.053466796875,0.9637505412101746,1,0,-1
391,926,19.563310623168945,772.1370239257812,122.75993347167969,170.42901611328125,0.9856794476509094,1,0,-1
392,926,16.668258666992188,778.427490234375,122.92564392089844,170.66632080078125,0.9859208464622498,1,0,-1
393,926,14.087126731872559,784.649169921875,123.45172119140625,170.57904052734375,0.9801688194274902,1,0,-1
394,926,11.771623611450195,790.3353271484375,122.53611755371094,170.69317626953125,0.9839586019515991,1,0,-1
395,926,9.087486267089844,796.3294067382812,122.45459747314453,170.189453125,0.9827579855918884,1,0,-1
396,926,5.61610221862793,802.0682983398438,122.81269836425781,169.084228515625,0.9822543263435364,1,0,-1
397,926,2.2282330989837646,806.9002685546875,123.1537094116211,168.21832275390625,0.9795507192611694,1,0,-1
398,926,0.2261648029088974,811.5302734375,121.48416137695312,167.6334228515625,0.9732325673103333,1,0,-1
399,926,0.0,815.3052368164062,118.24240112304688,168.0074462890625,0.9662879109382629,1,0,-1
400,926,0.0,818.896240234375,115.04901885986328,167.672607421875,0.9823493361473083,1,0,-1
401,926,0.0,822.4146728515625,111.99031066894531,167.2886962890625,0.983016312122345,1,0,-1
402,926,0.0,825.4423217773438,107.89321899414062,167.1741943359375,0.9842183589935303,1,0,-1
403,926,0.0,828.1027221679688,103.57173919677734,166.627685546875,0.985877275466919,1,0,-1
404,926,0.0,830.155517578125,99.52236938476562,166.5252685546875,0.9853755235671997,1,0,-1
405,926,0.0,831.5260009765625,95.52604675292969,165.6282958984375,0.984512448310852,1,0,-1
406,926,0.0,832.4547119140625,91.99440002441406,165.3388671875,0.9830196499824524,1,0,-1
407,926,0.0,833.1155395507812,87.94754791259766,166.1229248046875,0.8975288271903992,1,0,-1
408,926,0.0,833.513427734375,83.74349975585938,166.2261962890625,0.9769812226295471,1,0,-1
409,926,0.0,834.388916015625,79.6177749633789,165.0850830078125,0.9755856990814209,1,0,-1
410,926,0.0,835.1973876953125,75.10106658935547,163.43890380859375,0.9765976071357727,1,0,-1
411,926,0.0,835.7775268554688,71.21337890625,163.26019287109375,0.9734941720962524,1,0,-1
412,926,0.0,836.0779418945312,67.13956451416016,163.20745849609375,0.9705334901809692,1,0,-1
413,926,0.0,836.6666259765625,62.3627815246582,161.4454345703125,0.9663758277893066,1,0,-1
414,926,0.0,837.178466796875,57.52384948730469,159.72686767578125,0.9641324877738953,1,0,-1
415,926,0.0,837.3327026367188,52.95849609375,158.79119873046875,0.9623143672943115,1,0,-1
416,926,0.0068998197093605995,837.9891967773438,48.39461135864258,156.79791259765625,0.9545120596885681,1,0,-1
417,926,0.0,837.3827514648438,43.94155502319336,156.57257080078125,0.9452757835388184,1,0,-1
419,926,0.0,837.4127807617188,33.92436218261719,157.615966796875,0.9255925416946411,1,0,-1
420,926,0.0,837.7467651367188,29.296682357788086,157.75946044921875,0.9306584596633911,1,0,-1
421,926,0.0,838.5578002929688,23.52041244506836,157.73309326171875,0.9429743885993958,1,0,-1
