195,65,807.88134765625,0.0,263.44775390625,1080.0,0.5501810312271118,1,0,-1
196,65,808.2054443359375,0.0,259.0654296875,1080.0,0.8297809958457947,1,0,-1
197,65,809.1399536132812,0.0,258.76800537109375,1080.0,0.857401967048645,1,0,-1
198,65,810.6172485351562,0.0,257.95831298828125,1080.0,0.8590331077575684,1,0,-1
199,65,811.503173828125,0.0,261.525390625,1080.0,0.8549182415008545,1,0,-1
200,65,812.5541381835938,0.07324954867362976,264.05596923828125,1079.7408447265625,0.8632405996322632,1,0,-1
201,65,815.09326171875,3.631328582763672,263.340087890625,1075.927001953125,0.8881837725639343,1,0,-1
202,65,816.9952392578125,2.0959134101867676,265.897705078125,1077.3721923828125,0.8857282400131226,1,0,-1
203,65,819.11767578125,4.053961753845215,267.600830078125,1075.1749267578125,0.887301504611969,1,0,-1
204,65,820.1109619140625,4.763261318206787,272.263671875,1074.333251953125,0.8801180720329285,1,0,-1
205,65,820.5863037109375,6.091647624969482,271.3133544921875,1073.724365234375,0.8793622255325317,1,0,-1
206,65,820.6383666992188,4.220433712005615,273.66925048828125,1075.779541015625,0.8782019019126892,1,0,-1
207,65,820.5474853515625,1.4273669719696045,281.0748291015625,1078.566650390625,0.8699314594268799,1,0,-1
208,65,819.6715698242188,0.38443297147750854,281.85565185546875,1079.59765625,0.9070346355438232,1,0,-1
209,65,819.4198608398438,0.0,285.16168212890625,1079.572509765625,0.9141805768013,1,0,-1
210,65,817.2647094726562,0.0,286.35626220703125,1079.6273193359375,0.920954167842865,1,0,-1
211,65,815.3440551757812,0.0,288.72869873046875,1078.869873046875,0.9138919711112976,1,0,-1
212,65,812.156494140625,0.0,294.0960693359375,1079.068359375,0.8957863450050354,1,0,-1
213,65,808.6865844726562,0.0,299.16839599609375,1078.56201171875,0.8877080678939819,1,0,-1
214,65,803.7427368164062,0.22042198479175568,304.92315673828125,1078.9539794921875,0.8949226140975952,1,0,-1
215,65,799.5504760742188,0.141307070851326,309.15264892578125,1079.5357666015625,0.9037626385688782,1,0,-1
216,65,795.7724609375,0.1548643410205841,314.4490966796875,1078.839599609375,0.9036224484443665,1,0,-1
217,65,790.0676879882812,0.18589869141578674,321.49127197265625,1078.8511962890625,0.8818257451057434,1,0,-1
218,65,782.9818725585938,0.16757211089134216,327.00201416015625,1078.8809814453125,0.8930808901786804,1,0,-1
219,65,773.5509033203125,0.2131013721227646,336.79931640625,1079.041748046875,0.9201958775520325,1,0,-1
220,65,768.2857666015625,0.17100590467453003,342.0208740234375,1078.9049072265625,0.9135279059410095,1,0,-1
221,65,756.8193359375,0.19688469171524048,352.8428955078125,1078.9154052734375,0.9068611264228821,1,0,-1
222,65,748.5199584960938,0.1833817958831787,356.22381591796875,1079.1270751953125,0.9043574333190918,1,0,-1
223,65,740.4142456054688,0.32240861654281616,358.75091552734375,1079.058837890625,0.9039783477783203,1,0,-1
224,65,727.0173950195312,0.13438299298286438,370.73431396484375,1079.8656005859375,0.8851484656333923,1,0,-1
225,65,717.3570556640625,0.29246795177459717,372.1158447265625,1079.70751953125,0.8780083656311035,1,0,-1
226,65,707.7116088867188,0.0,375.78900146484375,1080.0,0.8831434845924377,1,0,-1
