66,4,47.17588424682617,0.0,1856.1915283203125,1080.0,0.7155532836914062,1,0,-1
68,4,203.33944702148438,0.0,1700.10546875,1080.0,0.5388414263725281,1,0,-1
125,5,28.885677337646484,0.0,1739.8365478515625,1079.4183349609375,0.5538921356201172,1,0,-1
131,6,2.5912811756134033,0.0,469.79864501953125,440.4826965332031,0.5155558586120605,1,0,-1
132,6,2.604222536087036,0.0,470.17840576171875,439.6821594238281,0.535802960395813,1,0,-1
133,6,2.318657398223877,0.0,469.985595703125,429.80755615234375,0.5691148042678833,1,0,-1
134,6,2.3560056686401367,0.0,466.61236572265625,425.4412841796875,0.5692427754402161,1,0,-1
135,6,1.9168636798858643,0.0,459.0227966308594,420.9715881347656,0.5771220922470093,1,0,-1
136,6,2.135409116744995,0.0,458.3186340332031,425.0528564453125,0.5406313538551331,1,0,-1
137,6,1.8773199319839478,0.0,458.9302978515625,425.4734802246094,0.5811275839805603,1,0,-1
138,6,1.7328749895095825,0.0,457.8033447265625,428.0653991699219,0.5447510480880737,1,0,-1
139,6,1.5360902547836304,0.008753246627748013,454.7388610839844,424.4950256347656,0.6082682609558105,1,0,-1
140,6,1.6244524717330933,0.0,453.5144348144531,427.0703125,0.5760852098464966,1,0,-1
141,6,1.6802072525024414,0.35695895552635193,451.3238525390625,418.5430603027344,0.6242843866348267,1,0,-1
142,6,1.4599392414093018,0.0,449.07305908203125,417.0799865722656,0.5640192031860352,1,0,-1
143,6,1.6241073608398438,0.4194718301296234,446.5451354980469,416.9537658691406,0.5654812455177307,1,0,-1
144,6,1.230587363243103,0.0,442.48651123046875,414.52996826171875,0.550717830657959,1,0,-1
145,6,1.5512648820877075,0.3951595723628998,441.09912109375,416.81976318359375,0.5142785906791687,1,0,-1
146,6,1.400937557220459,0.0,441.47381591796875,413.3854675292969,0.597074568271637,1,0,-1
147,6,1.5935635566711426,0.32440507411956787,439.9735412597656,412.91400146484375,0.6078644394874573,1,0,-1
148,6,1.3496524095535278,0.0,437.4229736328125,404.7653503417969,0.5703160166740417,1,0,-1
157,6,1.4700756072998047,0.0,433.8040466308594,391.8787841796875,0.5216556191444397,1,0,-1
259,7,887.409423828125,888.9906616210938,121.63232421875,187.03961181640625,0.5484635233879089,1,0,-1
