108,114,3.6394808292388916,0.0,1106.2623291015625,1080.0,0.8422901034355164,1,0,-1
109,114,2.6408393383026123,0.0,1109.3587646484375,1080.0,0.8238914608955383,1,0,-1
110,114,4.788410186767578,0.0,1135.6087646484375,1080.0,0.6430539488792419,1,0,-1
111,114,6.429553031921387,0.0,1154.141357421875,1079.9810791015625,0.6998578310012817,1,0,-1
113,114,10.628397941589355,0.0,1134.818359375,1080.0,0.7143124938011169,1,0,-1
117,114,12.516048431396484,0.0,1143.374267578125,1080.0,0.7153950333595276,1,0,-1
118,114,11.316205024719238,0.0,1124.9874267578125,1080.0,0.7384071946144104,1,0,-1
119,114,10.933773040771484,0.0,1125.1024169921875,1080.0,0.7176854610443115,1,0,-1
124,114,7.640921592712402,0.0,1154.1844482421875,1079.717041015625,0.5652036070823669,1,0,-1
153,114,11.759929656982422,0.0,1242.1846923828125,1080.0,0.5300871133804321,1,0,-1
155,114,15.67148208618164,0.0,1180.0458984375,1080.0,0.5766280889511108,1,0,-1
157,114,8.676806449890137,0.0,1144.117919921875,1080.0,0.8055663108825684,1,0,-1
162,114,10.370261192321777,0.0,1163.533203125,1080.0,0.7612724900245667,1,0,-1
163,114,14.943940162658691,0.0,1159.30224609375,1080.0,0.5275763273239136,1,0,-1
185,114,98.10581970214844,0.0,1071.5645751953125,1080.0,0.5408654808998108,1,0,-1
186,114,111.6639633178711,0.0,1068.3502197265625,1079.970947265625,0.5584685802459717,1,0,-1
189,114,122.79644012451172,0.0,1049.3485107421875,1080.0,0.5781906843185425,1,0,-1
191,114,110.94073486328125,0.0,1071.147216796875,1080.0,0.6189138293266296,1,0,-1
