2,234,162.430419921875,0.12124085426330566,1711.1678466796875,1079.8787841796875,0.5533926486968994,1,0,-1
3,234,162.35421752929688,0.23283277451992035,1714.76513671875,1079.7672119140625,0.7543458938598633,1,0,-1
3,235,6.4132304191589355,0.18331776559352875,766.3110961914062,1079.816650390625,0.8764155507087708,1,0,-1
4,234,161.776611328125,0.19683314859867096,1724.8531494140625,1079.80322265625,0.7297974824905396,1,0,-1
4,235,6.385315895080566,0.2816963493824005,761.5081787109375,1079.71826171875,0.9177619814872742,1,0,-1
5,234,160.05479431152344,0.09654521942138672,1751.100341796875,1079.8631591796875,0.7344480156898499,1,0,-1
5,235,6.017805099487305,0.15506389737129211,760.9136962890625,1079.844970703125,0.9042218327522278,1,0,-1
6,234,232.9962158203125,0.13356734812259674,1687.0037841796875,1079.6513671875,0.8024482131004333,1,0,-1
6,235,5.447664737701416,0.18859878182411194,759.7704467773438,1079.8114013671875,0.9316320419311523,1,0,-1
7,235,5.7260918617248535,0.1520087867975235,759.3875732421875,1079.770263671875,0.9080731272697449,1,0,-1
8,235,5.106843948364258,0.12231705337762833,761.8546752929688,1079.814208984375,0.9076512455940247,1,0,-1
8,234,286.3985900878906,0.12376595288515091,1633.6014404296875,1079.3878173828125,0.6617903113365173,1,0,-1
9,235,5.316144943237305,0.08487600833177567,762.525634765625,1079.76416015625,0.9379400014877319,1,0,-1
9,234,310.75775146484375,0.11321509629487991,1609.2421875,1079.3446044921875,0.5651540160179138,1,0,-1
10,235,5.489198684692383,0.046147193759679794,764.20556640625,1079.828857421875,0.9267812967300415,1,0,-1
10,234,309.8591003417969,0.06045638769865036,1610.140869140625,1079.3753662109375,0.717666506767273,1,0,-1
11,235,5.535336494445801,0.0,767.4378662109375,1079.834716796875,0.8447797298431396,1,0,-1
11,234,236.77615356445312,0.006797422654926777,1668.1240234375,1079.4638671875,0.5941217541694641,1,0,-1
12,235,4.800837516784668,0.0,765.6279907226562,1079.8988037109375,0.8667600750923157,1,0,-1
13,235,5.230464458465576,0.0,772.607421875,1079.8525390625,0.8244901299476624,1,0,-1
14,235,4.61678409576416,0.0,764.8723754882812,1079.8826904296875,0.9350916147232056,1,0,-1
14,234,284.4462890625,0.05116262659430504,1630.715087890625,1079.41748046875,0.6060913801193237,1,0,-1
15,235,3.9705681800842285,0.0,763.0479736328125,1079.912841796875,0.9125272035598755,1,0,-1
16,235,4.8775224685668945,0.0,758.1893310546875,1079.720703125,0.9087168574333191,1,0,-1
16,234,145.6881561279297,0.015801168978214264,1723.447021484375,1079.54541015625,0.6295089721679688,1,0,-1
17,235,4.240849494934082,0.0,751.5164794921875,1079.91748046875,0.7794428467750549,1,0,-1
18,235,5.273635387420654,0.0,745.951171875,1079.646484375,0.9346653819084167,1,0,-1
18,234,97.46257781982422,0.11131566017866135,1740.35791015625,1079.65478515625,0.701480507850647,1,0,-1
19,235,4.485262870788574,0.0,744.2680053710938,1080.0,0.9258434176445007,1,0,-1
20,235,5.319651126861572,0.06398473680019379,744.0665283203125,1079.890869140625,0.9439169764518738,1,0,-1
21,235,4.549323558807373,0.0,736.91845703125,1080.0,0.9493123292922974,1,0,-1
21,234,251.25106811523438,0.30817726254463196,1622.672607421875,1079.6917724609375,0.7085486054420471,1,0,-1
22,235,4.435067653656006,0.2864844799041748,730.0006713867188,1079.7135009765625,0.9460815191268921,1,0,-1
22,234,241.33694458007812,0.6146887540817261,1644.0535888671875,1079.38525390625,0.7622066140174866,1,0,-1
23,235,4.406982898712158,0.7261932492256165,727.1629638671875,1079.2738037109375,0.9199679493904114,1,0,-1
23,234,235.06724548339844,1.0093934535980225,1662.7568359375,1078.9906005859375,0.8131434321403503,1,0,-1
24,235,5.183002471923828,1.0860971212387085,726.8043823242188,1078.9139404296875,0.8732208013534546,1,0,-1
24,234,239.56735229492188,1.3253875970840454,1649.0946044921875,1078.674560546875,0.8086935877799988,1,0,-1
25,235,6.017911911010742,1.0983412265777588,726.9938354492188,1078.901611328125,0.6085827946662903,1,0,-1
25,234,223.6857452392578,1.357162594795227,1663.8421630859375,1078.642822265625,0.8336634039878845,1,0,-1
26,234,239.45982360839844,1.8096427917480469,1666.066650390625,1078.1903076171875,0.6206254363059998,1,0,-1
27,235,5.512768268585205,1.3176923990249634,724.8563842773438,1078.6822509765625,0.742768406867981,1,0,-1
28,234,240.73226928710938,1.5389114618301392,1663.476318359375,1078.4610595703125,0.8324866890907288,1,0,-1
29,234,237.39407348632812,0.7766454219818115,1673.988525390625,1079.223388671875,0.757693350315094,1,0,-1
30,234,248.51217651367188,1.4097660779953003,1664.6812744140625,1078.5902099609375,0.8430230021476746,1,0,-1
31,234,276.0584411621094,0.7489796876907349,1631.801025390625,1079.2509765625,0.652319073677063,1,0,-1
31,235,4.116918087005615,1.435215950012207,729.8932495117188,1078.5648193359375,0.6779248714447021,1,0,-1
32,234,284.6664123535156,0.7931439876556396,1608.8543701171875,1079.2069091796875,0.7783807516098022,1,0,-1
32,235,4.27138090133667,1.0793025493621826,726.6356811523438,1078.920654296875,0.88004469871521,1,0,-1
34,234,184.91616821289062,0.2656857669353485,1731.1309814453125,1079.5755615234375,0.5295395851135254,1,0,-1
36,234,162.22027587890625,0.0,1757.77978515625,1079.4014892578125,0.79860520362854,1,0,-1
38,235,3.269021987915039,0.0,727.2196044921875,1080.0,0.8556593656539917,1,0,-1
39,235,3.535484790802002,0.0,725.9312744140625,1079.6600341796875,0.5850369334220886,1,0,-1
39,234,144.5594024658203,0.0,1775.4405517578125,1078.8717041015625,0.5421010851860046,1,0,-1
40,235,3.641197919845581,0.0,720.2285766601562,1079.1324462890625,0.8101465106010437,1,0,-1
40,234,130.79681396484375,0.0,1785.138916015625,1078.7777099609375,0.6367385983467102,1,0,-1
41,235,3.160943031311035,0.0,717.5082397460938,1079.0718994140625,0.8986343741416931,1,0,-1
41,234,153.8382568359375,0.0,1759.5208740234375,1078.9693603515625,0.7700786590576172,1,0,-1
42,235,3.2152159214019775,0.0,715.4782104492188,1078.9119873046875,0.9286988377571106,1,0,-1
43,235,3.285526990890503,0.0,713.5792846679688,1078.916748046875,0.9446258544921875,1,0,-1
43,234,189.3590850830078,0.0,1706.6622314453125,1078.755859375,0.5804858207702637,1,0,-1
44,235,3.52616024017334,0.0,711.221923828125,1078.91357421875,0.9435486793518066,1,0,-1
44,234,203.31182861328125,0.0,1690.15869140625,1079.095947265625,0.6652032136917114,1,0,-1
45,235,3.634277820587158,0.0,710.7687377929688,1078.9541015625,0.9381608963012695,1,0,-1
45,234,201.43582153320312,0.0,1709.254638671875,1078.965576171875,0.5618108510971069,1,0,-1
46,235,3.3754608631134033,0.0,709.7009887695312,1079.02490234375,0.9056293964385986,1,0,-1
46,234,188.9073028564453,0.0,1723.29833984375,1079.3631591796875,0.7107504606246948,1,0,-1
47,235,3.6680471897125244,0.0,708.0320434570312,1079.0069580078125,0.9557294845581055,1,0,-1
47,234,227.58517456054688,0.0,1664.8812255859375,1079.1141357421875,0.5932010412216187,1,0,-1
48,235,3.698611259460449,0.0,712.5866088867188,1079.0711669921875,0.6463924050331116,1,0,-1
48,234,221.18304443359375,0.0,1676.650146484375,1079.4263916015625,0.7496352791786194,1,0,-1
49,235,3.5819668769836426,0.0,707.4638061523438,1079.09130859375,0.6968507170677185,1,0,-1
50,235,4.119328022003174,0.0,708.35791015625,1079.0484619140625,0.8523353934288025,1,0,-1
50,234,184.99124145507812,0.0,1710.56689453125,1079.4791259765625,0.6557341814041138,1,0,-1
51,235,4.198368072509766,0.0,708.8138427734375,1079.1229248046875,0.7951850891113281,1,0,-1
51,234,196.7050018310547,0.0,1690.523193359375,1079.5283203125,0.5022916793823242,1,0,-1
52,235,4.660101413726807,0.0,705.7301635742188,1079.0418701171875,0.7894819974899292,1,0,-1
52,234,173.70677185058594,0.0,1724.589111328125,1079.874267578125,0.7486987113952637,1,0,-1
54,234,133.5824737548828,0.0,1782.198974609375,1079.8916015625,0.8548986911773682,1,0,-1
55,234,127.3698959350586,0.0,1789.7252197265625,1080.0,0.8448995351791382,1,0,-1
55,235,4.823056697845459,0.0,703.4786987304688,1079.20263671875,0.5588762760162354,1,0,-1
56,234,142.5922393798828,0.0,1772.3831787109375,1079.846435546875,0.6649901866912842,1,0,-1
56,235,4.1638875007629395,0.0,705.77197265625,1079.599609375,0.7770994305610657,1,0,-1
57,235,3.91616153717041,0.0,700.1136474609375,1079.446533203125,0.950379490852356,1,0,-1
58,235,4.161204814910889,0.0,698.52001953125,1079.7747802734375,0.9409083127975464,1,0,-1
59,235,4.2668867111206055,0.0,699.5064086914062,1079.5516357421875,0.8590394854545593,1,0,-1
59,234,164.4735565185547,0.0,1727.4046630859375,1080.0,0.7732462882995605,1,0,-1
60,235,4.577200889587402,0.0,699.427734375,1079.88330078125,0.8574471473693848,1,0,-1
60,234,145.66612243652344,0.0,1751.1988525390625,1080.0,0.7765288352966309,1,0,-1
61,235,4.6519083976745605,0.0,697.324462890625,1079.6470947265625,0.9360703229904175,1,0,-1
62,235,4.465600967407227,0.0,696.5498046875,1079.9969482421875,0.9640942215919495,1,0,-1
62,234,168.25550842285156,0.0,1723.1710205078125,1080.0,0.6073200106620789,1,0,-1
63,235,4.789114952087402,0.0,699.390869140625,1079.8065185546875,0.8871449828147888,1,0,-1
63,234,153.03457641601562,0.0,1731.0118408203125,1080.0,0.8256796598434448,1,0,-1
64,235,4.793198585510254,0.0,700.9733276367188,1080.0,0.9305290579795837,1,0,-1
64,234,185.61927795410156,0.0,1697.0042724609375,1080.0,0.7039610147476196,1,0,-1
65,235,4.983697414398193,0.0,699.4343872070312,1079.998779296875,0.9559866786003113,1,0,-1
66,235,5.260548114776611,0.0,701.9052124023438,1079.9544677734375,0.9402751922607422,1,0,-1
67,235,5.077821254730225,0.0,701.3560180664062,1080.0,0.8956167697906494,1,0,-1
68,235,4.8906049728393555,0.0,699.78759765625,1080.0,0.9630027413368225,1,0,-1
69,235,4.649867057800293,0.12141404300928116,698.032470703125,1079.8785400390625,0.9456577897071838,1,0,-1
70,235,4.681260585784912,0.0,698.0593872070312,1080.0,0.9644924998283386,1,0,-1
71,235,4.201518535614014,0.43996140360832214,700.5142822265625,1079.56005859375,0.9656450748443604,1,0,-1
72,235,4.066061973571777,0.02897712215781212,700.8367309570312,1079.9710693359375,0.9664163589477539,1,0,-1
73,235,3.7122457027435303,0.6359362006187439,702.1932983398438,1079.364013671875,0.9641038775444031,1,0,-1
74,235,4.071611404418945,0.28653472661972046,700.18994140625,1079.7135009765625,0.9655405879020691,1,0,-1
75,235,4.478244781494141,0.5825981497764587,700.1192016601562,1079.4173583984375,0.9296010136604309,1,0,-1
75,234,78.73467254638672,0.0,1829.766357421875,1080.0,0.7863842248916626,1,0,-1
76,235,5.010606288909912,0.3687514364719391,696.662353515625,1079.6312255859375,0.9699225425720215,1,0,-1
77,235,5.08737850189209,0.4504740536212921,695.7608032226562,1079.549560546875,0.9646898508071899,1,0,-1
77,234,73.91413879394531,0.0,1818.1409912109375,1080.0,0.6683930158615112,1,0,-1
78,235,5.0158514976501465,0.6827576756477356,695.0335693359375,1079.3172607421875,0.9726824760437012,1,0,-1
79,235,5.226806640625,0.5451204180717468,694.30224609375,1079.454833984375,0.9713876843452454,1,0,-1
80,235,5.281315803527832,0.8235466480255127,693.3936767578125,1079.176513671875,0.9739382266998291,1,0,-1
81,235,5.2767333984375,0.5273411273956299,693.3798217773438,1079.47265625,0.9720579385757446,1,0,-1
82,235,5.164089679718018,0.8093236684799194,693.4771728515625,1079.190673828125,0.9732913970947266,1,0,-1
83,235,4.959107398986816,0.6004511117935181,692.5188598632812,1079.3995361328125,0.9749718308448792,1,0,-1
84,235,5.235372066497803,0.9295787215232849,691.9535522460938,1079.0704345703125,0.9666727185249329,1,0,-1
85,235,4.935964584350586,0.6730952858924866,691.2848510742188,1079.326904296875,0.9727659225463867,1,0,-1
86,235,4.779804706573486,0.6996377110481262,691.7537231445312,1079.3004150390625,0.9747518301010132,1,0,-1
87,235,4.816682815551758,0.4888496398925781,691.3395385742188,1079.5111083984375,0.9722123742103577,1,0,-1
88,235,4.561493396759033,0.44676482677459717,692.736083984375,1079.55322265625,0.9750784635543823,1,0,-1
89,235,4.583136081695557,0.568309485912323,693.224609375,1079.431640625,0.9749547243118286,1,0,-1
90,235,4.4945855140686035,0.46682724356651306,693.2925415039062,1079.533203125,0.9753318428993225,1,0,-1
90,234,301.97076416015625,0.007226061541587114,1598.74609375,1079.9927978515625,0.5153247714042664,1,0,-1
91,235,5.240197658538818,0.5527686476707458,695.142333984375,1079.447265625,0.9614105820655823,1,0,-1
92,235,4.828268527984619,0.34861665964126587,692.91845703125,1079.6513671875,0.9728329181671143,1,0,-1
93,235,4.9026641845703125,0.4953061640262604,690.546630859375,1079.504638671875,0.9704493880271912,1,0,-1
94,235,4.477951526641846,0.2471153885126114,689.9912109375,1079.7529296875,0.9712880849838257,1,0,-1
95,235,4.698172569274902,0.3854854106903076,688.2296752929688,1079.614501953125,0.9719517230987549,1,0,-1
96,235,3.8113598823547363,0.00033629691461101174,685.6063842773438,1079.9996337890625,0.9745152592658997,1,0,-1
97,235,3.970177412033081,0.0,683.3446655273438,1080.0,0.9725677371025085,1,0,-1
98,235,4.038376808166504,0.0,680.0891723632812,1080.0,0.971971869468689,1,0,-1
99,235,3.4878761768341064,0.0,678.7832641601562,1080.0,0.972804069519043,1,0,-1
99,234,247.18052673339844,0.0,1672.8194580078125,1080.0,0.6555510759353638,1,0,-1
100,235,4.319871425628662,0.036947593092918396,675.3685913085938,1079.933349609375,0.9685823321342468,1,0,-1
100,234,175.1967315673828,0.0,1727.815673828125,1080.0,0.5007410049438477,1,0,-1
101,235,4.148172378540039,0.0,672.4395751953125,1080.0,0.9682102799415588,1,0,-1
101,234,136.12794494628906,0.0,1773.0260009765625,1080.0,0.8518519401550293,1,0,-1
102,235,5.202992916107178,0.17272868752479553,671.364501953125,1079.765380859375,0.9649627208709717,1,0,-1
102,234,141.11021423339844,0.0,1769.2935791015625,1080.0,0.7914260625839233,1,0,-1
103,235,4.653109073638916,0.0,669.93896484375,1080.0,0.9677731394767761,1,0,-1
103,234,143.91604614257812,0.0,1765.594970703125,1080.0,0.7566345930099487,1,0,-1
104,235,4.744046688079834,0.294534832239151,667.1226196289062,1079.675537109375,0.9717819094657898,1,0,-1
105,235,4.904977798461914,0.0,667.18115234375,1080.0,0.949687123298645,1,0,-1
105,234,60.53883743286133,0.0,1814.3182373046875,1080.0,0.7357116937637329,1,0,-1
106,235,4.950477123260498,0.22297032177448273,665.896240234375,1079.7769775390625,0.955935537815094,1,0,-1
106,234,59.078495025634766,0.0,1793.88525390625,1080.0,0.6387890577316284,1,0,-1
107,235,4.830172061920166,0.0,665.7476806640625,1080.0,0.9608289003372192,1,0,-1
107,234,117.07880401611328,0.0,1757.5272216796875,1080.0,0.7774400115013123,1,0,-1
108,235,4.897850036621094,0.020085409283638,663.883544921875,1079.9798583984375,0.9698783755302429,1,0,-1
109,235,4.925991535186768,0.08524654060602188,659.5433959960938,1079.914794921875,0.9736098647117615,1,0,-1
109,234,167.0118865966797,0.0,1724.074462890625,1080.0,0.6023343205451965,1,0,-1
110,235,4.3361053466796875,0.0,656.0009155273438,1080.0,0.975253164768219,1,0,-1
110,234,238.6581268310547,0.0,1667.812744140625,1080.0,0.6313938498497009,1,0,-1
111,235,5.043984413146973,0.1190960705280304,652.1538696289062,1079.843994140625,0.9744869470596313,1,0,-1
111,234,192.17637634277344,0.0,1713.452392578125,1080.0,0.7989705801010132,1,0,-1
112,235,5.709190845489502,0.0,649.6848754882812,1080.0,0.961821973323822,1,0,-1
112,234,128.02294921875,0.0,1759.6041259765625,1080.0,0.8773490786552429,1,0,-1
113,235,5.437334060668945,0.060521069914102554,647.6664428710938,1079.8790283203125,0.9694998264312744,1,0,-1
113,234,115.73810577392578,0.0,1782.33935546875,1080.0,0.876201331615448,1,0,-1
114,235,5.174463748931885,0.0,646.3248291015625,1080.0,0.9719813466072083,1,0,-1
114,234,178.44325256347656,0.0,1734.4747314453125,1080.0,0.7794543504714966,1,0,-1
115,235,6.301380634307861,0.0,646.4085083007812,1079.9302978515625,0.952539324760437,1,0,-1
115,234,135.39723205566406,0.0,1770.9156494140625,1080.0,0.8275833129882812,1,0,-1
116,235,6.142746448516846,0.0,646.6981201171875,1080.0,0.9558616876602173,1,0,-1
116,234,116.11698913574219,0.0,1788.0478515625,1080.0,0.7930295467376709,1,0,-1
117,235,5.778028964996338,0.0,645.27783203125,1079.998046875,0.9723294377326965,1,0,-1
117,234,214.1592559814453,0.0,1701.28173828125,1080.0,0.7836967706680298,1,0,-1
118,235,5.3583984375,0.0,647.0953369140625,1079.930419921875,0.9739954471588135,1,0,-1
119,235,5.042324542999268,0.0,646.6621704101562,1079.974365234375,0.9755363464355469,1,0,-1
120,235,5.368431091308594,0.0,643.8692626953125,1079.947509765625,0.9736521244049072,1,0,-1
121,235,5.715391635894775,0.0,642.8063354492188,1079.969970703125,0.9646862745285034,1,0,-1
122,235,6.166698932647705,0.0,641.4635009765625,1079.8997802734375,0.9675900340080261,1,0,-1
123,235,5.776885032653809,0.0,640.5925903320312,1080.0,0.970161497592926,1,0,-1
124,235,5.7826924324035645,0.06570476293563843,640.9782104492188,1079.9107666015625,0.9735625386238098,1,0,-1
125,235,5.458791255950928,0.0,640.5851440429688,1080.0,0.972175657749176,1,0,-1
126,235,6.64883279800415,0.03601351007819176,640.2131958007812,1079.8804931640625,0.9566565155982971,1,0,-1
127,235,6.04147481918335,0.0,641.1767578125,1079.896240234375,0.9734926819801331,1,0,-1
128,235,5.872243404388428,0.0,641.866943359375,1075.8734130859375,0.9691140055656433,1,0,-1
129,235,5.659899711608887,0.0,641.8623046875,1078.357177734375,0.9721924066543579,1,0,-1
130,235,5.6552510261535645,0.0,638.6458129882812,1070.05810546875,0.9691953659057617,1,0,-1
130,234,15.500614166259766,0.0,1875.623291015625,1080.0,0.506756603717804,1,0,-1
131,235,6.079824447631836,0.0,638.1339111328125,1076.1966552734375,0.9683241844177246,1,0,-1
132,235,6.0484161376953125,0.0,637.8640747070312,1078.5750732421875,0.968437910079956,1,0,-1
132,234,93.22303009033203,0.0,1816.8277587890625,1080.0,0.584621012210846,1,0,-1
133,235,6.107709884643555,0.0,638.4376220703125,1079.42626953125,0.9719592332839966,1,0,-1
134,235,5.682961463928223,0.0,639.6751098632812,1067.4810791015625,0.9719812273979187,1,0,-1
135,235,5.552218437194824,0.0,638.4772338867188,1068.477783203125,0.9726415276527405,1,0,-1
135,234,207.9406280517578,0.0,1708.4090576171875,1080.0,0.7344712615013123,1,0,-1
136,235,5.4670186042785645,0.0,637.1558227539062,1075.7540283203125,0.9672328233718872,1,0,-1
137,235,5.526336669921875,0.0,636.2943115234375,1074.917724609375,0.9746782183647156,1,0,-1
137,234,167.8203582763672,0.0,1738.3671875,1080.0,0.6749427318572998,1,0,-1
138,235,5.276123523712158,0.0,637.1497192382812,1078.248291015625,0.9683755040168762,1,0,-1
139,235,5.437654495239258,0.10577116906642914,637.4075927734375,1079.4794921875,0.969494104385376,1,0,-1
139,234,126.31423950195312,0.0,1784.6876220703125,1080.0,0.7491216659545898,1,0,-1
140,235,5.060485363006592,0.02071089670062065,635.21533203125,1079.979248046875,0.9724120497703552,1,0,-1
141,235,4.936532497406006,0.08737262338399887,633.9273071289062,1070.2427978515625,0.9718012809753418,1,0,-1
142,235,5.005803108215332,0.18325898051261902,633.0642700195312,1068.4461669921875,0.9712490439414978,1,0,-1
143,235,4.505432605743408,0.028462745249271393,632.5924072265625,1045.08056640625,0.9741264581680298,1,0,-1
144,235,4.516945838928223,0.18047590553760529,632.3858642578125,1032.31689453125,0.9769601821899414,1,0,-1
145,235,4.587752342224121,0.0,632.4475708007812,1043.9552001953125,0.9731819033622742,1,0,-1
146,235,5.323827743530273,0.19497326016426086,630.163818359375,1055.4210205078125,0.9693677425384521,1,0,-1
147,235,5.346797466278076,0.0,628.436767578125,1054.4305419921875,0.966285228729248,1,0,-1
148,235,5.430881023406982,0.19969119131565094,628.8804321289062,1027.234130859375,0.9748979806900024,1,0,-1
149,235,4.890116214752197,0.0,626.8429565429688,1020.5244750976562,0.9715749025344849,1,0,-1
150,235,5.364199638366699,0.12197245657444,626.7147216796875,1019.3621215820312,0.972631573677063,1,0,-1
151,235,6.032863140106201,0.0,624.9066772460938,1019.2286376953125,0.9645284414291382,1,0,-1
151,234,29.260995864868164,0.0,1861.2457275390625,1080.0,0.5532166957855225,1,0,-1
152,235,6.0316081047058105,0.0,624.8427124023438,1048.6278076171875,0.9560028910636902,1,0,-1
153,235,6.903542995452881,0.0,622.4563598632812,1044.5101318359375,0.878246545791626,1,0,-1
153,234,25.23113250732422,0.0,1880.1568603515625,1080.0,0.7305159568786621,1,0,-1
154,235,6.768224716186523,0.0,623.3551635742188,1060.9482421875,0.9439678192138672,1,0,-1
155,235,7.068826198577881,0.20978999137878418,623.4933471679688,1073.906982421875,0.9545767903327942,1,0,-1
156,235,6.116789817810059,0.0,623.7142944335938,1037.651123046875,0.9579587578773499,1,0,-1
157,235,6.332100868225098,0.3543221354484558,622.657470703125,1039.42138671875,0.8477610945701599,1,0,-1
158,235,6.2680983543396,0.1731829196214676,622.2218627929688,1046.421630859375,0.7997894883155823,1,0,-1
159,235,6.985656261444092,0.4955393075942993,621.669921875,1040.2298583984375,0.877019464969635,1,0,-1
160,235,4.265955448150635,0.1835438311100006,617.7630615234375,1052.2734375,0.938289999961853,1,0,-1
160,234,17.910417556762695,0.0,1902.0423583984375,1080.0,0.8588310480117798,1,0,-1
161,235,3.7101845741271973,0.6095348000526428,618.5997314453125,1040.55029296875,0.9601519107818604,1,0,-1
161,234,32.032501220703125,0.0,1887.967529296875,1080.0,0.7920219898223877,1,0,-1
162,235,3.0292487144470215,0.1649308204650879,620.2341918945312,1032.694091796875,0.9663287401199341,1,0,-1
163,235,2.7616498470306396,0.19518674910068512,618.6854248046875,1020.7147216796875,0.9685251116752625,1,0,-1
164,235,2.781008720397949,0.21621714532375336,617.0736083984375,1025.6875,0.9634526968002319,1,0,-1
165,235,2.3753867149353027,0.0,616.0187377929688,1028.1678466796875,0.9610336422920227,1,0,-1
165,234,114.59363555908203,0.0,1805.4063720703125,1080.0,0.532285213470459,1,0,-1
166,235,2.785343885421753,0.33091071248054504,617.767578125,1039.478759765625,0.9656107425689697,1,0,-1
167,235,2.5352296829223633,0.0,617.6680908203125,1017.2723388671875,0.9657202363014221,1,0,-1
168,235,3.092254638671875,0.18796274065971375,616.6422119140625,1006.643798828125,0.9639032483100891,1,0,-1
169,235,2.642930030822754,0.0,616.2806396484375,1000.6410522460938,0.970628559589386,1,0,-1
170,235,2.5308306217193604,0.1985076516866684,616.419189453125,994.9544677734375,0.9660949110984802,1,0,-1
171,235,2.311687469482422,0.0,614.84423828125,994.488037109375,0.9678634405136108,1,0,-1
172,235,2.5262935161590576,0.132405623793602,612.1641235351562,1015.5003051757812,0.9561940431594849,1,0,-1
173,235,2.268991470336914,0.0,613.64111328125,1006.0587158203125,0.9703173637390137,1,0,-1
174,235,2.1612281799316406,0.0,613.7757568359375,996.3088989257812,0.9673773646354675,1,0,-1
175,235,2.1620395183563232,0.01273245457559824,609.843505859375,985.37646484375,0.9465465545654297,1,0,-1
176,235,2.1183319091796875,0.0,597.2185668945312,986.0517578125,0.5117406845092773,1,0,-1
177,235,2.355586290359497,0.07965270429849625,602.0809326171875,988.1991577148438,0.9192496538162231,1,0,-1
178,235,1.731826901435852,0.0,595.39404296875,985.203369140625,0.9010890126228333,1,0,-1
179,235,2.4908783435821533,0.24737831950187683,588.0126342773438,984.0025024414062,0.7588247656822205,1,0,-1
180,235,2.2630226612091064,0.0,589.9615478515625,987.5210571289062,0.8726190328598022,1,0,-1
181,237,1746.646240234375,448.18060302734375,173.353759765625,559.6492309570312,0.6830661296844482,1,0,-1
182,237,1751.8392333984375,447.0286865234375,168.1607666015625,552.443115234375,0.6507514715194702,1,0,-1
182,235,3.1715590953826904,0.0,597.3212280273438,988.5239868164062,0.8461934924125671,1,0,-1
183,237,1758.5904541015625,444.7288818359375,161.4095458984375,548.6668090820312,0.6255354881286621,1,0,-1
184,237,1763.69091796875,445.80474853515625,156.30908203125,548.6078491210938,0.6701250672340393,1,0,-1
184,235,2.5322673320770264,0.0,598.1939086914062,991.2044067382812,0.9171281456947327,1,0,-1
185,237,1768.976318359375,442.2137451171875,151.023681640625,550.368408203125,0.5055769681930542,1,0,-1
185,235,2.707615613937378,0.0,600.7564086914062,999.41552734375,0.9508688449859619,1,0,-1
186,235,2.7412190437316895,0.0,594.247802734375,1000.775390625,0.7693036794662476,1,0,-1
187,235,3.0318965911865234,0.0,594.4544067382812,1008.0225830078125,0.8514739274978638,1,0,-1
187,237,1782.9842529296875,427.23211669921875,137.0157470703125,558.1944580078125,0.5836960673332214,1,0,-1
188,235,3.1919281482696533,0.0,592.5881958007812,981.371337890625,0.9111326336860657,1,0,-1
188,237,1790.9417724609375,425.6091613769531,129.0582275390625,546.074462890625,0.7502462267875671,1,0,-1
189,235,2.5343282222747803,0.0,589.477783203125,970.583251953125,0.9530947208404541,1,0,-1
189,237,1797.0848388671875,420.4075927734375,122.9151611328125,551.945068359375,0.555355429649353,1,0,-1
190,235,3.414522409439087,0.0,582.2529907226562,966.1537475585938,0.877784013748169,1,0,-1
190,237,1802.38671875,420.8419189453125,117.61328125,559.4755859375,0.5697680115699768,1,0,-1
191,235,2.6288633346557617,0.0,586.7924194335938,961.0967407226562,0.9530391693115234,1,0,-1
191,237,1810.029541015625,418.953125,109.970458984375,555.5894165039062,0.5433215498924255,1,0,-1
192,235,3.365694284439087,0.0,587.1664428710938,976.1138305664062,0.9618901014328003,1,0,-1
193,235,2.6899616718292236,0.0,587.6815185546875,994.6765747070312,0.9619272947311401,1,0,-1
194,235,3.190974235534668,0.0,587.3441162109375,987.34326171875,0.971271276473999,1,0,-1
195,235,2.6292030811309814,0.0,588.6366577148438,989.5113525390625,0.9698588848114014,1,0,-1
196,235,3.645771026611328,0.0,584.4252319335938,970.5601806640625,0.9655647277832031,1,0,-1
197,235,3.518876314163208,0.0,583.0144653320312,965.4158935546875,0.9689798951148987,1,0,-1
198,235,3.6692512035369873,0.0,580.5850830078125,962.628173828125,0.964431643486023,1,0,-1
199,235,4.210806369781494,0.0,577.3745727539062,961.4443359375,0.9617995619773865,1,0,-1
200,235,5.0510172843933105,0.0,572.0511474609375,951.6990356445312,0.9344292879104614,1,0,-1
201,235,6.235330104827881,0.0,568.6569213867188,962.33251953125,0.9248901009559631,1,0,-1
202,235,6.825856685638428,0.0,561.1985473632812,965.2015380859375,0.8722045421600342,1,0,-1
203,235,8.482404708862305,0.0,559.7166748046875,967.45849609375,0.9175235033035278,1,0,-1
204,235,8.002169609069824,0.0,560.6839599609375,1006.444580078125,0.9425437450408936,1,0,-1
205,235,8.556022644042969,0.0,561.0824584960938,1003.0421142578125,0.9475081562995911,1,0,-1
206,235,7.298825740814209,0.0,560.6889038085938,980.498779296875,0.916175901889801,1,0,-1
207,235,6.8895792961120605,0.3669012486934662,559.1478271484375,1010.4140014648438,0.9508501291275024,1,0,-1
208,235,5.320518970489502,0.3741563558578491,560.2958984375,1012.8112182617188,0.9464125633239746,1,0,-1
209,235,4.301782131195068,0.7104499340057373,560.5454711914062,1016.2112426757812,0.9552369117736816,1,0,-1
