9,921,5.195947647094727,0.0,879.4019775390625,525.4058227539062,0.5351401567459106,1,16,-1
10,921,5.016022205352783,0.0,883.148193359375,541.0587158203125,0.5925703644752502,1,16,-1
11,921,4.57481050491333,0.0,883.0433349609375,530.5885620117188,0.5556815266609192,1,16,-1
12,921,4.453200817108154,0.0,886.2989501953125,545.2366333007812,0.6145232319831848,1,16,-1
13,921,3.6004638671875,0.0,887.814208984375,548.0427856445312,0.570266604423523,1,16,-1
14,921,3.645045280456543,0.586102306842804,889.1572875976562,553.1015014648438,0.5881909132003784,1,16,-1
15,921,2.8877391815185547,0.0,891.2015380859375,554.54443359375,0.5843043327331543,1,16,-1
17,921,2.1517090797424316,0.0,890.2319946289062,548.9055786132812,0.5029366612434387,1,16,-1
19,921,2.3793225288391113,0.39203518629074097,888.302001953125,534.2124633789062,0.5166309475898743,1,16,-1
20,921,0.9719047546386719,0.26559266448020935,890.79541015625,533.535400390625,0.5441874861717224,1,16,-1
22,921,0.5580370426177979,0.4939229190349579,892.1948852539062,558.9631958007812,0.5705897808074951,1,16,-1
23,921,0.4924340546131134,0.6926933526992798,890.1873168945312,537.9558715820312,0.5154795050621033,1,16,-1
24,921,0.18518973886966705,0.37730997800827026,886.6236572265625,536.13232421875,0.5712550282478333,1,16,-1
25,921,0.6360213160514832,0.24099938571453094,877.6179809570312,543.769287109375,0.6667606830596924,1,16,-1
26,921,0.41751164197921753,0.052539143711328506,875.4231567382812,552.5664672851562,0.6653802394866943,1,16,-1
27,921,0.4318276345729828,0.024493038654327393,873.4347534179688,555.13232421875,0.6259933114051819,1,16,-1
28,921,1.0028167963027954,0.45173755288124084,869.4512329101562,558.572998046875,0.6870272159576416,1,16,-1
29,921,0.6729883551597595,0.09422491490840912,863.4291381835938,558.1878051757812,0.6946592926979065,1,16,-1
30,921,1.229771375656128,0.23166480660438538,858.1854248046875,556.754638671875,0.725049614906311,1,16,-1
31,921,0.9399281144142151,0.23152945935726166,857.8596801757812,559.08740234375,0.6492449045181274,1,16,-1
32,921,1.3086674213409424,0.27946123480796814,855.2716674804688,556.9423217773438,0.6743180751800537,1,16,-1
33,921,1.1015678644180298,0.20292721688747406,853.9966430664062,555.1436767578125,0.6317762136459351,1,16,-1
34,921,1.5794391632080078,0.21623127162456512,854.2993774414062,560.5711669921875,0.6228866577148438,1,16,-1
35,921,1.0229161977767944,0.0,856.0471801757812,569.1267700195312,0.702430784702301,1,16,-1
36,921,1.6977440118789673,0.0,852.4613037109375,562.6718139648438,0.6664329767227173,1,16,-1
37,921,1.5571364164352417,0.0,853.958984375,561.2528076171875,0.648101270198822,1,16,-1
38,921,1.1668866872787476,0.0,854.5620727539062,565.7025756835938,0.6693439483642578,1,16,-1
39,921,1.3664169311523438,0.0,855.2987060546875,570.0060424804688,0.6632139086723328,1,16,-1
40,921,1.0147669315338135,0.0,855.8325805664062,575.1065063476562,0.6443663239479065,1,16,-1
41,921,1.430253028869629,0.0,855.203369140625,577.6497192382812,0.6994230151176453,1,16,-1
42,921,1.2915582656860352,0.0,856.717529296875,574.5973510742188,0.5652068853378296,1,16,-1
43,921,1.7189010381698608,0.0,852.2410278320312,576.08984375,0.5909909009933472,1,16,-1
44,921,1.2685716152191162,0.0,853.0934448242188,584.7988891601562,0.6607423424720764,1,16,-1
45,921,1.4822006225585938,0.0,851.7225952148438,580.5071411132812,0.6814703345298767,1,16,-1
46,921,1.4347020387649536,0.0,853.1874389648438,579.80810546875,0.6436188817024231,1,16,-1
47,921,1.3055739402770996,0.0,849.3377075195312,572.48046875,0.6423531770706177,1,16,-1
48,921,1.257158875465393,0.0,849.9099731445312,584.6176147460938,0.6480028629302979,1,16,-1
49,921,1.2125588655471802,0.0,848.790283203125,584.4465942382812,0.691737949848175,1,16,-1
50,921,1.2675148248672485,0.0,847.5662231445312,583.0101318359375,0.6901301741600037,1,16,-1
51,921,1.2824071645736694,0.0,847.7138061523438,578.4451293945312,0.660173237323761,1,16,-1
52,921,1.4037891626358032,0.0,845.4893798828125,576.8905639648438,0.6033807992935181,1,16,-1
53,921,1.4957554340362549,0.0,839.5961303710938,570.035400390625,0.5711820721626282,1,16,-1
54,921,1.8196663856506348,0.0,839.1007690429688,575.034423828125,0.5821250081062317,1,16,-1
55,921,1.7476147413253784,0.0,835.8499145507812,570.1276245117188,0.5682826638221741,1,16,-1
56,921,1.4893825054168701,0.0,837.75634765625,573.1764526367188,0.5865182280540466,1,16,-1
57,921,1.2968521118164062,0.0,839.068115234375,574.9866943359375,0.510551929473877,1,16,-1
58,921,0.8227740526199341,0.0,839.2221069335938,578.6121826171875,0.5966160893440247,1,16,-1
59,921,1.083212971687317,0.0,836.8208618164062,577.1028442382812,0.5821746587753296,1,16,-1
60,921,1.2853903770446777,0.0,834.8115844726562,571.3953857421875,0.6371510624885559,1,16,-1
61,921,0.7809778451919556,0.0,833.7111206054688,577.2533569335938,0.6645416021347046,1,16,-1
62,921,0.8154445290565491,0.0,833.2347412109375,579.8329467773438,0.6216429471969604,1,16,-1
63,921,0.910183846950531,0.0,835.9658203125,591.141357421875,0.6179468035697937,1,16,-1
64,921,0.5635300278663635,0.0,835.2696533203125,589.9371948242188,0.5470046997070312,1,16,-1
65,921,1.2430636882781982,0.0,831.1952514648438,591.3705444335938,0.5469895005226135,1,16,-1
66,921,0.6540998816490173,0.0,831.74951171875,588.4551391601562,0.6217992901802063,1,16,-1
67,921,1.0167156457901,0.0,826.7100219726562,581.8330688476562,0.6120809316635132,1,16,-1
68,921,1.206155776977539,0.0,821.6682739257812,580.1790771484375,0.598115861415863,1,16,-1
69,921,1.0564967393875122,0.0,819.7745361328125,574.8005981445312,0.5843744874000549,1,16,-1
70,921,1.072822093963623,0.0,818.1864624023438,573.048095703125,0.6356428265571594,1,16,-1
71,921,1.2302817106246948,0.0,817.240234375,572.5770874023438,0.579075038433075,1,16,-1
72,921,1.089992880821228,0.0,817.32275390625,562.6942749023438,0.5684695839881897,1,16,-1
73,921,1.0543239116668701,0.0,819.9635620117188,556.010498046875,0.5931858420372009,1,16,-1
74,921,1.0937926769256592,0.0,821.9578247070312,562.0510864257812,0.6232397556304932,1,16,-1
75,921,1.1382780075073242,0.0,821.6015014648438,559.8670043945312,0.6177135705947876,1,16,-1
76,921,0.9554622769355774,0.0,820.1646728515625,555.00830078125,0.5943934321403503,1,16,-1
77,921,0.9127690196037292,0.0,820.4713134765625,563.0196533203125,0.6646668910980225,1,16,-1
78,921,1.1390304565429688,0.0,819.40380859375,554.8590087890625,0.6251940727233887,1,16,-1
79,921,0.9368206858634949,0.0,818.85595703125,552.5756225585938,0.6150736212730408,1,16,-1
80,921,0.8752467036247253,0.0,819.9111938476562,548.349609375,0.6245578527450562,1,16,-1
81,921,1.1766033172607422,0.0,820.2513427734375,527.3858642578125,0.5482850074768066,1,16,-1
84,921,0.2992430329322815,0.0,820.5677490234375,514.4224243164062,0.5262634754180908,1,16,-1
87,921,0.1958128809928894,0.0,820.0829467773438,514.8922119140625,0.5456982254981995,1,16,-1
88,921,0.28605151176452637,0.0,820.4159545898438,532.7092895507812,0.5503809452056885,1,16,-1
89,921,0.4786398708820343,0.0,821.6006469726562,535.8697509765625,0.5172975063323975,1,16,-1
90,921,0.2983909249305725,0.0,821.7351684570312,545.2973022460938,0.5658983588218689,1,16,-1
91,921,0.3515457808971405,0.0,819.4807739257812,535.206787109375,0.5356837511062622,1,16,-1
92,921,0.22253695130348206,0.0,818.9219360351562,536.2153930664062,0.5680747032165527,1,16,-1
93,921,0.32851362228393555,0.0,819.9560546875,542.1671752929688,0.505596399307251,1,16,-1
96,921,0.0,0.2096167653799057,819.1121826171875,536.001708984375,0.578204870223999,1,16,-1
97,921,0.0,0.0,818.8359375,534.6104125976562,0.5159866809844971,1,16,-1
105,921,0.2598581612110138,0.11178810894489288,818.47314453125,522.7996215820312,0.5422074198722839,1,16,-1
106,921,0.3239831030368805,0.0,819.3788452148438,528.0904541015625,0.650846004486084,1,16,-1
107,921,0.5582829713821411,0.1463293731212616,819.0376586914062,531.3519897460938,0.6177114844322205,1,16,-1
108,921,0.5912355184555054,0.0,819.1212158203125,534.1458129882812,0.6433454751968384,1,16,-1
109,921,0.7608086466789246,0.34246665239334106,819.7505493164062,533.0174560546875,0.6375973224639893,1,16,-1
110,921,0.9808357954025269,0.13231074810028076,819.3770751953125,527.880615234375,0.6381869912147522,1,16,-1
111,921,1.152368187904358,0.4061024785041809,820.112060546875,528.4093627929688,0.6304962635040283,1,16,-1
112,921,0.9895809888839722,0.018667202442884445,820.7362670898438,527.7963256835938,0.5980978608131409,1,16,-1
113,921,1.0463241338729858,0.31933891773223877,819.813720703125,529.2954711914062,0.6133682131767273,1,16,-1
114,921,0.8825109601020813,0.0,819.739990234375,534.6843872070312,0.5984042286872864,1,16,-1
115,921,1.0707300901412964,0.0,818.2957153320312,538.0296630859375,0.6512516736984253,1,16,-1
116,921,1.2560272216796875,0.04310983419418335,817.9501342773438,530.8480224609375,0.6257935166358948,1,16,-1
117,921,1.2639598846435547,0.0,817.7493286132812,532.2680053710938,0.5958536267280579,1,16,-1
118,921,1.1533900499343872,0.33218395709991455,817.0228881835938,536.3499755859375,0.611854076385498,1,16,-1
119,921,1.044865608215332,0.36287921667099,817.0930786132812,536.8239135742188,0.5757445693016052,1,16,-1
120,921,1.2196837663650513,0.6379172801971436,816.7431640625,534.8671264648438,0.5613136887550354,1,16,-1
121,921,1.026402235031128,0.6736809015274048,814.9996948242188,508.630859375,0.5200138092041016,1,16,-1
122,921,0.8925233483314514,0.828843891620636,815.5680541992188,525.9848022460938,0.5019614696502686,1,16,-1
194,922,381.129638671875,3.208423376083374,104.4390869140625,185.45167541503906,0.5551716685295105,1,6,-1
195,922,369.3323974609375,1.4308500289916992,106.90902709960938,185.9718780517578,0.5613818168640137,1,6,-1
196,922,359.2898254394531,1.229803442955017,107.132568359375,182.91354370117188,0.5744889378547668,1,6,-1
