208,548,823.5978393554688,21.105222702026367,275.43524169921875,1058.894775390625,0.5553452968597412,1,6,-1
209,548,821.2939453125,17.13410758972168,280.5689697265625,1062.8658447265625,0.5494621396064758,1,6,-1
210,548,820.3126831054688,17.443382263183594,283.25909423828125,1062.556640625,0.5055732727050781,1,6,-1
212,548,811.0279541015625,16.10101890563965,294.494140625,1063.89892578125,0.5030577182769775,1,6,-1
213,548,808.5519409179688,13.634135246276855,297.78668212890625,1066.3658447265625,0.5333054065704346,1,6,-1
214,548,803.7239990234375,6.641280651092529,302.59130859375,1073.3587646484375,0.5682031512260437,1,6,-1
215,548,799.6774291992188,4.254321098327637,305.67205810546875,1075.7457275390625,0.5775030255317688,1,6,-1
216,548,790.7584228515625,1.2713390588760376,312.8358154296875,1078.7286376953125,0.5556483268737793,1,6,-1
217,548,784.716064453125,0.0,317.16650390625,1080.0,0.5623710751533508,1,6,-1
218,548,778.2109985351562,0.0,321.84161376953125,1079.9215087890625,0.5432873964309692,1,6,-1
219,548,771.959716796875,0.0,327.0384521484375,1080.0,0.525047779083252,1,6,-1
220,548,763.604736328125,0.0,334.3426513671875,1079.7545166015625,0.5339352488517761,1,6,-1
221,548,743.618408203125,0.849902331829071,353.329833984375,1078.8665771484375,0.5223677754402161,1,6,-1
222,548,730.1898193359375,1.857905626296997,362.4171142578125,1077.9842529296875,0.569050669670105,1,6,-1
223,548,719.539794921875,1.5596046447753906,369.265380859375,1078.2991943359375,0.5887330174446106,1,6,-1
224,548,709.8990478515625,1.615005612373352,373.1820068359375,1078.385009765625,0.5559612512588501,1,6,-1
225,548,702.2103271484375,0.43802013993263245,375.235595703125,1079.56201171875,0.5738034248352051,1,6,-1
226,548,693.8418579101562,0.0,379.60662841796875,1080.0,0.6076167821884155,1,6,-1
