26,305,1712.5087890625,244.5910186767578,190.4296875,361.03863525390625,0.6389811038970947,1,13,-1
27,305,1698.6656494140625,248.40890502929688,177.394287109375,340.6051940917969,0.602432131767273,1,13,-1
30,305,1644.556396484375,261.40545654296875,161.125732421875,308.72613525390625,0.5035068392753601,1,13,-1
31,305,1626.4927978515625,262.901123046875,167.484130859375,348.4708251953125,0.6084448099136353,1,13,-1
32,305,1610.337158203125,264.5494384765625,163.0849609375,354.773193359375,0.6344900131225586,1,13,-1
33,305,1592.0458984375,264.785400390625,168.3563232421875,361.646240234375,0.7287569642066956,1,13,-1
34,305,1575.7489013671875,269.48828125,164.875244140625,361.6661376953125,0.5925945043563843,1,13,-1
35,305,1559.849853515625,272.5028991699219,161.038330078125,358.8575744628906,0.6532405614852905,1,13,-1
36,305,1543.400390625,279.36456298828125,159.34423828125,355.697021484375,0.6330482959747314,1,13,-1
37,305,1524.6953125,285.73712158203125,157.7099609375,345.7259521484375,0.5781704783439636,1,13,-1
38,305,1512.41259765625,288.339111328125,154.0897216796875,342.76385498046875,0.7035017013549805,1,13,-1
39,305,1497.051513671875,292.2303771972656,150.03564453125,341.2765197753906,0.6300471425056458,1,13,-1
40,305,1479.2532958984375,295.13494873046875,152.0576171875,337.851806640625,0.5415409803390503,1,13,-1
41,305,1465.353271484375,297.1553039550781,148.72802734375,332.7936706542969,0.6077086329460144,1,13,-1
42,305,1450.579345703125,300.44964599609375,146.097412109375,334.95855712890625,0.6486302614212036,1,13,-1
43,305,1434.6903076171875,303.0824890136719,147.1083984375,331.5722351074219,0.6903305649757385,1,13,-1
44,305,1421.840576171875,307.7841491699219,145.444580078125,326.1423034667969,0.6902539730072021,1,13,-1
45,305,1409.96630859375,313.2065124511719,141.249755859375,324.6306457519531,0.7072532773017883,1,13,-1
46,305,1392.5726318359375,315.57171630859375,143.028564453125,321.0784912109375,0.6819988489151001,1,13,-1
47,305,1380.5146484375,316.6377258300781,141.1334228515625,321.5474548339844,0.6840511560440063,1,13,-1
48,305,1368.268310546875,321.2303771972656,136.5648193359375,317.9291687011719,0.602676272392273,1,13,-1
49,305,1353.798095703125,321.29058837890625,138.71337890625,321.9989013671875,0.687470555305481,1,13,-1
50,305,1338.0880126953125,324.2032775878906,142.2574462890625,318.4862365722656,0.6618093252182007,1,13,-1
51,305,1325.5726318359375,326.18798828125,142.0948486328125,315.51177978515625,0.6827048659324646,1,13,-1
52,305,1316.4249267578125,329.05584716796875,134.986572265625,314.57293701171875,0.6123393177986145,1,13,-1
53,305,1302.1820068359375,329.1103820800781,136.8076171875,314.8801574707031,0.5666804313659668,1,13,-1
54,305,1291.3900146484375,332.4210510253906,138.731689453125,310.3408508300781,0.5675141215324402,1,13,-1
55,305,1278.6260986328125,330.9428405761719,136.145751953125,311.5045471191406,0.6565219163894653,1,13,-1
56,305,1270.425537109375,328.2922058105469,130.12255859375,315.2497863769531,0.6646419167518616,1,13,-1
57,305,1254.300048828125,330.4901428222656,132.771728515625,313.8092956542969,0.7009018063545227,1,13,-1
58,305,1243.031982421875,332.52984619140625,131.875732421875,310.35711669921875,0.663774311542511,1,13,-1
59,305,1231.4434814453125,332.1377868652344,128.867919921875,310.2534484863281,0.6779586672782898,1,13,-1
60,305,1223.0262451171875,334.1943359375,124.8897705078125,309.00616455078125,0.7083848118782043,1,13,-1
61,305,1209.3238525390625,337.2986145019531,128.6927490234375,306.5787658691406,0.6179065108299255,1,13,-1
62,305,1198.3306884765625,337.00921630859375,130.619873046875,306.0877685546875,0.5854363441467285,1,13,-1
63,305,1188.6719970703125,339.33697509765625,127.777099609375,304.934326171875,0.6511497497558594,1,13,-1
64,305,1178.600830078125,340.9784851074219,123.3568115234375,303.3769836425781,0.6732048988342285,1,13,-1
65,305,1169.31298828125,343.81317138671875,123.1666259765625,300.1724853515625,0.5804656147956848,1,13,-1
66,305,1157.4947509765625,344.7057800292969,123.825927734375,298.3396911621094,0.6151273846626282,1,13,-1
67,305,1147.463623046875,345.43792724609375,119.864501953125,296.25335693359375,0.5691121816635132,1,13,-1
68,305,1136.1898193359375,345.3911437988281,118.7572021484375,296.0848083496094,0.6932375431060791,1,13,-1
69,305,1128.394287109375,346.94183349609375,118.51806640625,295.3345947265625,0.653642475605011,1,13,-1
70,305,1115.7586669921875,344.9167785644531,121.785400390625,296.3113098144531,0.5640302300453186,1,13,-1
71,305,1104.7344970703125,343.37274169921875,121.091796875,295.548828125,0.5285771489143372,1,13,-1
72,305,1094.2271728515625,342.9056091308594,117.7647705078125,298.6772155761719,0.6722472310066223,1,13,-1
73,305,1084.81005859375,342.6995849609375,116.3240966796875,300.24945068359375,0.6899684071540833,1,13,-1
74,305,1073.80322265625,344.1085205078125,118.254150390625,300.02911376953125,0.6145216226577759,1,13,-1
75,305,1062.9449462890625,342.7526550292969,117.8328857421875,297.7066345214844,0.5849173069000244,1,13,-1
76,305,1051.8753662109375,343.4150085449219,116.6717529296875,297.6997985839844,0.5900596380233765,1,13,-1
77,305,1040.2230224609375,343.2265625,117.770263671875,298.83123779296875,0.6863524317741394,1,13,-1
78,305,1033.1810302734375,344.237060546875,118.2083740234375,297.509033203125,0.7099924683570862,1,13,-1
79,305,1020.14013671875,344.6409606933594,123.6485595703125,298.3822326660156,0.5819169282913208,1,13,-1
80,305,1009.1771240234375,345.4582214355469,122.6075439453125,296.5610656738281,0.6693422198295593,1,13,-1
81,305,998.5055541992188,344.4189147949219,118.79107666015625,298.9972229003906,0.6682894229888916,1,13,-1
82,305,990.3480834960938,346.0549011230469,116.62042236328125,298.4411315917969,0.7219778895378113,1,13,-1
83,305,980.7924194335938,346.4186096191406,118.84881591796875,299.0985412597656,0.6769636869430542,1,13,-1
84,305,968.966064453125,346.9068298339844,120.6361083984375,298.2743835449219,0.6618157029151917,1,13,-1
85,305,958.071533203125,346.68035888671875,118.875244140625,297.31689453125,0.6989460587501526,1,13,-1
86,305,948.9102783203125,346.7110900878906,115.2969970703125,298.3827819824219,0.6721110343933105,1,13,-1
87,305,940.7792358398438,346.70904541015625,115.15289306640625,297.9002685546875,0.7200565338134766,1,13,-1
88,305,928.6174926757812,346.337890625,121.03497314453125,299.18255615234375,0.6571612358093262,1,13,-1
89,305,918.6085815429688,345.70526123046875,117.19903564453125,297.668212890625,0.6630611419677734,1,13,-1
90,305,907.8004150390625,346.27557373046875,115.877197265625,297.14691162109375,0.6577044129371643,1,13,-1
91,305,897.9663696289062,347.3564758300781,114.601318359375,297.9253845214844,0.7393092513084412,1,13,-1
92,305,889.3231811523438,349.2484436035156,116.513427734375,296.1288757324219,0.7156473994255066,1,13,-1
93,305,878.2821044921875,351.3884582519531,116.71636962890625,294.1067810058594,0.6231356859207153,1,13,-1
94,305,867.1233520507812,352.7441711425781,114.1513671875,290.7667541503906,0.6624026894569397,1,13,-1
95,305,857.1900634765625,351.86297607421875,112.7757568359375,294.26910400390625,0.6340606212615967,1,13,-1
96,305,848.7776489257812,352.6200256347656,111.68572998046875,293.4591979980469,0.7002708315849304,1,13,-1
97,305,840.8829956054688,351.86187744140625,114.84619140625,295.37530517578125,0.6142482757568359,1,13,-1
98,305,828.4302368164062,351.3647766113281,113.95660400390625,293.8610534667969,0.6024200320243835,1,13,-1
99,305,815.2852172851562,345.9290771484375,116.37237548828125,298.2984619140625,0.5925070643424988,1,13,-1
99,308,1350.6234130859375,181.706787109375,569.3765869140625,290.4132995605469,0.5278701186180115,1,16,-1
100,305,805.429931640625,346.5028381347656,114.464111328125,300.8385925292969,0.6822705864906311,1,13,-1
100,308,1332.894287109375,187.1752166748047,585.5460205078125,293.70074462890625,0.6433231830596924,1,16,-1
101,305,795.8007202148438,346.47015380859375,116.3714599609375,300.340087890625,0.6922504305839539,1,13,-1
101,308,1324.114501953125,182.8811492919922,595.885498046875,301.87640380859375,0.6445372104644775,1,16,-1
102,305,785.7487182617188,346.39410400390625,119.191162109375,301.87689208984375,0.5773873329162598,1,13,-1
102,308,1294.521240234375,179.9266815185547,624.3751220703125,318.69110107421875,0.6609810590744019,1,16,-1
103,305,773.6415405273438,345.88421630859375,119.27667236328125,298.99462890625,0.6257807612419128,1,13,-1
103,308,1270.5394287109375,177.84056091308594,649.4605712890625,322.82379150390625,0.7124472260475159,1,16,-1
104,305,763.0615844726562,346.3185119628906,118.7498779296875,303.9077453613281,0.5082890391349792,1,13,-1
104,308,1279.2899169921875,174.2012939453125,639.3798828125,318.068603515625,0.7242127656936646,1,16,-1
105,305,753.6740112304688,346.5182800292969,115.93878173828125,303.5915222167969,0.6322298645973206,1,13,-1
105,308,1270.7645263671875,169.07119750976562,649.2354736328125,321.886962890625,0.6490393877029419,1,16,-1
106,305,745.897705078125,348.7320861816406,117.16259765625,302.3273010253906,0.7063916325569153,1,13,-1
106,308,1244.2437744140625,170.04022216796875,675.208984375,332.6108093261719,0.6967796087265015,1,16,-1
107,305,732.838134765625,349.836669921875,119.9005126953125,301.97344970703125,0.5975627303123474,1,13,-1
107,308,1230.337646484375,164.82582092285156,689.662353515625,333.1378173828125,0.5549083948135376,1,16,-1
108,305,719.8433227539062,349.09527587890625,122.641845703125,304.23077392578125,0.6823840141296387,1,13,-1
109,305,709.2533569335938,349.12762451171875,120.84259033203125,306.0089111328125,0.7082179188728333,1,13,-1
109,308,1217.6195068359375,155.52850341796875,700.4549560546875,339.67462158203125,0.5667850375175476,1,16,-1
110,305,700.3040161132812,352.63671875,118.773193359375,305.240478515625,0.7669636607170105,1,13,-1
110,308,1212.184814453125,153.96217346191406,704.762939453125,345.712646484375,0.6179074048995972,1,16,-1
111,305,689.9199829101562,355.0850830078125,122.216064453125,303.56005859375,0.7063348889350891,1,13,-1
112,305,677.4564208984375,354.36932373046875,123.2318115234375,304.462158203125,0.6451650857925415,1,13,-1
113,305,666.6796264648438,355.7934875488281,122.14569091796875,301.0250549316406,0.7056489586830139,1,13,-1
113,308,1190.115966796875,146.2812042236328,726.40380859375,349.044921875,0.6293371319770813,1,16,-1
114,305,657.787353515625,360.523681640625,117.9404296875,298.137451171875,0.7067502737045288,1,13,-1
114,308,1193.9356689453125,140.1455078125,723.4666748046875,349.70062255859375,0.6220922470092773,1,16,-1
115,305,648.1554565429688,357.2545166015625,119.0140380859375,300.3739013671875,0.7238914370536804,1,13,-1
115,308,1163.740234375,136.39642333984375,754.074462890625,361.2136535644531,0.6006115078926086,1,16,-1
116,305,634.17138671875,357.87744140625,124.01361083984375,301.4681396484375,0.5868891477584839,1,13,-1
116,308,1159.688232421875,134.5703582763672,758.3616943359375,357.25286865234375,0.6169220209121704,1,16,-1
117,305,622.3006591796875,357.00885009765625,124.9443359375,303.63671875,0.6429024338722229,1,13,-1
117,308,1162.2139892578125,130.59140014648438,756.002197265625,355.6717224121094,0.645395815372467,1,16,-1
118,305,611.796630859375,356.0820007324219,123.49139404296875,305.8230895996094,0.6426287293434143,1,13,-1
118,308,1142.8048095703125,128.419921875,775.697021484375,368.55712890625,0.6664941906929016,1,16,-1
119,305,602.6746215820312,354.6772766113281,121.9490966796875,306.9416809082031,0.739793062210083,1,13,-1
119,308,1146.1566162109375,127.0411376953125,772.2608642578125,365.6035461425781,0.6685047745704651,1,16,-1
120,305,589.3944702148438,353.2268981933594,126.8973388671875,309.5566101074219,0.6608269810676575,1,13,-1
120,308,1123.4986572265625,126.25080871582031,795.177001953125,365.92437744140625,0.5724034905433655,1,16,-1
121,305,576.4967651367188,351.6724548339844,128.80596923828125,310.1982727050781,0.593115508556366,1,13,-1
121,308,1132.3043212890625,119.99095153808594,786.83349609375,367.37860107421875,0.6442874073982239,1,16,-1
122,305,564.7055053710938,349.0396728515625,129.43011474609375,312.27239990234375,0.6477979421615601,1,13,-1
122,308,1126.0152587890625,115.67973327636719,793.3572998046875,373.145263671875,0.6407935619354248,1,16,-1
123,305,554.4683227539062,346.63446044921875,126.62017822265625,314.76519775390625,0.6914173364639282,1,13,-1
123,308,1090.268798828125,112.97793579101562,829.3909912109375,386.1043701171875,0.6431853771209717,1,16,-1
124,305,542.108642578125,345.474365234375,130.0985107421875,315.94244384765625,0.6003634333610535,1,13,-1
124,308,1093.8782958984375,111.3387222290039,825.5260009765625,378.7269592285156,0.6290153861045837,1,16,-1
125,305,529.0571899414062,344.754150390625,133.13836669921875,316.29052734375,0.5948004126548767,1,13,-1
125,308,1070.8985595703125,107.12446594238281,849.1014404296875,393.764892578125,0.6400545239448547,1,16,-1
126,305,517.4705810546875,343.2996520996094,132.7379150390625,317.4361877441406,0.6404740214347839,1,13,-1
126,308,1079.82958984375,103.67115783691406,840.17041015625,387.08966064453125,0.636867344379425,1,16,-1
127,305,507.79107666015625,342.5745544433594,128.696533203125,319.2052917480469,0.6879341006278992,1,13,-1
127,308,1052.1671142578125,99.03733825683594,867.8328857421875,400.14263916015625,0.605150580406189,1,16,-1
128,305,496.39215087890625,343.1118469238281,129.48065185546875,317.5412902832031,0.6956678628921509,1,13,-1
128,308,1066.4210205078125,93.30577850341797,853.5789794921875,396.70318603515625,0.6655441522598267,1,16,-1
129,305,481.6546630859375,344.08953857421875,133.3424072265625,313.7447509765625,0.541346549987793,1,13,-1
129,308,1031.1622314453125,88.84712982177734,888.8377685546875,411.7998962402344,0.632841944694519,1,16,-1
130,305,469.931640625,344.6040344238281,131.99609375,309.7155456542969,0.6437796950340271,1,13,-1
130,308,1006.8267822265625,90.14901733398438,913.1732177734375,416.0587158203125,0.653404712677002,1,16,-1
131,305,459.35833740234375,343.4463806152344,131.2945556640625,315.0440368652344,0.6719903945922852,1,13,-1
131,308,1011.7213745117188,88.74132537841797,908.2786254882812,413.44219970703125,0.6337589621543884,1,16,-1
132,305,447.57342529296875,343.0477294921875,132.0428466796875,318.14495849609375,0.6727250814437866,1,13,-1
132,308,1007.7477416992188,83.24598693847656,912.2522583007812,416.39263916015625,0.5720674395561218,1,16,-1
133,305,432.7938537597656,343.5598449707031,135.75845336914062,313.0502014160156,0.6168659925460815,1,13,-1
133,308,1008.0969848632812,81.01483917236328,911.9030151367188,413.6623229980469,0.6675882339477539,1,16,-1
134,305,420.03424072265625,342.32470703125,137.1220703125,312.6126708984375,0.591975748538971,1,13,-1
134,308,991.7959594726562,80.17894744873047,928.2040405273438,416.3151550292969,0.6403105854988098,1,16,-1
135,305,408.45989990234375,342.36474609375,136.31280517578125,318.34423828125,0.7135301232337952,1,13,-1
135,308,953.0184936523438,79.5242919921875,966.9815063476562,435.58233642578125,0.6747597455978394,1,16,-1
136,305,393.3544616699219,343.10308837890625,140.36367797851562,321.90179443359375,0.6883512139320374,1,13,-1
136,308,935.0654907226562,75.23712921142578,984.9345092773438,447.53082275390625,0.6310265064239502,1,16,-1
137,305,380.8036804199219,342.7105407714844,140.30728149414062,320.8564147949219,0.6727683544158936,1,13,-1
137,308,932.17333984375,70.73790740966797,987.82666015625,451.07159423828125,0.6256009340286255,1,16,-1
138,305,367.8752746582031,340.6992492675781,141.73947143554688,322.4943542480469,0.613271176815033,1,13,-1
138,308,918.1593017578125,66.7048568725586,1001.8406982421875,460.1443176269531,0.6375402808189392,1,16,-1
139,305,357.1553649902344,339.93450927734375,138.68560791015625,325.1527099609375,0.6965512633323669,1,13,-1
139,308,922.0604248046875,65.38633728027344,997.9395751953125,454.0582275390625,0.6232575178146362,1,16,-1
140,305,341.5846252441406,338.70343017578125,142.09268188476562,329.18865966796875,0.6769134402275085,1,13,-1
140,308,893.3585815429688,63.366790771484375,1026.641357421875,462.6836242675781,0.6512696146965027,1,16,-1
141,305,328.3769836425781,340.1952209472656,145.08941650390625,326.2718200683594,0.6888007521629333,1,13,-1
141,308,908.9560546875,60.4821662902832,1011.0439453125,455.5107421875,0.5559303760528564,1,16,-1
142,305,316.19134521484375,337.8218994140625,143.19937133789062,326.14154052734375,0.6285457015037537,1,13,-1
142,308,898.0111694335938,56.96953201293945,1021.9888305664062,457.74908447265625,0.5661102533340454,1,16,-1
143,305,304.6813049316406,335.95654296875,142.24127197265625,330.06378173828125,0.6793027520179749,1,13,-1
143,308,874.6790161132812,54.02814483642578,1045.321044921875,470.02362060546875,0.6383582949638367,1,16,-1
144,305,288.2576599121094,336.1333312988281,146.5550537109375,333.3574523925781,0.689034104347229,1,13,-1
144,308,860.2588500976562,53.332515716552734,1059.7412109375,477.55340576171875,0.5099884271621704,1,16,-1
145,305,274.6006774902344,336.5016174316406,148.52090454101562,332.0579528808594,0.6440080404281616,1,13,-1
145,308,839.7913818359375,63.80073165893555,1080.2086181640625,473.15789794921875,0.536521852016449,1,16,-1
146,305,262.3019714355469,335.0474548339844,147.6329345703125,335.6684875488281,0.6544510126113892,1,13,-1
146,308,844.0030517578125,64.36262512207031,1075.9969482421875,466.62835693359375,0.5340178608894348,1,16,-1
147,305,243.73497009277344,334.06414794921875,156.46214294433594,337.47998046875,0.6933574080467224,1,13,-1
147,308,841.5848999023438,64.8619155883789,1078.4150390625,463.7965393066406,0.5606218576431274,1,16,-1
148,305,230.41525268554688,332.0601806640625,156.2279052734375,340.7952880859375,0.6111668944358826,1,13,-1
148,308,822.8765258789062,62.53078079223633,1097.12353515625,472.5406188964844,0.5890825986862183,1,16,-1
149,305,217.64321899414062,329.94000244140625,156.63055419921875,341.70050048828125,0.5328928232192993,1,13,-1
149,308,787.2898559570312,60.744205474853516,1132.710205078125,484.70257568359375,0.6113839149475098,1,16,-1
150,305,199.39178466796875,327.8541564941406,165.05120849609375,345.0367126464844,0.6458703875541687,1,13,-1
150,308,800.28271484375,60.06549835205078,1119.71728515625,475.624755859375,0.5292393565177917,1,16,-1
151,305,185.2561492919922,321.4693603515625,163.72752380371094,352.923095703125,0.7188824415206909,1,13,-1
151,308,787.064453125,55.531982421875,1132.935546875,478.8935546875,0.5740153789520264,1,16,-1
152,305,171.85362243652344,314.6571960449219,163.84059143066406,359.3518981933594,0.6779597997665405,1,13,-1
152,308,809.1903076171875,55.809993743896484,1110.8096923828125,463.978271484375,0.6065540313720703,1,16,-1
153,305,156.5051727294922,313.284912109375,165.67323303222656,360.73468017578125,0.5419327616691589,1,13,-1
153,308,764.9727783203125,49.96072769165039,1155.0272216796875,487.6296691894531,0.6226497888565063,1,16,-1
154,305,140.1696014404297,314.83514404296875,169.30357360839844,359.91229248046875,0.6998977661132812,1,13,-1
154,308,769.9419555664062,49.18240737915039,1150.05810546875,486.5426940917969,0.548546314239502,1,16,-1
155,305,124.77007293701172,314.4939880371094,170.6988525390625,358.9701232910156,0.7063839435577393,1,13,-1
155,308,761.131103515625,47.11751174926758,1158.868896484375,489.9974670410156,0.5463405847549438,1,16,-1
156,305,111.20027160644531,310.29742431640625,168.72340393066406,351.5050048828125,0.611753523349762,1,13,-1
157,305,92.72325134277344,308.4301452636719,174.8195037841797,362.1626892089844,0.6364744901657104,1,13,-1
158,305,78.98847961425781,305.3308410644531,172.3526153564453,366.6265563964844,0.6043200492858887,1,13,-1
159,305,65.53942108154297,304.2699279785156,170.44967651367188,292.3983459472656,0.6032513976097107,1,13,-1
160,305,39.69194793701172,303.0216064453125,185.46798706054688,343.701904296875,0.5522909164428711,1,13,-1
162,308,682.748779296875,68.89807891845703,1222.6485595703125,469.30267333984375,0.5499979853630066,1,16,-1
163,308,663.3204345703125,66.07801818847656,1241.53076171875,476.3343505859375,0.570965051651001,1,16,-1
163,305,0.0,299.5070495605469,179.11036682128906,380.5459289550781,0.6600895524024963,1,13,-1
164,308,650.7272338867188,64.4072494506836,1252.911865234375,477.8540344238281,0.5951094627380371,1,16,-1
165,308,637.9216918945312,60.86289978027344,1265.863525390625,485.4794921875,0.5816310048103333,1,16,-1
165,305,0.0,295.831298828125,144.7106170654297,230.7354736328125,0.549782931804657,1,13,-1
166,308,633.4345092773438,58.692405700683594,1271.209228515625,487.9817810058594,0.5222184062004089,1,16,-1
166,309,633.7960815429688,14.181852340698242,1285.49658203125,533.482421875,0.5380752682685852,1,6,-1
167,308,622.6821899414062,57.189064025878906,1282.69970703125,489.7425842285156,0.5149456262588501,1,16,-1
167,309,622.8438110351562,13.007084846496582,1296.7265625,534.6636962890625,0.5757892727851868,1,6,-1
168,308,598.089111328125,53.097694396972656,1307.845458984375,496.7522277832031,0.5358060598373413,1,16,-1
168,309,594.5677490234375,11.510675430297852,1325.4322509765625,537.1878051757812,0.507448136806488,1,6,-1
169,308,592.5526733398438,52.004180908203125,1315.174560546875,498.3128967285156,0.5361149907112122,1,16,-1
169,309,587.1744995117188,10.142866134643555,1332.825439453125,538.1749877929688,0.5426112413406372,1,6,-1
171,308,604.1220703125,18.810535430908203,1313.1390380859375,529.8202514648438,0.6205124855041504,1,6,-1
172,308,567.0086669921875,12.28330135345459,1352.9913330078125,538.1278686523438,0.5397042632102966,1,6,-1
