96,84,689.4386596679688,0.0,630.3359985351562,365.7140197753906,0.5547072291374207,1,16,-1
97,84,673.9561767578125,0.0,635.4075927734375,368.40020751953125,0.5410971641540527,1,16,-1
98,84,685.1719970703125,0.0,616.9857177734375,353.864501953125,0.5029849410057068,1,16,-1
99,84,640.2542114257812,0.0,656.0114135742188,366.6988220214844,0.5760869383811951,1,16,-1
100,84,609.1168212890625,0.0,682.8570556640625,372.36212158203125,0.5836460590362549,1,16,-1
101,84,591.1016235351562,0.0,692.4564819335938,375.8926696777344,0.5713527798652649,1,16,-1
102,84,581.4573974609375,1.877427339553833,695.460693359375,376.3524475097656,0.6103233695030212,1,16,-1
103,84,565.7330932617188,2.242586851119995,699.9196166992188,375.1868896484375,0.6771419644355774,1,16,-1
104,84,559.1052856445312,2.2195863723754883,694.7162475585938,370.0830383300781,0.6141931414604187,1,16,-1
105,84,519.5817260742188,1.8988133668899536,728.1310424804688,375.3174743652344,0.6075521111488342,1,16,-1
106,84,513.1722412109375,1.531694769859314,728.182861328125,371.88702392578125,0.6862164735794067,1,16,-1
