100,544,186.88914489746094,133.71986389160156,82.50520324707031,102.05291748046875,0.5917771458625793,1,2,-1
101,544,176.10806274414062,129.20835876464844,85.906005859375,100.55793762207031,0.6470346450805664,1,2,-1
102,544,168.4222412109375,125.2757797241211,87.77999877929688,102.4690933227539,0.6096287965774536,1,2,-1
106,544,136.479248046875,105.58560180664062,87.15303039550781,100.90281677246094,0.5973638296127319,1,2,-1
107,544,125.88412475585938,101.92842102050781,90.67984008789062,100.53840637207031,0.5336147546768188,1,2,-1
113,544,62.89405059814453,81.05697631835938,96.36373138427734,105.93928527832031,0.5733839869499207,1,2,-1
114,544,51.00946807861328,76.8627700805664,99.84342193603516,107.84432220458984,0.5422548651695251,1,2,-1
204,546,795.0400390625,18.281408309936523,301.7220458984375,1050.6273193359375,0.6051804423332214,1,0,-1
205,546,797.9120483398438,16.27023696899414,301.44903564453125,1053.7801513671875,0.5407246947288513,1,0,-1
206,546,796.6244506835938,16.875852584838867,305.68487548828125,1051.1583251953125,0.6580425500869751,1,0,-1
208,546,796.0479125976562,10.769085884094238,311.24859619140625,1058.4215087890625,0.5669846534729004,1,2,-1
210,546,798.1129150390625,11.11044692993164,313.892822265625,1053.5433349609375,0.5124952793121338,1,0,-1
211,546,793.82470703125,13.055558204650879,320.5140380859375,1050.5068359375,0.6456747055053711,1,0,-1
212,546,791.2852783203125,8.436832427978516,324.3155517578125,1055.416015625,0.5201584696769714,1,0,-1
213,546,787.8660278320312,6.536059856414795,327.52069091796875,1054.31103515625,0.5769412517547607,1,0,-1
214,546,784.8394165039062,4.355259418487549,329.01531982421875,1059.2122802734375,0.5932198762893677,1,0,-1
215,546,777.4095458984375,6.082508087158203,334.721435546875,1060.416259765625,0.6724840998649597,1,0,-1
216,546,770.15625,5.977570533752441,341.8536376953125,1061.05078125,0.6106597185134888,1,0,-1
217,546,761.6118774414062,6.4243879318237305,349.06256103515625,1062.4527587890625,0.5730012059211731,1,0,-1
218,546,758.3352661132812,5.6191301345825195,348.69610595703125,1063.73876953125,0.7087028622627258,1,0,-1
219,546,749.7752075195312,5.640869140625,356.31219482421875,1065.8046875,0.5730563402175903,1,0,-1
220,546,739.99072265625,6.250555515289307,365.1038818359375,1065.3577880859375,0.5850794911384583,1,0,-1
221,546,731.9846801757812,5.921391010284424,369.73284912109375,1066.12548828125,0.5609248876571655,1,0,-1
223,546,712.3140869140625,5.313468933105469,383.7669677734375,1065.3262939453125,0.5065864324569702,1,2,-1
224,546,702.5448608398438,4.382216930389404,387.20281982421875,1067.8203125,0.5142953991889954,1,2,-1
