92,493,0.0,0.26661717891693115,937.8568115234375,977.9788208007812,0.5864503979682922,1,2,-1
93,493,0.0,0.3211834132671356,929.66162109375,1006.4259033203125,0.6035839319229126,1,2,-1
94,493,0.0,0.08440469205379486,930.0774536132812,992.3687744140625,0.6016198396682739,1,2,-1
95,493,0.0,0.5778302550315857,933.3775634765625,1026.4449462890625,0.6462733745574951,1,2,-1
96,493,0.0,0.0,935.9767456054688,994.9898071289062,0.5736400485038757,1,2,-1
97,493,0.0,0.0,930.30419921875,995.4888305664062,0.6532413959503174,1,2,-1
98,493,0.0,0.0,926.4127807617188,1007.2191772460938,0.7086177468299866,1,2,-1
99,493,0.042802128940820694,0.0,921.4954223632812,995.2035522460938,0.6735520362854004,1,2,-1
100,493,0.10326823592185974,0.8241090774536133,919.3084106445312,959.2095947265625,0.693494439125061,1,2,-1
101,493,0.32317835092544556,0.31087273359298706,924.9133911132812,959.193115234375,0.7260470390319824,1,2,-1
102,493,0.3388388752937317,1.8649100065231323,923.6932373046875,939.7324829101562,0.7869596481323242,1,2,-1
103,493,0.0,5.298242092132568,920.5421752929688,936.7112426757812,0.7751599550247192,1,2,-1
104,493,0.0,7.511911869049072,925.3688354492188,920.5478515625,0.7592269778251648,1,2,-1
105,493,0.0,6.682609558105469,925.392333984375,920.84375,0.75630784034729,1,2,-1
106,493,0.0,9.297528266906738,924.1659545898438,907.1195678710938,0.7604858875274658,1,2,-1
107,493,0.0,9.119441032409668,915.3543701171875,908.2191162109375,0.7710871696472168,1,2,-1
108,493,0.0,7.831291675567627,914.18408203125,915.4852905273438,0.6947181820869446,1,2,-1
109,493,0.0,8.510760307312012,910.490478515625,925.354736328125,0.674363374710083,1,2,-1
110,493,0.0,5.738890647888184,908.693359375,933.93798828125,0.6531074643135071,1,2,-1
111,493,0.7671858072280884,8.374222755432129,903.4481811523438,936.4735717773438,0.6590303778648376,1,2,-1
112,493,2.506263017654419,11.702676773071289,896.2575073242188,934.8810424804688,0.6987074017524719,1,2,-1
113,493,0.0,9.836135864257812,887.6461181640625,952.8435668945312,0.5658557415008545,1,2,-1
115,493,0.0,12.9246826171875,880.0827026367188,961.1442260742188,0.5000865459442139,1,2,-1
116,493,0.0,17.466230392456055,879.4413452148438,962.4203491210938,0.5163018107414246,1,2,-1
