65,511,1883.6708984375,270.9689025878906,33.1702880859375,75.72586059570312,0.8629312515258789,1,0,-1
66,511,1865.1363525390625,277.6976013183594,46.94970703125,75.52059936523438,0.8173633217811584,1,0,-1
67,511,1849.349365234375,286.3032531738281,56.1351318359375,74.92959594726562,0.9289664626121521,1,0,-1
69,511,1817.0909423828125,303.0160827636719,58.710693359375,73.2816162109375,0.8810446858406067,1,0,-1
70,511,1801.272705078125,309.6119384765625,57.7852783203125,73.5035400390625,0.9376235008239746,1,0,-1
71,511,1785.3255615234375,317.7329406738281,56.8115234375,72.47076416015625,0.9295079708099365,1,0,-1
72,511,1768.9913330078125,325.3501281738281,55.167724609375,71.52676391601562,0.9038214087486267,1,0,-1
73,511,1753.50244140625,332.2162170410156,53.23876953125,70.69271850585938,0.9121137261390686,1,0,-1
74,511,1736.9544677734375,338.12164306640625,52.88818359375,70.9725341796875,0.936256468296051,1,0,-1
75,511,1720.2171630859375,344.9082946777344,52.2593994140625,69.68109130859375,0.9319115877151489,1,0,-1
76,511,1704.031982421875,351.2804260253906,51.7640380859375,70.09906005859375,0.9332003593444824,1,0,-1
77,511,1688.165283203125,356.59344482421875,50.486083984375,69.57003784179688,0.9466130137443542,1,0,-1
78,511,1671.6773681640625,363.72698974609375,50.3472900390625,67.96343994140625,0.9384961724281311,1,0,-1
79,511,1654.9244384765625,369.425048828125,50.6181640625,67.02084350585938,0.9290870428085327,1,0,-1
80,511,1639.765380859375,375.3209533691406,48.9620361328125,67.05780029296875,0.9435107707977295,1,0,-1
81,511,1624.6461181640625,381.3006286621094,48.19970703125,66.34103393554688,0.8613956570625305,1,0,-1
82,511,1608.9168701171875,386.65789794921875,47.2197265625,65.30972290039062,0.957789957523346,1,0,-1
83,511,1593.2713623046875,392.381591796875,46.6624755859375,65.09521484375,0.9512516856193542,1,0,-1
84,511,1577.811279296875,397.4351806640625,46.4571533203125,64.89718627929688,0.9233952164649963,1,0,-1
85,511,1563.347412109375,402.6601257324219,44.828125,64.883544921875,0.9440951943397522,1,0,-1
86,511,1548.808837890625,406.903076171875,43.7882080078125,64.16091918945312,0.9554556012153625,1,0,-1
87,511,1533.008544921875,412.66705322265625,44.4068603515625,62.944549560546875,0.9668184518814087,1,0,-1
88,511,1518.6268310546875,416.9288024902344,43.7215576171875,62.790679931640625,0.9448090195655823,1,0,-1
89,511,1504.4862060546875,422.11883544921875,42.4215087890625,62.8397216796875,0.9460662007331848,1,0,-1
90,511,1490.1820068359375,427.2263488769531,42.3428955078125,62.326934814453125,0.9454627633094788,1,0,-1
91,511,1476.1192626953125,431.5973815917969,42.248779296875,62.579254150390625,0.958004355430603,1,0,-1
92,511,1461.31201171875,436.497802734375,42.749755859375,62.205413818359375,0.9479199647903442,1,0,-1
93,511,1448.0794677734375,441.05816650390625,41.6240234375,61.004638671875,0.9552410840988159,1,0,-1
94,511,1434.963623046875,445.85699462890625,40.5738525390625,60.928131103515625,0.943402111530304,1,0,-1
95,511,1421.7955322265625,449.9303283691406,39.7318115234375,60.846221923828125,0.9382718205451965,1,0,-1
96,511,1408.9378662109375,454.4941101074219,39.087646484375,60.981719970703125,0.9564300775527954,1,0,-1
97,511,1395.513427734375,458.837158203125,39.1123046875,59.49688720703125,0.9564436078071594,1,0,-1
98,511,1383.2723388671875,463.6386413574219,38.587890625,58.461456298828125,0.9546202421188354,1,0,-1
99,511,1369.6297607421875,467.55255126953125,38.9180908203125,58.80023193359375,0.9535430669784546,1,0,-1
100,511,1357.0059814453125,471.6232604980469,38.657958984375,58.829315185546875,0.9337223172187805,1,0,-1
101,511,1344.1904296875,475.55908203125,37.71630859375,58.37420654296875,0.9117531180381775,1,0,-1
102,511,1331.9356689453125,479.1768493652344,37.11962890625,58.620635986328125,0.9626673460006714,1,0,-1
103,511,1317.7294921875,483.1268005371094,38.185546875,58.937591552734375,0.9556085467338562,1,0,-1
104,511,1305.7236328125,487.3510437011719,37.2099609375,57.557586669921875,0.9644731879234314,1,0,-1
105,511,1293.02880859375,491.4825744628906,37.2347412109375,57.729156494140625,0.9523111581802368,1,0,-1
106,511,1281.043212890625,495.0235290527344,36.3343505859375,57.384490966796875,0.946692705154419,1,0,-1
107,511,1268.1904296875,499.6012268066406,36.549072265625,57.154266357421875,0.9408242106437683,1,0,-1
108,511,1256.03076171875,502.53302001953125,36.14453125,57.59747314453125,0.943494975566864,1,0,-1
109,511,1243.5390625,506.714599609375,36.0516357421875,57.34991455078125,0.9603661298751831,1,0,-1
110,511,1231.017578125,510.95062255859375,36.055419921875,56.3692626953125,0.9623422026634216,1,0,-1
111,511,1218.807861328125,514.7611694335938,36.1077880859375,55.87109375,0.9615430235862732,1,0,-1
112,511,1206.4573974609375,518.1990356445312,36.14794921875,56.29925537109375,0.9557459354400635,1,0,-1
113,511,1194.8818359375,521.9823608398438,35.4063720703125,56.2965087890625,0.9370529651641846,1,0,-1
114,511,1182.5411376953125,526.1424560546875,35.2249755859375,56.5311279296875,0.9392816424369812,1,0,-1
115,511,1170.4637451171875,529.352294921875,35.17919921875,56.372314453125,0.955124020576477,1,0,-1
116,511,1158.505859375,533.7033081054688,35.201171875,55.87860107421875,0.9548361301422119,1,0,-1
117,511,1146.6962890625,537.2586669921875,34.8917236328125,55.10546875,0.9564040899276733,1,0,-1
118,511,1134.21240234375,541.2197875976562,35.421630859375,55.544921875,0.9535261392593384,1,0,-1
119,511,1122.309326171875,544.5901489257812,35.0869140625,55.8157958984375,0.9435995817184448,1,0,-1
120,511,1110.6468505859375,548.7177124023438,34.5357666015625,55.502685546875,0.9387178421020508,1,0,-1
121,511,1098.981689453125,552.1549682617188,34.0616455078125,55.3458251953125,0.9519479274749756,1,0,-1
122,511,1087.25390625,555.6952514648438,34.2088623046875,55.4229736328125,0.9559895992279053,1,0,-1
123,511,1075.198486328125,560.0992431640625,34.3294677734375,55.1365966796875,0.9549960494041443,1,0,-1
124,511,1063.533447265625,562.894287109375,34.4332275390625,55.480712890625,0.9525319933891296,1,0,-1
125,511,1051.79638671875,567.0438842773438,34.591552734375,56.15972900390625,0.9481388330459595,1,0,-1
126,511,1040.3153076171875,570.7551879882812,34.1173095703125,55.33892822265625,0.9441447257995605,1,0,-1
127,511,1028.210205078125,574.048828125,34.378173828125,56.70745849609375,0.9560233950614929,1,0,-1
128,511,1016.5103759765625,577.5481567382812,34.3145751953125,56.710205078125,0.9588173627853394,1,0,-1
129,511,1005.1394653320312,582.7310791015625,34.13873291015625,55.8536376953125,0.9579972624778748,1,0,-1
130,511,992.8590087890625,585.7879028320312,34.654052734375,55.96337890625,0.9570061564445496,1,0,-1
131,511,981.4517822265625,590.102783203125,34.46746826171875,56.05914306640625,0.9471625685691833,1,0,-1
132,511,970.2960815429688,593.9835815429688,33.6497802734375,55.63427734375,0.9439759254455566,1,0,-1
133,511,958.3154907226562,597.1764526367188,34.1802978515625,56.3985595703125,0.7198529243469238,1,0,-1
134,511,946.880126953125,601.71826171875,33.6741943359375,56.376708984375,0.9578520655632019,1,0,-1
135,511,935.0848999023438,605.4068603515625,33.8677978515625,55.38714599609375,0.957148551940918,1,0,-1
136,511,923.9708251953125,609.6301879882812,33.8675537109375,54.8662109375,0.9631224870681763,1,0,-1
137,511,911.8810424804688,612.6708984375,34.3839111328125,55.3948974609375,0.9514870047569275,1,0,-1
138,511,901.29345703125,616.5093994140625,34.197509765625,54.97882080078125,0.9512891173362732,1,0,-1
139,511,889.5322875976562,619.704833984375,34.22021484375,54.97222900390625,0.9364496469497681,1,0,-1
140,511,879.2496337890625,622.5307006835938,33.41241455078125,56.61492919921875,0.9605539441108704,1,0,-1
141,511,867.2020263671875,625.7073364257812,33.7445068359375,56.07965087890625,0.9530103802680969,1,0,-1
142,511,856.3317260742188,630.5538330078125,33.908447265625,55.16912841796875,0.9635599255561829,1,0,-1
143,511,843.5409545898438,634.247314453125,35.1572265625,56.388427734375,0.9461417198181152,1,0,-1
144,511,832.6028442382812,637.6029052734375,35.07611083984375,55.67584228515625,0.9487440586090088,1,0,-1
145,511,820.5506591796875,640.2412109375,35.24371337890625,56.54498291015625,0.9457365870475769,1,0,-1
146,511,809.6461181640625,644.2548217773438,34.4337158203125,56.07757568359375,0.9405957460403442,1,0,-1
147,511,797.029541015625,647.6622314453125,35.31695556640625,56.51776123046875,0.9438754320144653,1,0,-1
148,511,784.8740234375,650.7863159179688,35.48455810546875,56.818115234375,0.9592486023902893,1,0,-1
149,511,773.6925048828125,654.9114990234375,35.626708984375,56.4122314453125,0.957952082157135,1,0,-1
150,511,762.059814453125,658.5536499023438,35.677490234375,56.3968505859375,0.9507006406784058,1,0,-1
151,511,750.671630859375,661.8516845703125,35.962890625,56.775390625,0.9520686268806458,1,0,-1
152,511,738.1317138671875,665.122314453125,36.0279541015625,57.5548095703125,0.9480066299438477,1,0,-1
153,511,726.9962768554688,668.495361328125,36.23687744140625,58.04437255859375,0.9511271715164185,1,0,-1
154,511,714.0421752929688,672.74267578125,36.74017333984375,57.75457763671875,0.9607340693473816,1,0,-1
155,511,702.2423095703125,675.9322509765625,37.15765380859375,58.2860107421875,0.9556615948677063,1,0,-1
156,511,690.139404296875,679.6203002929688,37.5887451171875,57.762451171875,0.9615327715873718,1,0,-1
157,511,677.8681640625,683.1071166992188,37.82305908203125,58.3494873046875,0.9540252089500427,1,0,-1
158,511,666.298828125,686.695068359375,37.72100830078125,58.666748046875,0.9398364424705505,1,0,-1
159,511,654.1404418945312,690.7479858398438,37.8497314453125,59.46661376953125,0.944248378276825,1,0,-1
160,511,642.2796020507812,694.0471801757812,38.63458251953125,60.03631591796875,0.9530501365661621,1,0,-1
161,511,629.5982055664062,697.753173828125,38.7877197265625,60.65234375,0.9622368812561035,1,0,-1
162,511,617.6973876953125,702.0624389648438,39.48443603515625,59.76513671875,0.9602455496788025,1,0,-1
163,511,604.89453125,705.6156616210938,39.8870849609375,59.7933349609375,0.9573265910148621,1,0,-1
164,511,593.103515625,709.1647338867188,39.720947265625,60.66424560546875,0.945482611656189,1,0,-1
165,511,580.177978515625,712.7604370117188,40.27166748046875,60.92523193359375,0.9502161741256714,1,0,-1
166,511,567.6982421875,715.6492309570312,41.15704345703125,61.8931884765625,0.9255151152610779,1,0,-1
167,511,553.7329711914062,719.494140625,42.174072265625,61.75225830078125,0.9088583588600159,1,0,-1
168,511,541.1032104492188,723.3369140625,42.18170166015625,62.0228271484375,0.9452657699584961,1,0,-1
169,511,528.5366821289062,727.8536376953125,42.82196044921875,62.14697265625,0.9536352753639221,1,0,-1
170,511,515.8847045898438,732.1925048828125,42.82958984375,62.6456298828125,0.9256170392036438,1,0,-1
171,511,502.7001037597656,735.6067504882812,43.035491943359375,63.46734619140625,0.9341248869895935,1,0,-1
172,511,489.6395568847656,739.7796630859375,43.884857177734375,63.75994873046875,0.9320086240768433,1,0,-1
173,511,475.6568298339844,743.5299682617188,45.198516845703125,64.204345703125,0.9189055562019348,1,0,-1
174,511,462.21929931640625,747.652099609375,45.6534423828125,64.56146240234375,0.9459813833236694,1,0,-1
175,511,448.8258361816406,751.8649291992188,46.420440673828125,64.69183349609375,0.9403831362724304,1,0,-1
176,511,434.5879211425781,755.6754760742188,46.946563720703125,65.51922607421875,0.9431759715080261,1,0,-1
177,511,420.73968505859375,759.537109375,47.6630859375,66.4310302734375,0.9325036406517029,1,0,-1
178,511,406.6807556152344,763.8113403320312,48.465789794921875,67.05859375,0.9238144159317017,1,0,-1
179,511,391.95440673828125,766.9244995117188,50.028045654296875,68.0306396484375,0.9554845690727234,1,0,-1
180,511,376.77435302734375,771.4694213867188,51.326995849609375,67.991943359375,0.9507575631141663,1,0,-1
181,511,362.89630126953125,775.5625,51.26904296875,68.48870849609375,0.9419718384742737,1,0,-1
182,511,349.04132080078125,779.3968505859375,51.737274169921875,69.48394775390625,0.9469703435897827,1,0,-1
183,511,333.2252502441406,783.2791137695312,52.173004150390625,70.64739990234375,0.944403886795044,1,0,-1
184,511,317.63543701171875,787.1666870117188,53.96533203125,71.16558837890625,0.9563042521476746,1,0,-1
185,511,302.0142822265625,792.644287109375,54.183685302734375,70.47174072265625,0.9469261765480042,1,0,-1
186,511,285.95989990234375,797.2386474609375,55.261474609375,71.29791259765625,0.9475299715995789,1,0,-1
187,511,270.6184997558594,801.50390625,56.400115966796875,72.26739501953125,0.9383975863456726,1,0,-1
188,511,253.81964111328125,805.9174194335938,57.3599853515625,73.286376953125,0.941310465335846,1,0,-1
189,511,237.6277618408203,810.6948852539062,58.32673645019531,73.61383056640625,0.9267390370368958,1,0,-1
190,511,220.70472717285156,815.0736083984375,60.53666687011719,74.814453125,0.8735241889953613,1,0,-1
191,511,203.63986206054688,820.5677490234375,60.902252197265625,74.725830078125,0.9040152430534363,1,0,-1
192,511,186.0158233642578,824.3217163085938,62.61656188964844,76.5093994140625,0.9271143674850464,1,0,-1
193,511,169.38760375976562,829.0096435546875,63.82151794433594,77.5474853515625,0.9003486633300781,1,0,-1
194,511,152.00071716308594,834.45068359375,64.16749572753906,77.186767578125,0.7087938189506531,1,0,-1
195,511,133.68922424316406,839.0342407226562,65.25083923339844,78.29669189453125,0.8794422149658203,1,0,-1
196,511,115.54225158691406,844.0919189453125,66.92018127441406,79.31158447265625,0.8532247543334961,1,0,-1
197,511,97.93387603759766,849.2483520507812,68.12955474853516,80.3221435546875,0.8043484687805176,1,0,-1
198,511,80.32079315185547,854.7565307617188,68.76567840576172,80.75665283203125,0.8824787139892578,1,0,-1
199,511,61.63090133666992,859.9841918945312,70.15914916992188,81.82037353515625,0.842545747756958,1,0,-1
200,511,42.2489013671875,865.5738525390625,72.61463165283203,83.17120361328125,0.8732022047042847,1,0,-1
