2,108,935.1591186523438,808.1461791992188,23.50335693359375,39.66766357421875,0.9297974109649658,1,0,-1
3,108,938.7649536132812,809.3928833007812,23.87469482421875,39.6904296875,0.9263423681259155,1,0,-1
4,108,941.6611328125,810.9461059570312,23.6641845703125,39.7244873046875,0.9221660494804382,1,0,-1
5,108,944.4216918945312,811.4712524414062,23.2872314453125,40.160400390625,0.9256439805030823,1,0,-1
6,108,947.1753540039062,812.3071899414062,23.1751708984375,40.0443115234375,0.8587858080863953,1,0,-1
7,108,949.4447631835938,813.0464477539062,23.38330078125,40.01983642578125,0.9114616513252258,1,0,-1
8,108,951.1248168945312,813.6206665039062,23.2728271484375,40.14801025390625,0.9258711934089661,1,0,-1
9,108,952.64697265625,814.1638793945312,22.72607421875,39.9534912109375,0.9276812672615051,1,0,-1
10,108,953.981201171875,814.5733642578125,22.6766357421875,40.0196533203125,0.9277734160423279,1,0,-1
11,108,954.7034912109375,814.8927612304688,23.03271484375,40.6793212890625,0.9269741177558899,1,0,-1
12,108,955.1189575195312,815.273681640625,23.38836669921875,40.13031005859375,0.9249259233474731,1,0,-1
13,108,955.9618530273438,816.3514404296875,23.361328125,40.12261962890625,0.9222509860992432,1,0,-1
14,108,956.7346801757812,817.27294921875,23.087646484375,40.352294921875,0.9224809408187866,1,0,-1
15,108,956.788330078125,818.4037475585938,23.21209716796875,40.7747802734375,0.9204162955284119,1,0,-1
16,108,956.8333740234375,819.5786743164062,23.52032470703125,40.41033935546875,0.9247450232505798,1,0,-1
17,108,957.0538940429688,820.2362670898438,23.4561767578125,40.36395263671875,0.9263986349105835,1,0,-1
18,108,957.2623291015625,821.639892578125,23.36212158203125,39.6439208984375,0.9231433272361755,1,0,-1
19,108,956.9288940429688,822.6260986328125,23.56781005859375,39.4425048828125,0.9270681738853455,1,0,-1
20,108,957.13037109375,823.7256469726562,23.48046875,39.455322265625,0.8963840007781982,1,0,-1
21,108,956.8423461914062,824.9202880859375,23.7044677734375,39.60260009765625,0.9082527756690979,1,0,-1
22,108,956.6610717773438,826.0005493164062,24.3756103515625,40.056884765625,0.9361538887023926,1,0,-1
23,108,956.5950927734375,827.2068481445312,24.4903564453125,39.89056396484375,0.9298421144485474,1,0,-1
24,108,956.5480346679688,828.7850341796875,24.503662109375,39.9188232421875,0.9384092092514038,1,0,-1
25,108,956.8916625976562,830.1934814453125,24.3731689453125,40.16021728515625,0.9378179311752319,1,0,-1
26,108,956.307373046875,832.3228149414062,24.1396484375,40.234375,0.9345933198928833,1,0,-1
27,108,956.4420776367188,834.6080932617188,23.77313232421875,40.24639892578125,0.9274241328239441,1,0,-1
28,108,956.415283203125,836.564208984375,23.7821044921875,40.6517333984375,0.9251198172569275,1,0,-1
29,108,956.3131713867188,838.2288818359375,24.04254150390625,41.6591796875,0.9249248504638672,1,0,-1
30,108,956.3125610351562,840.3170166015625,24.0123291015625,41.61175537109375,0.9259529709815979,1,0,-1
31,108,956.2471313476562,842.9487915039062,24.20770263671875,41.32275390625,0.9232401251792908,1,0,-1
32,108,956.2843627929688,845.012939453125,24.23187255859375,40.7769775390625,0.9273412823677063,1,0,-1
33,108,956.2899169921875,847.5094604492188,24.21356201171875,40.7757568359375,0.8603888750076294,1,0,-1
34,108,956.3887939453125,849.1067504882812,24.346435546875,40.3795166015625,0.9186014533042908,1,0,-1
35,108,956.3494873046875,850.1139526367188,24.7261962890625,40.73309326171875,0.9318550825119019,1,0,-1
36,108,956.4660034179688,851.1091918945312,24.747314453125,40.750732421875,0.92432701587677,1,0,-1
37,108,956.2367553710938,851.8004150390625,24.8756103515625,40.97698974609375,0.9292551875114441,1,0,-1
38,108,955.9403686523438,852.1661987304688,24.8897705078125,41.58966064453125,0.9382905960083008,1,0,-1
39,108,955.9429931640625,852.78125,24.6759033203125,42.04315185546875,0.9379137754440308,1,0,-1
40,108,955.8139038085938,853.4255981445312,24.35675048828125,42.36260986328125,0.9370207786560059,1,0,-1
41,108,955.523193359375,853.8619384765625,24.28277587890625,42.05194091796875,0.9387996792793274,1,0,-1
42,108,955.2017211914062,853.8532104492188,24.26751708984375,41.99798583984375,0.9389112591743469,1,0,-1
43,108,954.4786987304688,853.7308959960938,24.71746826171875,42.2562255859375,0.9375810623168945,1,0,-1
44,108,954.0150756835938,853.5062866210938,24.72821044921875,42.03753662109375,0.9351068735122681,1,0,-1
45,108,954.0701904296875,853.2529296875,24.715576171875,42.3660888671875,0.9356794953346252,1,0,-1
46,108,953.5848388671875,852.8633422851562,24.629638671875,42.50811767578125,0.9375676512718201,1,0,-1
47,108,953.2135620117188,851.8095092773438,24.7396240234375,42.96044921875,0.943714439868927,1,0,-1
48,108,953.1818237304688,851.36767578125,24.7308349609375,43.26971435546875,0.9435504674911499,1,0,-1
49,108,952.8689575195312,850.599609375,24.4998779296875,43.156982421875,0.9394472241401672,1,0,-1
50,108,952.8599243164062,849.5885620117188,24.56500244140625,42.50531005859375,0.9433671236038208,1,0,-1
51,108,952.7608032226562,848.2677612304688,24.59423828125,42.19525146484375,0.9393885135650635,1,0,-1
52,108,952.5128784179688,847.2315063476562,24.54168701171875,41.98309326171875,0.9324092268943787,1,0,-1
53,108,952.2567138671875,845.4056396484375,24.85113525390625,42.5933837890625,0.9255750775337219,1,0,-1
54,108,952.20703125,843.647216796875,24.77740478515625,42.74481201171875,0.9237391352653503,1,0,-1
55,108,951.843017578125,842.038818359375,24.6220703125,42.986083984375,0.920526385307312,1,0,-1
56,108,951.6242065429688,840.18212890625,24.62481689453125,43.3389892578125,0.9278719425201416,1,0,-1
57,108,951.1216430664062,838.2679443359375,24.57281494140625,43.6741943359375,0.9350350499153137,1,0,-1
58,108,950.7714233398438,836.712158203125,24.495849609375,43.4935302734375,0.9351845383644104,1,0,-1
59,108,950.519287109375,835.46484375,24.556884765625,42.936279296875,0.938092827796936,1,0,-1
60,108,950.4142456054688,834.7568359375,24.3857421875,42.38665771484375,0.9389855861663818,1,0,-1
61,108,950.509521484375,833.1978759765625,24.70709228515625,42.67144775390625,0.9435177445411682,1,0,-1
62,108,950.3551025390625,831.7554321289062,24.922119140625,42.73919677734375,0.9443680644035339,1,0,-1
63,108,949.9561767578125,830.302978515625,25.25140380859375,43.1561279296875,0.9471478462219238,1,0,-1
64,108,949.0537109375,828.544677734375,25.56158447265625,43.85711669921875,0.9467697143554688,1,0,-1
65,108,948.5279541015625,826.8403930664062,26.06207275390625,44.1524658203125,0.9416267275810242,1,0,-1
66,108,948.3414306640625,825.80322265625,25.96343994140625,43.97882080078125,0.9436009526252747,1,0,-1
67,108,948.0640869140625,824.5711669921875,25.91107177734375,44.30413818359375,0.942528486251831,1,0,-1
68,108,947.7537231445312,823.9622802734375,25.38433837890625,44.49041748046875,0.9363388419151306,1,0,-1
69,108,947.4006958007812,823.5133056640625,24.8126220703125,44.16192626953125,0.9017520546913147,1,0,-1
70,108,946.838134765625,823.6251831054688,25.2900390625,43.7138671875,0.855423092842102,1,0,-1
71,108,945.593017578125,823.0687255859375,26.0794677734375,43.49090576171875,0.9303911924362183,1,0,-1
72,108,944.220703125,822.1148071289062,26.55682373046875,43.9779052734375,0.9280725121498108,1,0,-1
73,108,943.5767211914062,821.3925170898438,26.088623046875,44.27197265625,0.9243175387382507,1,0,-1
74,108,943.40869140625,820.4937744140625,25.85211181640625,45.285888671875,0.9096750020980835,1,0,-1
75,108,942.654541015625,819.6141357421875,25.62939453125,45.18206787109375,0.943505048751831,1,0,-1
76,108,942.1825561523438,819.1057739257812,25.6912841796875,44.75201416015625,0.9419171810150146,1,0,-1
77,108,941.9823608398438,818.7923583984375,25.67681884765625,44.5234375,0.938875138759613,1,0,-1
78,108,942.0078125,818.3912353515625,25.59454345703125,44.5269775390625,0.9377753734588623,1,0,-1
79,108,941.860595703125,818.3938598632812,25.595458984375,44.566162109375,0.9390084147453308,1,0,-1
80,108,941.4600219726562,818.4436645507812,25.568359375,44.636962890625,0.9374482035636902,1,0,-1
81,108,941.5113525390625,818.5784912109375,25.4476318359375,44.4215087890625,0.936939537525177,1,0,-1
82,108,941.3956298828125,818.4680786132812,25.40740966796875,44.6102294921875,0.9381030797958374,1,0,-1
83,108,941.4839477539062,818.3624877929688,25.28399658203125,44.75604248046875,0.9387747049331665,1,0,-1
84,108,941.5199584960938,818.37451171875,25.2525634765625,44.91876220703125,0.9373304843902588,1,0,-1
85,108,941.327880859375,818.3868408203125,25.3433837890625,44.99774169921875,0.9373106360435486,1,0,-1
86,108,940.8046875,817.8053588867188,25.66998291015625,45.4832763671875,0.9371178150177002,1,0,-1
87,108,940.1522827148438,817.3212280273438,25.856689453125,45.57781982421875,0.9366113543510437,1,0,-1
88,108,939.4999389648438,816.4456787109375,26.19537353515625,46.03057861328125,0.9361226558685303,1,0,-1
89,108,939.1630859375,816.26220703125,26.47412109375,46.26141357421875,0.9351112246513367,1,0,-1
90,108,938.8863525390625,815.2607421875,26.79815673828125,46.558837890625,0.9344241619110107,1,0,-1
91,108,938.759521484375,814.236083984375,27.16436767578125,47.3037109375,0.9361118674278259,1,0,-1
92,108,938.8284912109375,813.4310913085938,27.26373291015625,47.653564453125,0.9363066554069519,1,0,-1
93,108,939.308837890625,812.56884765625,27.4954833984375,47.83349609375,0.9385779500007629,1,0,-1
94,108,939.9642944335938,811.6580200195312,27.75457763671875,47.6075439453125,0.9392246603965759,1,0,-1
95,108,940.4384765625,810.75390625,27.66229248046875,47.203125,0.9419993758201599,1,0,-1
96,108,940.5645751953125,809.8385009765625,27.49591064453125,46.7919921875,0.9419189691543579,1,0,-1
97,108,940.8407592773438,808.3004150390625,27.43853759765625,47.01287841796875,0.946410059928894,1,0,-1
98,108,941.013671875,806.8040161132812,27.326904296875,46.79534912109375,0.9474289417266846,1,0,-1
99,108,941.3549194335938,805.1483764648438,27.280029296875,47.12811279296875,0.9483153820037842,1,0,-1
100,108,941.5139770507812,803.351318359375,27.35540771484375,47.1903076171875,0.949480414390564,1,0,-1
101,108,941.8906860351562,801.8673706054688,27.4700927734375,46.62347412109375,0.9503739476203918,1,0,-1
102,108,941.9813232421875,800.6507568359375,28.09161376953125,46.49676513671875,0.9499831795692444,1,0,-1
103,108,942.2353515625,798.9078369140625,28.2276611328125,46.68902587890625,0.9485490322113037,1,0,-1
104,108,942.2110595703125,796.8583984375,28.4407958984375,47.0845947265625,0.9389789700508118,1,0,-1
105,108,942.1555786132812,794.8012084960938,28.72235107421875,47.81024169921875,0.9319316148757935,1,0,-1
106,108,942.6651611328125,792.4512329101562,28.443603515625,48.06591796875,0.9368960857391357,1,0,-1
107,108,942.908447265625,790.4493408203125,28.58111572265625,48.19219970703125,0.9373568296432495,1,0,-1
108,108,942.8223876953125,789.1529541015625,28.6893310546875,48.40692138671875,0.9372926354408264,1,0,-1
109,108,942.8995971679688,788.1029663085938,28.99365234375,48.73858642578125,0.9310855865478516,1,0,-1
110,108,943.3478393554688,787.1771240234375,28.84771728515625,48.813232421875,0.9049912095069885,1,0,-1
111,108,943.9285888671875,786.3385620117188,28.8985595703125,48.990478515625,0.508847177028656,1,0,-1
112,108,943.9467163085938,785.7794189453125,29.5355224609375,49.8968505859375,0.9003490805625916,1,0,-1
113,108,943.9935302734375,785.3569946289062,29.8607177734375,50.23870849609375,0.9250144362449646,1,0,-1
114,108,944.5438842773438,784.7702026367188,30.0211181640625,49.88092041015625,0.9457986354827881,1,0,-1
115,108,945.1595458984375,784.4614868164062,29.8505859375,49.63134765625,0.9462347030639648,1,0,-1
116,108,946.26708984375,784.0307006835938,29.34442138671875,49.813232421875,0.9457886219024658,1,0,-1
117,108,947.2207641601562,784.0130004882812,29.3739013671875,50.46075439453125,0.9503138065338135,1,0,-1
118,108,948.2391967773438,784.0013427734375,29.45208740234375,50.625,0.9465048909187317,1,0,-1
119,108,949.239990234375,784.2254638671875,29.59625244140625,50.43963623046875,0.9427517652511597,1,0,-1
120,108,950.5113525390625,784.3721313476562,29.5714111328125,50.60321044921875,0.9483217000961304,1,0,-1
121,108,951.5542602539062,784.8954467773438,29.49774169921875,50.31597900390625,0.9472240805625916,1,0,-1
122,108,952.7838134765625,785.3739013671875,29.41656494140625,50.2916259765625,0.9456617832183838,1,0,-1
123,108,954.1229248046875,785.7782592773438,29.59344482421875,50.367919921875,0.9443695545196533,1,0,-1
124,108,955.76171875,786.2506713867188,30.17547607421875,50.58074951171875,0.9458737373352051,1,0,-1
125,108,957.1981201171875,786.5324096679688,30.13916015625,50.8365478515625,0.9403235912322998,1,0,-1
126,108,959.06396484375,786.7310180664062,30.1270751953125,51.23236083984375,0.9371762871742249,1,0,-1
127,108,960.0827026367188,786.7996826171875,30.5595703125,51.60369873046875,0.9341843128204346,1,0,-1
128,108,961.674072265625,786.7481079101562,30.58447265625,51.9766845703125,0.9330095648765564,1,0,-1
129,108,963.0079956054688,786.9739990234375,30.607666015625,51.8697509765625,0.9347401857376099,1,0,-1
130,108,964.6055908203125,786.8467407226562,30.49481201171875,52.004150390625,0.9326934218406677,1,0,-1
131,108,965.9345092773438,786.2224731445312,31.14678955078125,51.9080810546875,0.6687579154968262,1,0,-1
132,108,967.0075073242188,785.752685546875,31.4908447265625,52.3121337890625,0.9315107464790344,1,0,-1
133,108,968.1726684570312,785.7687377929688,31.48358154296875,52.536376953125,0.9459882974624634,1,0,-1
134,108,969.7133178710938,784.8883666992188,31.62786865234375,53.31207275390625,0.949769139289856,1,0,-1
135,108,971.525634765625,784.7584838867188,31.5380859375,53.63653564453125,0.946631133556366,1,0,-1
136,108,972.8883666992188,784.873291015625,31.8724365234375,54.07965087890625,0.9462572932243347,1,0,-1
137,108,974.4008178710938,785.5745849609375,31.14605712890625,54.30462646484375,0.9456430077552795,1,0,-1
138,108,975.4263305664062,786.1588745117188,31.54144287109375,54.37847900390625,0.9418331980705261,1,0,-1
139,108,976.9339599609375,787.0192260742188,31.21636962890625,53.99664306640625,0.9350981116294861,1,0,-1
140,108,977.7890014648438,787.6449584960938,32.0491943359375,54.22393798828125,0.9330887794494629,1,0,-1
141,108,978.6098022460938,788.0528564453125,32.4735107421875,54.38482666015625,0.939627468585968,1,0,-1
142,108,979.1642456054688,788.5919189453125,32.29620361328125,54.14422607421875,0.9358038306236267,1,0,-1
143,108,980.0143432617188,789.1165771484375,32.63006591796875,54.56195068359375,0.911588191986084,1,0,-1
144,108,980.5128784179688,790.3861694335938,32.74993896484375,55.22686767578125,0.9524915218353271,1,0,-1
145,108,980.8074340820312,791.0380249023438,32.6761474609375,55.91937255859375,0.9520771503448486,1,0,-1
146,108,981.4544677734375,791.62109375,32.78973388671875,56.0211181640625,0.9527149796485901,1,0,-1
147,108,982.1738891601562,793.0504150390625,33.26934814453125,55.9627685546875,0.9545844793319702,1,0,-1
148,108,982.8507080078125,794.3065795898438,33.45025634765625,56.39154052734375,0.955595076084137,1,0,-1
149,108,983.4956665039062,795.27978515625,33.22039794921875,56.91357421875,0.9568493962287903,1,0,-1
150,108,984.20068359375,796.94287109375,33.55523681640625,56.61187744140625,0.9565134644508362,1,0,-1
151,108,985.4976196289062,798.3682861328125,33.51373291015625,56.76934814453125,0.9575409293174744,1,0,-1
152,108,986.4151000976562,800.2354736328125,33.22991943359375,56.90130615234375,0.9574794769287109,1,0,-1
153,108,986.3934936523438,801.4780883789062,33.95849609375,57.39312744140625,0.9582527875900269,1,0,-1
154,108,986.4215698242188,802.3368530273438,35.35638427734375,58.6920166015625,0.842738687992096,1,0,-1
155,108,986.992431640625,803.6082763671875,36.10333251953125,58.9666748046875,0.959273636341095,1,0,-1
156,108,987.5230102539062,805.354248046875,36.2237548828125,59.2978515625,0.9609878659248352,1,0,-1
157,108,988.231689453125,806.7313842773438,35.69354248046875,59.9373779296875,0.9564022421836853,1,0,-1
158,108,988.4917602539062,807.92822265625,35.36822509765625,60.13653564453125,0.9540346264839172,1,0,-1
159,108,988.8292846679688,810.2561645507812,35.04351806640625,59.78900146484375,0.9541414976119995,1,0,-1
160,108,988.9754028320312,812.2890625,35.32830810546875,60.02301025390625,0.9532843828201294,1,0,-1
161,108,989.2703857421875,813.99462890625,35.606689453125,60.39764404296875,0.9514462947845459,1,0,-1
162,108,989.1729736328125,816.4149169921875,35.9659423828125,60.61224365234375,0.9626866579055786,1,0,-1
163,108,989.2406005859375,818.845947265625,36.0770263671875,60.71417236328125,0.9583233594894409,1,0,-1
164,108,988.9590454101562,821.93408203125,36.52984619140625,61.5780029296875,0.956817090511322,1,0,-1
165,108,989.221435546875,824.9766235351562,36.708740234375,62.482177734375,0.9505200982093811,1,0,-1
166,108,989.6005249023438,828.5944213867188,36.76544189453125,62.865966796875,0.9504895210266113,1,0,-1
167,108,990.4490966796875,831.3094482421875,36.8779296875,64.791748046875,0.9523767828941345,1,0,-1
168,108,991.2384033203125,835.245361328125,37.322265625,64.28106689453125,0.9483243823051453,1,0,-1
169,108,991.7719116210938,838.4258422851562,36.81292724609375,64.57098388671875,0.952205240726471,1,0,-1
170,108,992.0957641601562,842.4381713867188,36.88592529296875,64.7637939453125,0.9576751589775085,1,0,-1
171,108,992.19775390625,846.0829467773438,37.26513671875,64.3795166015625,0.9577693939208984,1,0,-1
172,108,992.147705078125,849.3668823242188,37.444580078125,65.00909423828125,0.9562541842460632,1,0,-1
173,108,992.1397094726562,852.7869262695312,37.40203857421875,65.8055419921875,0.9604871869087219,1,0,-1
174,108,991.7705688476562,855.7052612304688,37.78948974609375,66.87322998046875,0.9574059247970581,1,0,-1
175,108,991.393798828125,859.312744140625,38.2366943359375,67.060302734375,0.9477325081825256,1,0,-1
176,108,990.6699829101562,862.317138671875,38.42132568359375,68.00469970703125,0.9602562189102173,1,0,-1
177,108,989.645751953125,866.070556640625,39.097412109375,67.929443359375,0.9641094207763672,1,0,-1
178,108,988.8615112304688,869.3416748046875,39.91253662109375,67.73724365234375,0.9613889455795288,1,0,-1
179,108,988.3327026367188,872.5386962890625,40.03497314453125,67.7353515625,0.9543343782424927,1,0,-1
180,108,987.2427368164062,874.8618774414062,40.20306396484375,68.76116943359375,0.9603748321533203,1,0,-1
181,108,986.3411254882812,877.570556640625,39.90216064453125,69.51739501953125,0.9598919153213501,1,0,-1
182,108,984.9247436523438,880.0047607421875,40.61236572265625,70.85382080078125,0.9538854360580444,1,0,-1
183,108,983.4588623046875,883.2220458984375,40.863037109375,70.9599609375,0.9561988115310669,1,0,-1
184,108,981.8765869140625,885.9405517578125,42.0902099609375,70.99737548828125,0.9548997282981873,1,0,-1
185,108,980.3941650390625,888.5853271484375,41.83319091796875,71.4229736328125,0.9588664770126343,1,0,-1
186,108,978.5349731445312,891.4837036132812,41.77593994140625,71.7191162109375,0.9574844241142273,1,0,-1
187,108,976.8576049804688,894.387939453125,41.20257568359375,72.11822509765625,0.9643625617027283,1,0,-1
188,108,975.1905517578125,897.2637329101562,41.20367431640625,72.09478759765625,0.9660722017288208,1,0,-1
189,108,972.751220703125,899.38623046875,41.7998046875,73.2620849609375,0.9590643644332886,1,0,-1
190,108,970.2030029296875,902.160888671875,41.734130859375,73.11102294921875,0.9593862891197205,1,0,-1
191,108,967.3840942382812,904.3562622070312,42.910888671875,73.99237060546875,0.9541483521461487,1,0,-1
192,108,964.80517578125,906.8605346679688,42.734375,74.42718505859375,0.9579117894172668,1,0,-1
193,108,962.012939453125,908.9390869140625,42.8076171875,75.11248779296875,0.8430140018463135,1,0,-1
194,108,958.8421630859375,911.236572265625,43.08978271484375,75.67169189453125,0.9580976963043213,1,0,-1
195,108,955.3448486328125,914.1068725585938,44.16546630859375,76.0947265625,0.895251989364624,1,0,-1
196,108,952.6248779296875,915.4078369140625,43.66143798828125,76.45709228515625,0.9607373476028442,1,0,-1
197,108,949.8615112304688,917.5487670898438,43.3719482421875,76.5196533203125,0.9658626317977905,1,0,-1
198,108,946.9122314453125,919.1344604492188,43.6175537109375,76.911376953125,0.9640613198280334,1,0,-1
199,108,942.8854370117188,921.212646484375,45.0843505859375,77.9046630859375,0.9604820013046265,1,0,-1
200,108,939.1446533203125,922.6424560546875,45.037841796875,78.683837890625,0.960787832736969,1,0,-1
201,108,935.0921020507812,924.2518310546875,45.9765625,79.97161865234375,0.9640708565711975,1,0,-1
202,108,932.10791015625,925.6480102539062,46.14312744140625,80.707763671875,0.9613332152366638,1,0,-1
203,108,928.6153564453125,927.5341186523438,46.95928955078125,81.55560302734375,0.9088051915168762,1,0,-1
204,108,925.8789672851562,928.7931518554688,46.1661376953125,81.24810791015625,0.9575518369674683,1,0,-1
205,108,923.0170288085938,930.3214111328125,45.9654541015625,81.422607421875,0.959087610244751,1,0,-1
206,108,919.2318115234375,932.4238891601562,46.7298583984375,82.06951904296875,0.9608463048934937,1,0,-1
207,108,915.7155151367188,933.705078125,47.20538330078125,82.9296875,0.9620664715766907,1,0,-1
208,108,911.4615478515625,936.069091796875,47.2957763671875,83.4287109375,0.9658916592597961,1,0,-1
209,108,907.6398315429688,938.0104370117188,47.70367431640625,83.3321533203125,0.9645557403564453,1,0,-1
210,108,903.2825927734375,940.2918701171875,48.90185546875,84.0548095703125,0.921343207359314,1,0,-1
211,108,900.6282348632812,941.4244384765625,47.87139892578125,84.29296875,0.964788019657135,1,0,-1
212,108,896.9609985351562,943.0584716796875,48.35076904296875,84.702880859375,0.9643763303756714,1,0,-1
213,108,893.254638671875,944.3638305664062,49.0084228515625,85.08026123046875,0.9641987085342407,1,0,-1
214,108,889.77587890625,945.8037719726562,50.02197265625,86.02972412109375,0.9623730182647705,1,0,-1
215,108,886.9827270507812,946.6965942382812,49.57171630859375,87.78289794921875,0.9623562097549438,1,0,-1
216,108,884.418701171875,947.4473266601562,49.4537353515625,88.21990966796875,0.962755024433136,1,0,-1
217,108,881.8164672851562,949.3163452148438,50.0404052734375,88.68780517578125,0.9594035148620605,1,0,-1
218,108,880.1001586914062,950.6571655273438,49.99835205078125,89.48687744140625,0.9536718130111694,1,0,-1
219,108,878.6038818359375,952.6986694335938,50.19232177734375,89.61981201171875,0.9305728673934937,1,0,-1
220,108,877.2614135742188,954.0590209960938,50.6044921875,90.45306396484375,0.9631797671318054,1,0,-1
221,108,876.0634765625,955.9072875976562,50.4169921875,91.81451416015625,0.9600796103477478,1,0,-1
222,108,874.2974243164062,957.4996948242188,50.5494384765625,93.09552001953125,0.96077960729599,1,0,-1
223,108,872.62353515625,959.749755859375,50.69061279296875,94.2169189453125,0.9599676132202148,1,0,-1
224,108,870.658203125,962.1842651367188,51.76678466796875,94.89312744140625,0.9676207304000854,1,0,-1
225,108,868.7294311523438,964.3467407226562,52.36639404296875,95.65130615234375,0.9644257426261902,1,0,-1
226,108,866.8119506835938,967.083251953125,52.4833984375,95.51171875,0.9636133909225464,1,0,-1
227,108,865.5929565429688,969.2964477539062,52.65887451171875,97.03082275390625,0.9619176983833313,1,0,-1
228,108,864.1287841796875,971.46484375,52.9962158203125,98.32080078125,0.9532523155212402,1,0,-1
229,108,862.7733764648438,974.164306640625,53.46075439453125,98.7647705078125,0.9499279856681824,1,0,-1
230,108,860.761474609375,976.3402709960938,54.56781005859375,99.10394287109375,0.951101541519165,1,0,-1
231,108,859.5650634765625,979.307373046875,54.647705078125,99.239990234375,0.9642782211303711,1,0,-1
232,108,857.520263671875,981.9546508789062,55.2303466796875,98.04534912109375,0.9583715796470642,1,0,-1
233,108,855.5281982421875,985.5569458007812,56.2481689453125,94.44305419921875,0.9575679898262024,1,0,-1
234,108,853.9912719726562,988.7582397460938,56.6890869140625,91.24176025390625,0.956937313079834,1,0,-1
235,108,853.0097045898438,992.3739013671875,56.7215576171875,87.6260986328125,0.9577897191047668,1,0,-1
236,108,851.9912109375,995.5444946289062,57.10687255859375,84.45550537109375,0.9554548859596252,1,0,-1
237,108,851.67822265625,998.85595703125,56.60797119140625,81.14404296875,0.9530099630355835,1,0,-1
238,108,851.351318359375,1002.3153076171875,56.07525634765625,77.6846923828125,0.9441708922386169,1,0,-1
239,108,850.3986206054688,1005.8312377929688,56.69525146484375,74.16876220703125,0.7550437450408936,1,0,-1
240,108,849.652587890625,1009.9343872070312,57.2674560546875,70.06561279296875,0.771385669708252,1,0,-1
241,108,849.34521484375,1013.8676147460938,57.35919189453125,66.13238525390625,0.8612185716629028,1,0,-1
243,108,850.7163696289062,1020.8386840820312,55.88690185546875,59.16131591796875,0.8827738761901855,1,0,-1
244,108,852.7785034179688,1024.200927734375,54.15771484375,55.799072265625,0.9200786352157593,1,0,-1
245,108,854.0199584960938,1027.4140625,53.47564697265625,52.5859375,0.8572165369987488,1,0,-1
246,108,854.7369384765625,1030.162353515625,53.84893798828125,49.837646484375,0.6304885149002075,1,0,-1
247,108,855.5430297851562,1031.957275390625,53.7198486328125,48.0120849609375,0.7578639984130859,1,0,-1
248,108,856.1961059570312,1033.851806640625,54.2613525390625,45.905517578125,0.7582699656486511,1,0,-1
249,108,856.6526489257812,1035.1107177734375,55.0120849609375,44.591552734375,0.729157567024231,1,0,-1
250,108,857.0294799804688,1036.27783203125,55.3583984375,43.2213134765625,0.5753860473632812,1,0,-1
259,108,855.269775390625,1033.8529052734375,59.59149169921875,45.7513427734375,0.5892674922943115,1,0,-1
260,108,855.2066040039062,1032.7578125,59.78753662109375,46.748291015625,0.6280715465545654,1,0,-1
261,108,855.1502075195312,1031.0518798828125,60.360595703125,48.4644775390625,0.684057354927063,1,0,-1
262,108,854.6353149414062,1029.443115234375,61.134033203125,50.1878662109375,0.5883891582489014,1,0,-1
266,108,854.9112548828125,1023.2874145507812,63.16387939453125,56.03204345703125,0.5896859169006348,1,0,-1
267,108,854.2697143554688,1021.7455444335938,64.78204345703125,57.60845947265625,0.8004794120788574,1,0,-1
268,108,853.88525390625,1020.2230834960938,66.349609375,59.24359130859375,0.611293375492096,1,0,-1
269,108,854.3228759765625,1018.97021484375,66.9600830078125,60.58837890625,0.7267501354217529,1,0,-1
270,108,854.3040771484375,1017.735595703125,68.25067138671875,61.9967041015625,0.7851558327674866,1,0,-1
271,108,854.820068359375,1016.7153930664062,69.232177734375,63.18048095703125,0.6507261395454407,1,0,-1
272,108,855.4708862304688,1016.6795043945312,70.74652099609375,63.32049560546875,0.6095767617225647,1,0,-1
273,108,856.9890747070312,1017.1596069335938,71.32421875,62.84039306640625,0.6252204775810242,1,0,-1
