2,222,624.1578979492188,826.1124877929688,24.48309326171875,39.7197265625,0.9178857207298279,1,0,-1
3,222,629.1181640625,826.5530395507812,24.719970703125,39.8980712890625,0.9126981496810913,1,0,-1
4,222,635.7201538085938,828.1905517578125,24.1295166015625,39.98089599609375,0.9042574167251587,1,0,-1
5,222,642.4974975585938,830.5055541992188,23.90618896484375,39.6846923828125,0.9276139736175537,1,0,-1
6,222,650.2322387695312,832.5355224609375,24.03973388671875,39.35296630859375,0.9196004271507263,1,0,-1
7,222,657.935302734375,833.888427734375,24.18414306640625,39.89508056640625,0.9253509640693665,1,0,-1
8,222,666.52294921875,835.8365478515625,23.37957763671875,38.89666748046875,0.9084075689315796,1,0,-1
9,222,674.552490234375,836.4197387695312,23.6112060546875,39.393310546875,0.9136238098144531,1,0,-1
10,222,681.2045288085938,837.5533447265625,23.82806396484375,40.2679443359375,0.9118765592575073,1,0,-1
11,222,688.1635131835938,838.9058227539062,23.438720703125,39.73822021484375,0.9124152660369873,1,0,-1
12,222,693.5770263671875,840.5625610351562,23.098876953125,39.3494873046875,0.912338137626648,1,0,-1
13,222,698.6448364257812,841.8633422851562,23.14239501953125,38.99383544921875,0.9092413783073425,1,0,-1
14,222,703.09814453125,842.8536987304688,23.21990966796875,39.075439453125,0.916468620300293,1,0,-1
15,222,707.3480834960938,843.3954467773438,23.10882568359375,39.1014404296875,0.9119751453399658,1,0,-1
16,222,710.9324340820312,843.8071899414062,23.25787353515625,39.619384765625,0.9147995710372925,1,0,-1
17,222,713.7608642578125,844.2413940429688,23.0677490234375,39.73779296875,0.9182316660881042,1,0,-1
18,222,715.7494506835938,844.4830322265625,23.123291015625,39.72283935546875,0.9157938957214355,1,0,-1
19,222,717.7289428710938,844.619873046875,22.55609130859375,38.53851318359375,0.9172391891479492,1,0,-1
20,222,719.585693359375,844.6807861328125,22.3681640625,37.9332275390625,0.9141435623168945,1,0,-1
21,222,720.6986083984375,844.2919921875,22.5751953125,38.234130859375,0.9121972918510437,1,0,-1
22,222,721.9276733398438,844.2515869140625,22.9893798828125,38.6070556640625,0.9155991077423096,1,0,-1
23,222,722.885986328125,844.069580078125,23.14337158203125,38.107666015625,0.9183160066604614,1,0,-1
24,222,723.6259765625,843.4486083984375,23.33599853515625,38.0916748046875,0.9163371920585632,1,0,-1
25,222,724.4918212890625,842.7025146484375,23.178955078125,38.03277587890625,0.9136780500411987,1,0,-1
26,222,725.5078735351562,841.9010009765625,22.79998779296875,37.8455810546875,0.9130294919013977,1,0,-1
27,222,726.0570068359375,840.5867919921875,22.910888671875,38.5670166015625,0.9179116487503052,1,0,-1
28,222,726.327392578125,839.2391967773438,23.0880126953125,39.07208251953125,0.9213927984237671,1,0,-1
29,222,726.531005859375,837.9737548828125,23.01336669921875,39.421630859375,0.9218255877494812,1,0,-1
30,222,726.492431640625,836.7986450195312,23.1124267578125,39.458740234375,0.9178386330604553,1,0,-1
31,222,726.6992797851562,835.8423461914062,23.115234375,39.2762451171875,0.9188320636749268,1,0,-1
32,222,726.7022094726562,834.703369140625,23.0533447265625,38.8775634765625,0.9160144925117493,1,0,-1
33,222,726.3844604492188,833.0690307617188,23.56549072265625,38.99688720703125,0.9245618581771851,1,0,-1
34,222,726.2643432617188,831.2597045898438,23.95843505859375,38.86895751953125,0.9247131943702698,1,0,-1
35,222,726.0301513671875,828.2838745117188,23.94635009765625,38.90869140625,0.9196136593818665,1,0,-1
36,222,725.8761596679688,826.3587036132812,23.97039794921875,38.85272216796875,0.858753502368927,1,0,-1
37,222,726.1940307617188,824.7263793945312,23.4354248046875,37.86883544921875,0.9300816059112549,1,0,-1
38,222,726.293212890625,821.7440795898438,23.04656982421875,38.06744384765625,0.9208880662918091,1,0,-1
39,222,726.0830688476562,819.0386352539062,22.9564208984375,37.9473876953125,0.9162851572036743,1,0,-1
40,222,725.416748046875,816.1792602539062,22.8587646484375,38.522705078125,0.9197709560394287,1,0,-1
41,222,724.6013793945312,813.6067504882812,22.6009521484375,38.7474365234375,0.9147273898124695,1,0,-1
42,222,723.5494384765625,812.2002563476562,22.8251953125,38.27752685546875,0.9197115302085876,1,0,-1
43,222,722.8588256835938,810.7356567382812,22.99749755859375,38.201171875,0.9165039658546448,1,0,-1
44,222,722.332763671875,809.6024169921875,23.13812255859375,37.60064697265625,0.9178670048713684,1,0,-1
45,222,721.9616088867188,808.13037109375,23.2896728515625,37.38604736328125,0.9164690375328064,1,0,-1
46,222,721.6333618164062,807.1056518554688,23.41790771484375,37.2176513671875,0.9113385677337646,1,0,-1
47,222,720.9367065429688,805.3570556640625,23.981689453125,37.8134765625,0.9224931001663208,1,0,-1
48,222,720.2801513671875,804.4942016601562,23.8511962890625,37.87188720703125,0.9184334874153137,1,0,-1
49,222,719.6753540039062,803.62451171875,23.300048828125,37.90570068359375,0.8988603353500366,1,0,-1
50,222,719.1458740234375,802.76416015625,23.143798828125,38.130126953125,0.8605831265449524,1,0,-1
51,222,718.5974731445312,802.3128662109375,23.1092529296875,38.19097900390625,0.8350812196731567,1,0,-1
52,222,718.643310546875,802.0968627929688,22.69122314453125,37.32269287109375,0.6526607275009155,1,0,-1
53,222,717.8704833984375,801.3958740234375,23.14581298828125,37.3668212890625,0.9165064692497253,1,0,-1
54,222,717.2702026367188,800.3695678710938,22.8663330078125,37.1815185546875,0.9209120273590088,1,0,-1
55,222,716.5368041992188,799.8245849609375,22.8946533203125,37.67144775390625,0.9215829968452454,1,0,-1
56,222,715.5088500976562,798.82275390625,23.10504150390625,37.539794921875,0.9157646298408508,1,0,-1
57,222,714.5789794921875,798.4676513671875,23.19622802734375,37.60211181640625,0.9171324372291565,1,0,-1
58,222,713.7664794921875,797.6118774414062,23.0101318359375,38.06256103515625,0.921551525592804,1,0,-1
59,222,712.4930419921875,797.1697387695312,23.10235595703125,38.4029541015625,0.9208928346633911,1,0,-1
60,222,711.2022094726562,797.213623046875,23.1373291015625,38.7197265625,0.9200323224067688,1,0,-1
61,222,709.9324951171875,798.0772705078125,23.10125732421875,38.9007568359375,0.9092759490013123,1,0,-1
62,222,708.7999877929688,798.531982421875,22.94256591796875,38.71783447265625,0.7381342649459839,1,0,-1
63,222,707.4376220703125,798.8569946289062,23.0504150390625,38.4569091796875,0.9336942434310913,1,0,-1
64,222,705.7650146484375,800.3231201171875,22.92919921875,38.37060546875,0.9315291047096252,1,0,-1
65,222,703.8353271484375,800.784423828125,23.747802734375,38.70184326171875,0.9190757870674133,1,0,-1
66,222,701.88134765625,801.0923461914062,24.0003662109375,39.53155517578125,0.8462551832199097,1,0,-1
67,222,700.8837280273438,802.1998291015625,23.97784423828125,39.37451171875,0.8916064500808716,1,0,-1
68,222,699.126708984375,803.0598754882812,24.63946533203125,39.4302978515625,0.9136731028556824,1,0,-1
69,222,697.8699340820312,803.8475952148438,24.4853515625,39.5323486328125,0.9259498119354248,1,0,-1
70,222,696.4772338867188,805.0445556640625,24.56463623046875,39.27874755859375,0.9177196025848389,1,0,-1
71,222,695.4942626953125,806.4496459960938,23.9185791015625,38.63525390625,0.925406277179718,1,0,-1
72,222,694.0241088867188,807.735107421875,23.92022705078125,38.51898193359375,0.9294126629829407,1,0,-1
73,222,692.6272583007812,808.6754760742188,23.76214599609375,38.687744140625,0.9297295808792114,1,0,-1
74,222,691.0534057617188,809.098388671875,24.02471923828125,39.18560791015625,0.9337244033813477,1,0,-1
75,222,690.0972900390625,810.4346923828125,23.7454833984375,39.1083984375,0.9276519417762756,1,0,-1
76,222,688.584716796875,811.3602294921875,23.37841796875,39.0997314453125,0.9320845603942871,1,0,-1
77,222,686.75830078125,811.7217407226562,23.53997802734375,39.60919189453125,0.9310775995254517,1,0,-1
78,222,684.3836669921875,812.236328125,23.9305419921875,40.3076171875,0.9052021503448486,1,0,-1
79,222,681.842529296875,812.3536987304688,24.7645263671875,40.84722900390625,0.9269255995750427,1,0,-1
80,222,679.8256225585938,812.633056640625,24.6910400390625,41.5887451171875,0.9206020832061768,1,0,-1
81,222,678.239501953125,813.1420288085938,24.46630859375,41.568115234375,0.9258679151535034,1,0,-1
82,222,676.1560668945312,814.3416748046875,24.3858642578125,41.13641357421875,0.917328417301178,1,0,-1
83,222,674.3560180664062,815.4852294921875,24.4765625,41.0458984375,0.9196739196777344,1,0,-1
84,222,672.2825927734375,816.94189453125,24.66534423828125,40.4503173828125,0.9191620349884033,1,0,-1
85,222,669.86181640625,818.354248046875,24.4609375,40.3436279296875,0.9129579067230225,1,0,-1
86,222,667.2852172851562,819.2877197265625,24.57806396484375,41.25372314453125,0.923659086227417,1,0,-1
87,222,664.4404907226562,819.850830078125,24.221923828125,41.54119873046875,0.9241582155227661,1,0,-1
89,222,653.0961303710938,821.341796875,24.504638671875,41.42388916015625,0.927197277545929,1,0,-1
90,222,644.8392333984375,822.8251953125,24.97479248046875,41.27301025390625,0.9291218519210815,1,0,-1
91,222,638.3062744140625,823.0241088867188,25.0531005859375,41.62158203125,0.7437309622764587,1,0,-1
92,222,631.3193969726562,824.6063842773438,26.23321533203125,42.10528564453125,0.9193365573883057,1,0,-1
93,222,626.158203125,825.3023681640625,26.0247802734375,42.082763671875,0.9294047355651855,1,0,-1
94,222,620.8239135742188,826.4730224609375,26.10015869140625,42.3258056640625,0.9376505613327026,1,0,-1
95,222,616.1851806640625,827.8912353515625,25.7835693359375,42.67022705078125,0.9437564015388489,1,0,-1
96,222,611.8150634765625,828.3901977539062,26.15167236328125,43.0867919921875,0.9415920972824097,1,0,-1
97,222,606.9586181640625,830.4009399414062,26.13641357421875,43.14691162109375,0.9340328574180603,1,0,-1
98,222,604.3485717773438,831.1605834960938,26.01776123046875,43.28076171875,0.9392194747924805,1,0,-1
99,222,603.2636108398438,832.9210205078125,25.77850341796875,43.52423095703125,0.9324160814285278,1,0,-1
100,222,603.8021850585938,833.7708740234375,25.63018798828125,43.49908447265625,0.9315322637557983,1,0,-1
101,222,605.4173583984375,835.0407104492188,25.387451171875,43.17022705078125,0.9265504479408264,1,0,-1
102,222,606.936767578125,835.8758544921875,25.773193359375,43.94677734375,0.9247737526893616,1,0,-1
103,222,608.7942504882812,837.0115966796875,26.10443115234375,44.40435791015625,0.9230921268463135,1,0,-1
104,222,610.8796997070312,838.9866333007812,26.380859375,44.445556640625,0.8839588761329651,1,0,-1
105,222,612.4583129882812,840.2198486328125,26.3140869140625,44.54815673828125,0.9139320850372314,1,0,-1
106,222,599.33447265625,842.8637084960938,28.25775146484375,44.43634033203125,0.9167959690093994,1,0,-1
107,222,583.72021484375,843.16796875,27.364013671875,44.142578125,0.916087806224823,1,0,-1
108,222,574.9674072265625,846.4293212890625,26.5106201171875,44.51605224609375,0.924649715423584,1,0,-1
109,222,571.0895385742188,848.4038696289062,26.225341796875,44.02630615234375,0.9344807863235474,1,0,-1
110,222,569.2772827148438,848.668701171875,26.21197509765625,44.58245849609375,0.9465849995613098,1,0,-1
111,222,567.779052734375,849.1433715820312,26.21331787109375,45.451904296875,0.9479499459266663,1,0,-1
112,222,565.4652709960938,851.10693359375,26.7607421875,45.84027099609375,0.9449761509895325,1,0,-1
113,222,561.6782836914062,851.9263305664062,27.6038818359375,46.2919921875,0.9066383838653564,1,0,-1
114,222,559.3795776367188,854.377685546875,27.72125244140625,46.43267822265625,0.9390062689781189,1,0,-1
115,222,559.0792236328125,856.059814453125,27.684326171875,46.0584716796875,0.9348061084747314,1,0,-1
116,222,558.9326782226562,856.8214111328125,27.61248779296875,45.73681640625,0.935994029045105,1,0,-1
117,222,560.4390258789062,857.7418212890625,27.47894287109375,45.93499755859375,0.8985798954963684,1,0,-1
118,222,561.2168579101562,858.781982421875,27.93511962890625,46.37640380859375,0.8615803122520447,1,0,-1
119,222,561.5111694335938,859.1329345703125,28.15216064453125,46.62548828125,0.919910728931427,1,0,-1
120,222,562.4619750976562,859.6513671875,27.9761962890625,46.6295166015625,0.9361661076545715,1,0,-1
121,222,564.2395629882812,859.8172607421875,27.2198486328125,46.3773193359375,0.9335970878601074,1,0,-1
122,222,565.5032958984375,859.6868896484375,26.58197021484375,46.1046142578125,0.9327919483184814,1,0,-1
123,222,567.3096923828125,859.4970092773438,26.37396240234375,46.2882080078125,0.9353001713752747,1,0,-1
124,222,568.0509643554688,859.1708984375,26.64788818359375,46.738037109375,0.9387633204460144,1,0,-1
125,222,568.8345336914062,858.8875732421875,26.88970947265625,46.427490234375,0.9359170794487,1,0,-1
126,222,569.5376586914062,858.41015625,26.97564697265625,46.51824951171875,0.9365131855010986,1,0,-1
127,222,569.7139892578125,857.400390625,27.03192138671875,46.743408203125,0.9409515857696533,1,0,-1
128,222,569.6546020507812,856.9926147460938,27.15704345703125,46.712890625,0.9394380450248718,1,0,-1
129,222,569.6050415039062,856.39453125,27.2650146484375,46.68255615234375,0.940975546836853,1,0,-1
130,222,569.6349487304688,855.8099975585938,27.3704833984375,46.93499755859375,0.941315770149231,1,0,-1
131,222,569.1693115234375,855.54052734375,27.5357666015625,47.03509521484375,0.9466819167137146,1,0,-1
132,222,568.43505859375,855.2896118164062,27.3717041015625,46.66552734375,0.9463521242141724,1,0,-1
133,222,567.5536499023438,854.8936767578125,27.66973876953125,47.0150146484375,0.9487207531929016,1,0,-1
134,222,566.33740234375,854.6417846679688,28.2042236328125,47.63671875,0.9479268193244934,1,0,-1
135,222,565.2200927734375,854.4445190429688,28.27508544921875,47.746337890625,0.9455862641334534,1,0,-1
136,222,563.7276611328125,854.6640014648438,28.56658935546875,48.36798095703125,0.9465268850326538,1,0,-1
137,222,562.1908569335938,854.82861328125,29.09375,48.99517822265625,0.9490733742713928,1,0,-1
138,222,560.7750244140625,855.5601196289062,29.57379150390625,49.40191650390625,0.9429946541786194,1,0,-1
139,222,559.2742919921875,856.11572265625,30.0548095703125,49.911376953125,0.8782365322113037,1,0,-1
140,222,558.0737915039062,856.887451171875,29.53875732421875,49.3441162109375,0.9428369402885437,1,0,-1
141,222,557.0341186523438,858.0506591796875,29.51629638671875,49.48345947265625,0.9326647520065308,1,0,-1
142,222,555.8775024414062,859.01513671875,29.03778076171875,49.409423828125,0.9338597655296326,1,0,-1
143,222,554.4771118164062,859.9065551757812,29.0081787109375,49.628173828125,0.9340372085571289,1,0,-1
144,222,552.7703857421875,860.78271484375,29.1903076171875,49.79742431640625,0.9311474561691284,1,0,-1
145,222,551.043212890625,861.2222290039062,29.533203125,49.58966064453125,0.9222787022590637,1,0,-1
146,222,549.518798828125,862.0311279296875,29.95465087890625,49.89410400390625,0.9273192882537842,1,0,-1
147,222,547.787109375,863.2794189453125,30.42596435546875,50.4212646484375,0.9289310574531555,1,0,-1
148,222,546.0660400390625,864.4660034179688,29.76470947265625,50.7640380859375,0.9311202168464661,1,0,-1
149,222,545.2753295898438,865.5140991210938,29.54742431640625,50.41546630859375,0.9595025181770325,1,0,-1
150,222,544.3596801757812,866.142578125,29.64996337890625,50.51025390625,0.9590972661972046,1,0,-1
151,222,543.4035034179688,866.5551147460938,29.29107666015625,51.04864501953125,0.959850013256073,1,0,-1
152,222,541.755615234375,867.0016479492188,29.55303955078125,51.2176513671875,0.9543171525001526,1,0,-1
153,222,540.7257690429688,867.5096435546875,29.6053466796875,50.9224853515625,0.9551801681518555,1,0,-1
154,222,539.0757446289062,867.7910766601562,30.16790771484375,51.01104736328125,0.9580225944519043,1,0,-1
155,222,537.9885864257812,868.1287841796875,30.54669189453125,51.18621826171875,0.9562388062477112,1,0,-1
156,222,536.43505859375,868.3633422851562,31.13543701171875,51.1815185546875,0.9589396119117737,1,0,-1
157,222,534.8380737304688,868.5646362304688,32.13409423828125,51.32733154296875,0.9563746452331543,1,0,-1
158,222,533.455322265625,868.6686401367188,32.51202392578125,51.35089111328125,0.8631606698036194,1,0,-1
159,222,532.4017944335938,868.3013916015625,32.63958740234375,51.64044189453125,0.9519622921943665,1,0,-1
160,222,531.4119873046875,868.5274658203125,32.59503173828125,51.9072265625,0.9545625448226929,1,0,-1
161,222,530.223388671875,868.731201171875,32.919677734375,51.98529052734375,0.9532271027565002,1,0,-1
162,222,529.4003295898438,868.7571411132812,33.0667724609375,52.20947265625,0.9543047547340393,1,0,-1
163,222,528.3280029296875,868.8787231445312,32.8101806640625,52.1939697265625,0.9553278684616089,1,0,-1
164,222,527.5208129882812,869.6121826171875,32.5750732421875,52.0594482421875,0.9560633897781372,1,0,-1
165,222,526.346435546875,869.5968627929688,32.99627685546875,51.88311767578125,0.9563997387886047,1,0,-1
166,222,524.9681396484375,869.6546020507812,32.96234130859375,52.330810546875,0.9575859308242798,1,0,-1
167,222,523.6642456054688,870.1883544921875,33.41595458984375,52.73651123046875,0.9635669589042664,1,0,-1
168,222,522.9086303710938,871.4529418945312,33.8150634765625,52.2630615234375,0.9614061713218689,1,0,-1
169,222,521.9961547851562,872.3984985351562,33.855712890625,52.62872314453125,0.9578972458839417,1,0,-1
170,222,521.4212646484375,872.9274291992188,33.98797607421875,52.9345703125,0.9603509306907654,1,0,-1
171,222,520.503173828125,873.9635620117188,34.22491455078125,53.34027099609375,0.9648083448410034,1,0,-1
172,222,519.6558837890625,874.8797607421875,34.03631591796875,53.774169921875,0.95428466796875,1,0,-1
173,222,518.7127685546875,875.9171752929688,34.07147216796875,54.0296630859375,0.9585994482040405,1,0,-1
174,222,517.2869873046875,877.5485229492188,34.5057373046875,54.16656494140625,0.9576852321624756,1,0,-1
175,222,516.2474975585938,878.346435546875,34.43463134765625,54.7901611328125,0.9539859294891357,1,0,-1
176,222,515.0733642578125,879.1986083984375,34.82470703125,55.3558349609375,0.9541601538658142,1,0,-1
177,222,514.240478515625,879.7177734375,34.924560546875,55.94317626953125,0.9496814012527466,1,0,-1
178,222,513.2933959960938,880.7672119140625,35.0482177734375,56.23779296875,0.9418969750404358,1,0,-1
179,222,512.7186279296875,881.6190185546875,35.40142822265625,56.5233154296875,0.9367203712463379,1,0,-1
180,222,512.1447143554688,882.4971313476562,35.8594970703125,56.484130859375,0.9394416213035583,1,0,-1
181,222,512.0459594726562,883.0717163085938,35.97479248046875,56.75677490234375,0.9364850521087646,1,0,-1
182,222,511.689697265625,883.6068725585938,36.15533447265625,56.7978515625,0.9306280016899109,1,0,-1
183,222,511.25250244140625,883.8505859375,36.11614990234375,57.0455322265625,0.9377909898757935,1,0,-1
184,222,510.8693542480469,884.3853759765625,36.067657470703125,56.95904541015625,0.9420053958892822,1,0,-1
185,222,510.4832458496094,884.9789428710938,36.024200439453125,56.9876708984375,0.9430771470069885,1,0,-1
186,222,510.0360412597656,885.7150268554688,35.850555419921875,56.8607177734375,0.9355079531669617,1,0,-1
187,222,509.4615173339844,885.88720703125,36.037567138671875,57.30487060546875,0.9304456114768982,1,0,-1
188,222,508.5672607421875,886.3458251953125,36.55633544921875,57.18316650390625,0.930059015750885,1,0,-1
189,222,507.569580078125,886.7426147460938,37.0870361328125,57.7431640625,0.9377219080924988,1,0,-1
190,222,507.20928955078125,887.0196533203125,37.1646728515625,57.95770263671875,0.9402267336845398,1,0,-1
191,222,506.2060546875,888.2089233398438,37.4271240234375,57.530517578125,0.9310450553894043,1,0,-1
192,222,504.9732971191406,889.5870971679688,37.486846923828125,57.433349609375,0.9173011183738708,1,0,-1
193,222,504.0741882324219,890.4457397460938,37.761322021484375,57.96136474609375,0.9435511231422424,1,0,-1
194,222,502.7435607910156,891.7545776367188,38.289947509765625,58.2227783203125,0.9532992243766785,1,0,-1
195,222,501.47772216796875,893.0917358398438,38.38580322265625,58.28314208984375,0.9545823335647583,1,0,-1
196,222,500.2908630371094,894.5465087890625,38.713714599609375,58.843505859375,0.9529562592506409,1,0,-1
197,222,499.0123596191406,896.2308349609375,38.582244873046875,58.94500732421875,0.9557947516441345,1,0,-1
198,222,497.6235656738281,897.3321533203125,38.251983642578125,59.7637939453125,0.959097146987915,1,0,-1
199,222,496.5495910644531,898.0130615234375,38.491058349609375,60.15972900390625,0.9539613723754883,1,0,-1
200,222,494.81561279296875,899.0122680664062,39.004150390625,60.86883544921875,0.9434690475463867,1,0,-1
201,222,493.25775146484375,900.1396484375,39.3104248046875,61.14459228515625,0.9479885101318359,1,0,-1
202,222,492.2922668457031,901.1771850585938,38.778778076171875,61.1375732421875,0.9487337470054626,1,0,-1
203,222,490.4281005859375,901.8963012695312,39.2939453125,61.4239501953125,0.9558936357498169,1,0,-1
204,222,488.53070068359375,902.682373046875,39.19305419921875,62.1361083984375,0.9558137059211731,1,0,-1
205,222,486.5169982910156,903.4010620117188,39.343963623046875,62.2952880859375,0.9538040161132812,1,0,-1
206,222,485.1482849121094,904.0050659179688,39.224395751953125,62.36431884765625,0.9568381905555725,1,0,-1
207,222,483.2528076171875,904.37890625,39.90521240234375,63.02008056640625,0.9539976119995117,1,0,-1
208,222,481.8309631347656,905.3031616210938,40.098297119140625,62.980224609375,0.953227698802948,1,0,-1
209,222,480.32965087890625,906.2547607421875,40.84246826171875,62.8397216796875,0.9528657793998718,1,0,-1
210,222,478.8287353515625,907.4684448242188,41.27362060546875,62.51434326171875,0.9492465853691101,1,0,-1
211,222,477.3377685546875,907.82373046875,41.92926025390625,63.3653564453125,0.8722032308578491,1,0,-1
212,222,475.8285217285156,908.4393920898438,41.818939208984375,64.08673095703125,0.9547393321990967,1,0,-1
213,222,474.35516357421875,908.8388061523438,41.6668701171875,64.58209228515625,0.9564072489738464,1,0,-1
214,222,473.3437805175781,909.2251586914062,41.250213623046875,64.55169677734375,0.9624688625335693,1,0,-1
215,222,471.8094482421875,909.1337890625,40.83807373046875,64.80059814453125,0.9639288187026978,1,0,-1
216,222,469.68267822265625,908.7368774414062,41.420013427734375,65.222900390625,0.9657336473464966,1,0,-1
217,222,468.08758544921875,908.4207153320312,41.085296630859375,65.6573486328125,0.9614734649658203,1,0,-1
218,222,466.1621398925781,908.7594604492188,41.2537841796875,65.59588623046875,0.9586667418479919,1,0,-1
219,222,464.5564270019531,908.9159545898438,41.029632568359375,65.6341552734375,0.9351165294647217,1,0,-1
220,222,462.745361328125,908.9098510742188,41.52227783203125,65.8768310546875,0.953423261642456,1,0,-1
221,222,460.7047119140625,909.2803344726562,42.251739501953125,65.962646484375,0.9522875547409058,1,0,-1
222,222,458.46307373046875,909.3182373046875,42.45703125,66.55645751953125,0.9509370923042297,1,0,-1
223,222,455.9149475097656,909.4849243164062,43.114593505859375,66.669189453125,0.9464982748031616,1,0,-1
224,222,453.11468505859375,909.6112670898438,44.54315185546875,67.16510009765625,0.9442440271377563,1,0,-1
225,222,450.6649169921875,910.0491333007812,45.259246826171875,67.2244873046875,0.8195095658302307,1,0,-1
226,222,448.9521484375,910.4212646484375,45.128509521484375,67.7916259765625,0.9587108492851257,1,0,-1
227,222,446.7452697753906,910.7649536132812,44.71905517578125,68.037109375,0.9643540382385254,1,0,-1
228,222,444.2641906738281,911.234619140625,44.92449951171875,68.39691162109375,0.96443772315979,1,0,-1
229,222,441.3875732421875,911.4843139648438,44.93280029296875,68.4451904296875,0.9687710404396057,1,0,-1
230,222,438.84515380859375,911.443603515625,44.976318359375,68.92230224609375,0.9693808555603027,1,0,-1
231,222,436.4695129394531,911.4171142578125,45.03973388671875,69.24017333984375,0.9692198038101196,1,0,-1
232,222,434.2101135253906,911.9878540039062,44.869293212890625,69.26068115234375,0.9700971841812134,1,0,-1
233,222,431.13189697265625,912.5568237304688,45.408355712890625,68.90374755859375,0.9673532843589783,1,0,-1
234,222,427.6203308105469,913.2271118164062,46.849761962890625,69.09625244140625,0.9677394032478333,1,0,-1
236,222,423.0074462890625,914.1646118164062,47.134490966796875,70.00311279296875,0.9556862711906433,1,0,-1
237,222,420.29925537109375,914.7299194335938,47.22381591796875,70.54656982421875,0.9545862674713135,1,0,-1
238,222,416.7967224121094,915.4025268554688,47.720062255859375,71.0816650390625,0.9569025635719299,1,0,-1
239,222,413.29595947265625,916.8180541992188,48.21490478515625,70.84619140625,0.9545270204544067,1,0,-1
240,222,409.68670654296875,918.76611328125,48.6585693359375,70.97918701171875,0.9617580771446228,1,0,-1
241,222,406.1662902832031,920.4467163085938,48.6572265625,71.27020263671875,0.9614182710647583,1,0,-1
242,222,402.2689208984375,922.2733764648438,49.160552978515625,71.705078125,0.9555888175964355,1,0,-1
244,222,396.2368469238281,927.5436401367188,49.38665771484375,73.52996826171875,0.9220595955848694,1,0,-1
245,222,392.08197021484375,930.0724487304688,50.3006591796875,74.62518310546875,0.8849793672561646,1,0,-1
246,222,388.2439880371094,933.3917236328125,50.254852294921875,75.499267578125,0.9602463841438293,1,0,-1
247,222,384.4001159667969,938.014404296875,50.274566650390625,74.9483642578125,0.9621289372444153,1,0,-1
248,222,380.3441162109375,942.6602783203125,50.56707763671875,74.5760498046875,0.9621888995170593,1,0,-1
249,222,375.83917236328125,946.5693969726562,51.58135986328125,76.0860595703125,0.9586570858955383,1,0,-1
250,222,372.5751647949219,950.7738647460938,51.8798828125,76.21490478515625,0.9502068758010864,1,0,-1
251,222,368.2716979980469,954.3956298828125,52.674285888671875,77.3953857421875,0.9439589977264404,1,0,-1
252,222,363.8757019042969,958.2763671875,52.461822509765625,78.27490234375,0.9522247910499573,1,0,-1
253,222,359.2206115722656,963.1871337890625,52.87109375,78.529296875,0.9583224058151245,1,0,-1
254,222,353.91766357421875,967.511962890625,53.216552734375,79.69287109375,0.9537767767906189,1,0,-1
255,222,348.3319091796875,971.5661010742188,54.37322998046875,80.90216064453125,0.900992214679718,1,0,-1
256,222,343.0999755859375,975.5326538085938,55.05859375,81.88922119140625,0.9282543659210205,1,0,-1
257,222,337.4570617675781,979.6779174804688,54.949462890625,83.74969482421875,0.9546469449996948,1,0,-1
258,222,331.41473388671875,984.9266967773438,54.79888916015625,84.08099365234375,0.9575942754745483,1,0,-1
259,222,324.6903076171875,989.5936889648438,56.396087646484375,84.70709228515625,0.9447799921035767,1,0,-1
260,222,318.96429443359375,993.9767456054688,57.663848876953125,83.52862548828125,0.9422379732131958,1,0,-1
261,222,312.5353698730469,997.9520263671875,58.296173095703125,82.0479736328125,0.9414134621620178,1,0,-1
262,222,304.7658386230469,1001.9105224609375,60.022918701171875,78.0894775390625,0.927699625492096,1,0,-1
263,222,298.255126953125,1005.9214477539062,60.217254638671875,74.07855224609375,0.8743778467178345,1,0,-1
264,222,291.1573181152344,1009.9481201171875,61.7960205078125,70.0518798828125,0.7350722551345825,1,0,-1
265,222,285.2594299316406,1014.5184326171875,60.997344970703125,65.4815673828125,0.9017055034637451,1,0,-1
266,222,279.060302734375,1018.79736328125,60.75341796875,61.20263671875,0.8824079036712646,1,0,-1
267,222,274.5027160644531,1022.9758911132812,58.41546630859375,57.02410888671875,0.8399043083190918,1,0,-1
269,222,263.67767333984375,1030.880859375,56.5416259765625,49.119140625,0.5585802793502808,1,0,-1
270,222,257.8556213378906,1035.1812744140625,55.62298583984375,44.8187255859375,0.8213008046150208,1,0,-1
271,222,253.7963409423828,1039.686767578125,52.45600891113281,40.313232421875,0.6300914287567139,1,0,-1
