2,48,314.33270263671875,483.52587890625,51.049346923828125,69.276611328125,0.5193487405776978,1,2,-1
3,48,316.9618225097656,484.3089904785156,50.801361083984375,70.27828979492188,0.5280243754386902,1,2,-1
4,48,318.5073547363281,486.4610595703125,51.526611328125,70.5347900390625,0.514472484588623,1,2,-1
5,48,322.6188049316406,489.62591552734375,49.904144287109375,70.2440185546875,0.5541158318519592,1,2,-1
6,48,324.16510009765625,492.3954772949219,51.303924560546875,69.96047973632812,0.5300773978233337,1,2,-1
6,49,307.1440734863281,9.498918533325195,63.308746337890625,101.80005645751953,0.5218050479888916,1,6,-1
7,48,327.23040771484375,495.99871826171875,51.848297119140625,68.91876220703125,0.5582430362701416,1,2,-1
8,48,327.8678894042969,497.2566833496094,53.1912841796875,70.48178100585938,0.5874788165092468,1,2,-1
9,48,330.25531005859375,498.9875183105469,52.670623779296875,71.52566528320312,0.5893275141716003,1,2,-1
10,48,332.7269592285156,501.06640625,52.092193603515625,70.619140625,0.5524328947067261,1,2,-1
11,48,335.1259765625,502.582763671875,50.31646728515625,72.33428955078125,0.6370280981063843,1,2,-1
12,48,336.28533935546875,503.3558654785156,50.666168212890625,73.08499145507812,0.605570375919342,1,2,-1
13,48,336.2146301269531,503.81927490234375,52.13751220703125,73.60516357421875,0.5567495822906494,1,2,-1
14,48,336.3624572753906,504.0120544433594,52.52960205078125,73.70999145507812,0.5793578624725342,1,2,-1
16,48,337.40234375,504.4422607421875,53.390655517578125,73.43719482421875,0.5165213942527771,1,2,-1
17,48,338.42608642578125,504.64337158203125,53.019561767578125,73.10015869140625,0.5413098335266113,1,2,-1
18,48,339.13751220703125,503.62908935546875,52.5943603515625,74.2552490234375,0.5713728070259094,1,2,-1
19,48,339.52630615234375,503.352294921875,52.641357421875,74.46063232421875,0.5816735029220581,1,2,-1
20,48,339.552001953125,503.18450927734375,52.592864990234375,74.1881103515625,0.5819280743598938,1,2,-1
21,48,339.6712341308594,503.007080078125,52.517852783203125,73.51519775390625,0.5564866662025452,1,2,-1
22,48,339.6463928222656,502.6951904296875,52.413055419921875,72.8665771484375,0.5625370144844055,1,2,-1
23,48,339.0555725097656,501.6432800292969,52.971343994140625,72.99368286132812,0.5735701322555542,1,2,-1
24,48,339.1206359863281,501.6730651855469,52.863311767578125,71.89431762695312,0.5202468633651733,1,2,-1
25,48,339.2485046386719,501.61993408203125,52.200225830078125,71.30157470703125,0.5094640851020813,1,2,-1
26,48,338.31231689453125,500.5227966308594,53.4454345703125,72.20535278320312,0.5532269477844238,1,2,-1
27,48,337.4732971191406,499.1019592285156,54.267120361328125,72.88174438476562,0.5335707068443298,1,2,-1
28,48,337.0872802734375,499.273681640625,54.474700927734375,72.72491455078125,0.5641087889671326,1,2,-1
29,48,336.5108642578125,499.0958251953125,53.385528564453125,72.20635986328125,0.5934901237487793,1,2,-1
30,48,335.5859069824219,497.66656494140625,52.791900634765625,72.72418212890625,0.5915562510490417,1,2,-1
31,48,335.8310852050781,496.3410339355469,51.868316650390625,71.99160766601562,0.5895266532897949,1,2,-1
32,48,335.3710021972656,495.9747314453125,51.38702392578125,70.8013916015625,0.6302467584609985,1,2,-1
33,48,335.7294921875,496.8614807128906,49.848846435546875,68.82638549804688,0.6127268075942993,1,2,-1
34,48,335.9581604003906,496.9754943847656,48.584991455078125,68.68209838867188,0.5883582234382629,1,2,-1
35,48,333.6194152832031,496.9073486328125,50.084503173828125,68.65106201171875,0.5607084035873413,1,2,-1
36,48,331.2059631347656,497.09967041015625,51.553466796875,68.5286865234375,0.5659805536270142,1,2,-1
37,48,329.7876892089844,498.19683837890625,51.98828125,68.5855712890625,0.5202175974845886,1,2,-1
38,48,327.8592529296875,498.7371520996094,52.6693115234375,70.38095092773438,0.5728529691696167,1,2,-1
39,48,326.909912109375,499.32080078125,54.187591552734375,70.9251708984375,0.5955812335014343,1,2,-1
40,48,326.8499755859375,499.85321044921875,53.70294189453125,70.92877197265625,0.6021106839179993,1,2,-1
41,48,325.79296875,499.0989685058594,53.84539794921875,71.28952026367188,0.5923545956611633,1,2,-1
42,48,323.13983154296875,498.51995849609375,55.962677001953125,71.44293212890625,0.5918536186218262,1,2,-1
43,48,321.780517578125,497.7792663574219,56.595977783203125,73.69601440429688,0.5443539023399353,1,2,-1
44,48,320.436279296875,496.759033203125,56.272796630859375,76.384033203125,0.5419479608535767,1,2,-1
45,48,320.8047180175781,496.8775634765625,54.767333984375,76.42095947265625,0.5978337526321411,1,2,-1
46,48,321.4566345214844,497.76422119140625,53.83270263671875,75.29327392578125,0.6111531257629395,1,2,-1
47,48,318.7925720214844,498.7991638183594,54.631439208984375,74.63900756835938,0.5893946886062622,1,2,-1
48,48,317.24493408203125,499.8310852050781,54.927886962890625,73.18020629882812,0.5753160715103149,1,2,-1
49,48,316.5167236328125,499.1771545410156,54.518585205078125,74.15225219726562,0.5894166231155396,1,2,-1
50,48,315.52642822265625,499.1511535644531,55.29962158203125,74.27786254882812,0.587077796459198,1,2,-1
51,48,314.77197265625,499.1157531738281,55.1431884765625,73.35269165039062,0.6006743311882019,1,2,-1
52,48,313.9138488769531,498.67523193359375,55.989166259765625,73.136962890625,0.6178846955299377,1,2,-1
53,48,312.0260009765625,496.52081298828125,55.77490234375,74.4576416015625,0.5981703400611877,1,2,-1
54,48,311.65264892578125,495.69598388671875,55.67620849609375,74.12457275390625,0.5663084983825684,1,2,-1
55,48,309.93115234375,493.27978515625,55.8135986328125,75.5567626953125,0.611606240272522,1,2,-1
56,48,310.63232421875,492.7424011230469,53.3914794921875,74.11080932617188,0.6102700233459473,1,2,-1
57,48,311.4244689941406,491.184814453125,51.3326416015625,72.8721923828125,0.6208849549293518,1,2,-1
58,48,308.33209228515625,490.08349609375,53.025665283203125,72.00030517578125,0.5710545182228088,1,2,-1
59,48,308.2446594238281,487.9208679199219,51.64776611328125,72.08810424804688,0.6248577237129211,1,2,-1
60,48,307.0824279785156,486.63616943359375,51.51568603515625,71.04351806640625,0.567092776298523,1,2,-1
61,48,305.2276611328125,485.2473449707031,53.1778564453125,70.84432983398438,0.5543778538703918,1,2,-1
62,48,303.85333251953125,483.9198303222656,53.77490234375,70.90493774414062,0.5626339912414551,1,2,-1
63,48,301.4364929199219,481.2681579589844,55.456787109375,72.29580688476562,0.5438556671142578,1,2,-1
64,48,299.2815856933594,478.86907958984375,55.488037109375,73.51605224609375,0.556357204914093,1,2,-1
65,48,297.7694396972656,476.60687255859375,57.417083740234375,74.85479736328125,0.5466556549072266,1,2,-1
66,48,295.91351318359375,475.4178771972656,56.23089599609375,74.73245239257812,0.5557093620300293,1,2,-1
67,48,294.3846130371094,471.7493896484375,56.164398193359375,73.99237060546875,0.5175685286521912,1,2,-1
68,48,292.6816101074219,473.2635803222656,55.7757568359375,72.29537963867188,0.5669991374015808,1,2,-1
69,48,291.0662536621094,472.2095031738281,56.3099365234375,71.91030883789062,0.5427636504173279,1,2,-1
70,48,289.490966796875,471.9080505371094,56.928558349609375,72.09518432617188,0.5060490965843201,1,2,-1
71,48,287.2147216796875,469.2220153808594,57.113555908203125,75.49099731445312,0.5752807259559631,1,2,-1
72,48,285.8559265136719,467.97216796875,57.822540283203125,75.9989013671875,0.5926520824432373,1,2,-1
73,48,282.63232421875,466.1495056152344,57.444122314453125,76.52200317382812,0.5601699948310852,1,2,-1
74,48,280.8635559082031,464.97113037109375,57.9022216796875,76.71234130859375,0.5510908365249634,1,2,-1
76,48,274.2717590332031,461.0564880371094,61.244384765625,78.44296264648438,0.5209542512893677,1,2,-1
77,48,272.01123046875,461.5249938964844,60.81878662109375,77.12075805664062,0.5214961171150208,1,2,-1
79,48,268.9913330078125,459.3966064453125,58.052520751953125,76.17315673828125,0.533061146736145,1,2,-1
80,48,267.2906494140625,460.3417663574219,56.51678466796875,75.03854370117188,0.5519067645072937,1,2,-1
82,48,263.447509765625,459.0717468261719,57.4136962890625,76.23147583007812,0.5357823371887207,1,2,-1
83,48,261.51617431640625,457.5907287597656,59.006683349609375,77.69869995117188,0.5831440091133118,1,2,-1
84,48,257.94696044921875,455.9463806152344,60.49072265625,78.18344116210938,0.5688487887382507,1,2,-1
85,48,255.806884765625,455.9045715332031,61.2664794921875,77.76577758789062,0.56500643491745,1,2,-1
88,48,248.3046112060547,450.1494140625,62.31889343261719,79.89996337890625,0.5109118819236755,1,2,-1
89,48,245.0703582763672,449.1158142089844,61.94215393066406,78.52236938476562,0.5540258288383484,1,2,-1
90,48,242.7475128173828,448.8981018066406,61.04371643066406,78.43618774414062,0.5432433485984802,1,2,-1
92,48,238.4271697998047,446.1713562011719,61.48011779785156,81.13375854492188,0.5314385294914246,1,2,-1
93,48,234.7410888671875,443.4085998535156,62.9632568359375,82.52743530273438,0.5482634902000427,1,2,-1
263,50,0.0,0.8854585289955139,253.3641815185547,440.07952880859375,0.5675283670425415,1,16,-1
