2,549,485.3416748046875,339.827392578125,43.13970947265625,69.45404052734375,0.5859653353691101,1,2,-1
3,549,485.08978271484375,346.32940673828125,43.7955322265625,69.99417114257812,0.608309805393219,1,2,-1
4,549,484.6802062988281,351.25689697265625,43.800811767578125,67.96743774414062,0.6451699733734131,1,2,-1
5,549,482.583740234375,354.33294677734375,45.148193359375,70.23477172851562,0.6061401963233948,1,2,-1
6,549,480.8273010253906,355.9221496582031,46.878448486328125,71.11233520507812,0.6129639744758606,1,2,-1
7,549,479.6143798828125,357.5904235839844,47.88787841796875,71.40484619140625,0.5504907965660095,1,2,-1
8,549,479.9991760253906,359.7865295410156,46.937896728515625,71.83282470703125,0.5493544936180115,1,2,-1
9,549,478.6753234863281,361.61846923828125,47.024383544921875,70.99386596679688,0.5510976314544678,1,2,-1
13,549,475.62677001953125,361.84033203125,44.84637451171875,70.83212280273438,0.5020604133605957,1,2,-1
14,549,473.41644287109375,358.8243103027344,45.6751708984375,71.95077514648438,0.5075591802597046,1,2,-1
17,549,470.35528564453125,355.51422119140625,46.1185302734375,69.85684204101562,0.5006372928619385,1,2,-1
18,549,469.909912109375,353.4473876953125,45.85455322265625,69.07476806640625,0.5097557902336121,1,2,-1
20,549,467.7582702636719,347.62445068359375,46.872344970703125,69.57977294921875,0.5309868454933167,1,2,-1
24,549,463.2522888183594,336.7914123535156,46.27783203125,71.08489990234375,0.5314867496490479,1,2,-1
25,549,461.553955078125,334.1095886230469,46.212066650390625,71.64016723632812,0.5692082643508911,1,2,-1
26,549,460.3601989746094,332.17181396484375,46.792816162109375,72.004150390625,0.607404351234436,1,2,-1
27,549,458.8592834472656,328.9372253417969,46.5364990234375,71.1905517578125,0.5713558197021484,1,2,-1
28,549,458.3667297363281,326.6070556640625,46.2657470703125,72.0887451171875,0.5225206017494202,1,2,-1
198,550,816.5806884765625,7.038710117340088,249.452880859375,1072.9613037109375,0.5825290679931641,1,6,-1
199,550,813.879638671875,7.815080642700195,257.2950439453125,1072.1849365234375,0.7239198088645935,1,6,-1
200,550,803.7909545898438,48.67431640625,270.66644287109375,1031.32568359375,0.757311224937439,1,6,-1
201,550,810.7831420898438,53.95069122314453,267.57086181640625,1026.04931640625,0.7680040001869202,1,6,-1
202,550,814.6273193359375,50.89366149902344,269.29833984375,1029.1063232421875,0.8065102100372314,1,6,-1
203,550,817.8267211914062,42.47509002685547,269.00958251953125,1037.30712890625,0.8104076981544495,1,6,-1
204,550,819.050048828125,39.149906158447266,271.1578369140625,1040.4862060546875,0.8001444339752197,1,6,-1
205,550,822.175537109375,32.75227355957031,273.4088134765625,1047.2476806640625,0.7926822900772095,1,6,-1
206,550,822.9395751953125,25.460668563842773,275.8094482421875,1054.539306640625,0.7915499210357666,1,6,-1
207,550,824.5003662109375,18.092575073242188,277.7900390625,1061.907470703125,0.7929654121398926,1,6,-1
208,550,816.6046142578125,13.892566680908203,287.13330078125,1066.107421875,0.7634567022323608,1,6,-1
209,550,813.0756225585938,12.028605461120605,293.26287841796875,1067.8048095703125,0.7528331875801086,1,6,-1
210,550,811.4154052734375,9.986543655395508,296.5643310546875,1069.7977294921875,0.7565677165985107,1,6,-1
211,550,806.9765014648438,9.473286628723145,303.32403564453125,1069.5250244140625,0.7850888967514038,1,6,-1
212,550,800.802978515625,8.159700393676758,310.5418701171875,1071.098388671875,0.8091437220573425,1,6,-1
213,550,797.4562377929688,6.651148319244385,314.77398681640625,1072.093505859375,0.7990555167198181,1,6,-1
214,550,794.0856323242188,2.773015260696411,318.22991943359375,1076.56640625,0.8080251812934875,1,6,-1
215,550,787.5511474609375,1.6166764497756958,324.4310302734375,1078.2099609375,0.8125986456871033,1,6,-1
216,550,781.5408935546875,0.09998752921819687,328.95654296875,1079.0576171875,0.8028678894042969,1,6,-1
217,550,775.598876953125,0.5960584878921509,334.415771484375,1078.5850830078125,0.7981507778167725,1,6,-1
218,550,771.8197021484375,1.0760254859924316,336.5814208984375,1078.091552734375,0.7975323796272278,1,6,-1
219,550,765.927001953125,0.40811407566070557,341.6217041015625,1078.9517822265625,0.7873997092247009,1,6,-1
220,550,756.9400024414062,0.0,349.31488037109375,1079.1685791015625,0.781509518623352,1,6,-1
221,550,747.1952514648438,0.0,356.48663330078125,1079.1934814453125,0.7215844392776489,1,6,-1
222,550,736.5347290039062,0.0,362.86871337890625,1079.38720703125,0.7346130609512329,1,6,-1
223,550,723.4342041015625,0.0,370.2154541015625,1079.4510498046875,0.7742971777915955,1,6,-1
224,550,714.0346069335938,0.0,373.09381103515625,1080.0,0.7631191611289978,1,6,-1
225,550,706.151123046875,0.0,374.477294921875,1080.0,0.7652066946029663,1,6,-1
226,550,698.4464721679688,0.0,376.81170654296875,1080.0,0.774004340171814,1,6,-1
