2,923,0.0,0.0706792101264,892.7060546875,520.162109375,0.6304915547370911,1,16,-1
3,923,0.0,0.018453193828463554,896.99609375,532.9778442382812,0.6642205119132996,1,16,-1
4,923,0.0,0.0,902.22998046875,552.5584716796875,0.5349633097648621,1,16,-1
6,923,0.39844974875450134,0.7518840432167053,905.38671875,563.8468017578125,0.5879749655723572,1,16,-1
7,923,0.7584582567214966,1.4164196252822876,906.3978271484375,568.2843627929688,0.5241209268569946,1,16,-1
8,923,0.8958618640899658,0.9024044871330261,907.43310546875,575.9998779296875,0.5701747536659241,1,16,-1
9,923,0.931461751461029,1.1978098154067993,908.3231811523438,575.9957885742188,0.5341284275054932,1,16,-1
10,923,1.4584826231002808,0.9933002591133118,908.838134765625,585.0103149414062,0.5121847987174988,1,16,-1
11,923,1.1494563817977905,1.037480354309082,909.9686279296875,588.6238403320312,0.537050187587738,1,16,-1
12,923,1.341368317604065,0.708544909954071,908.4019775390625,591.3982543945312,0.5669755935668945,1,16,-1
19,923,0.0,0.36220550537109375,906.87255859375,573.312744140625,0.6040686964988708,1,16,-1
20,923,0.0,0.400577187538147,904.26953125,572.432373046875,0.591743528842926,1,16,-1
21,923,0.0,1.0573087930679321,903.7293701171875,581.524658203125,0.5130521059036255,1,16,-1
22,923,0.0,0.6644772887229919,902.253662109375,586.2018432617188,0.6722663640975952,1,16,-1
24,923,0.0,1.1162303686141968,890.8079223632812,586.3870239257812,0.5524352788925171,1,16,-1
27,923,0.0,0.6608275771141052,879.943603515625,596.2627563476562,0.5661409497261047,1,16,-1
28,923,0.0,0.8594779968261719,875.9449462890625,595.5992431640625,0.5241730809211731,1,16,-1
30,923,0.0,0.6899820566177368,869.6619873046875,590.8247680664062,0.5132833123207092,1,16,-1
31,923,0.0,0.7006861567497253,867.6456909179688,588.7454833984375,0.5733671188354492,1,16,-1
33,923,0.0,0.696572482585907,864.2068481445312,587.41064453125,0.5649643540382385,1,16,-1
35,923,0.0,0.3450305163860321,859.4201049804688,594.1456298828125,0.5003658533096313,1,16,-1
44,923,0.0,0.0,853.2469482421875,609.3248291015625,0.5024259090423584,1,16,-1
45,923,0.0,0.0,853.4635009765625,607.2081909179688,0.5773366689682007,1,16,-1
46,923,0.0,0.0,854.08837890625,607.5732421875,0.5183272361755371,1,16,-1
68,923,0.0,0.0,833.7291870117188,590.0291137695312,0.5543476939201355,1,16,-1
71,923,0.0,0.0,829.974853515625,582.2162475585938,0.6485621929168701,1,16,-1
72,923,0.0,0.0,829.1669311523438,571.7179565429688,0.5641016364097595,1,16,-1
73,923,0.0,0.0,829.5853881835938,580.6068725585938,0.6024070382118225,1,16,-1
74,923,0.0,0.0,829.12109375,577.0709838867188,0.6717339754104614,1,16,-1
75,923,0.0,0.0,828.5985717773438,573.8587646484375,0.6039441823959351,1,16,-1
76,923,0.0,0.0,827.5068969726562,562.7957763671875,0.5316424369812012,1,16,-1
80,923,0.0,0.0,827.120361328125,546.2152099609375,0.5126240849494934,1,16,-1
84,923,0.0,0.0,822.7353515625,529.0424194335938,0.6669803857803345,1,16,-1
87,923,0.0,0.0,823.694091796875,546.8048706054688,0.5804515480995178,1,16,-1
137,925,0.0,1.33216392993927,822.0714111328125,564.9898681640625,0.5556396245956421,1,16,-1
138,925,0.0,0.43858492374420166,821.0991821289062,569.4462280273438,0.5698933005332947,1,16,-1
139,925,0.0,0.0,822.9935302734375,570.0092163085938,0.515426754951477,1,16,-1
140,925,0.0,1.0550711154937744,822.4008178710938,565.9176025390625,0.5054820775985718,1,16,-1
142,925,0.0,0.0,823.9666748046875,578.267822265625,0.5681549310684204,1,16,-1
143,925,0.0,0.04119248315691948,825.3389892578125,581.9334716796875,0.6214922070503235,1,16,-1
144,925,0.0,0.5167247653007507,825.6187133789062,580.2034301757812,0.6507645845413208,1,16,-1
145,925,0.0,0.3482428193092346,825.108642578125,578.8056030273438,0.7028282284736633,1,16,-1
146,925,0.0,0.15480192005634308,825.7085571289062,582.1260375976562,0.768686056137085,1,16,-1
147,925,0.0,0.5633576512336731,826.1919555664062,583.21484375,0.6523597836494446,1,16,-1
