95,411,1542.4427490234375,902.4489135742188,100.548583984375,173.76470947265625,0.5352637767791748,1,23,-1
96,411,1543.163818359375,906.1245727539062,99.701416015625,170.56390380859375,0.5621720552444458,1,23,-1
120,413,1602.7447509765625,962.6248168945312,66.3995361328125,110.27215576171875,0.6598518490791321,1,23,-1
123,414,1276.5076904296875,538.7677001953125,118.841552734375,132.88018798828125,0.5983103513717651,1,21,-1
123,413,1605.8037109375,970.2607421875,68.201904296875,104.781005859375,0.6306043267250061,1,23,-1
124,414,1276.8138427734375,538.1295166015625,118.6990966796875,135.8507080078125,0.634204626083374,1,21,-1
124,413,1607.40087890625,971.9583129882812,71.1903076171875,102.82843017578125,0.5090822577476501,1,23,-1
125,414,1276.9691162109375,538.2518310546875,119.941162109375,137.5093994140625,0.5769160985946655,1,21,-1
125,413,1609.0770263671875,974.5686645507812,74.064208984375,100.87591552734375,0.5966617465019226,1,23,-1
126,414,1277.024658203125,538.3424072265625,120.674072265625,136.6485595703125,0.6538382768630981,1,21,-1
127,414,1277.1397705078125,537.0213623046875,121.0487060546875,137.9127197265625,0.6087546348571777,1,21,-1
128,414,1277.261962890625,536.8359985351562,121.4549560546875,137.03265380859375,0.5825803279876709,1,21,-1
130,414,1277.651611328125,536.7579345703125,123.032470703125,134.41497802734375,0.5431011319160461,1,21,-1
131,414,1277.9947509765625,535.4918212890625,123.3001708984375,134.04559326171875,0.5312796831130981,1,21,-1
134,414,1278.64599609375,532.6162109375,124.05078125,133.9442138671875,0.505021870136261,1,21,-1
135,414,1277.8914794921875,529.9512939453125,124.2156982421875,135.11273193359375,0.5214130878448486,1,21,-1
136,414,1276.9481201171875,528.6760864257812,124.42138671875,134.6885986328125,0.5216096639633179,1,21,-1
137,414,1276.2177734375,527.0169677734375,125.455078125,134.515380859375,0.550687849521637,1,21,-1
141,414,1276.539794921875,515.763916015625,123.7701416015625,138.4638671875,0.5074772238731384,1,21,-1
142,418,1257.3155517578125,327.88897705078125,119.3450927734375,137.09597778320312,0.5639172196388245,1,21,-1
142,414,1276.521728515625,513.6734008789062,122.30419921875,137.28521728515625,0.5004665851593018,1,21,-1
143,418,1255.728271484375,323.95166015625,122.48876953125,137.26425170898438,0.5690382719039917,1,21,-1
143,414,1275.816650390625,511.30621337890625,122.3262939453125,137.09906005859375,0.590309739112854,1,21,-1
144,418,1254.525390625,319.7135925292969,123.665771484375,138.64309692382812,0.5216487050056458,1,21,-1
146,418,1254.771728515625,315.1812744140625,123.4423828125,134.3564453125,0.7180859446525574,1,21,-1
148,414,1271.9102783203125,489.50299072265625,126.242919921875,144.2529296875,0.6612778306007385,1,21,-1
148,418,1255.1533203125,309.058837890625,122.0579833984375,134.23687744140625,0.6178547739982605,1,21,-1
149,414,1268.0181884765625,486.4606018066406,128.5133056640625,144.62826538085938,0.6351521611213684,1,21,-1
149,418,1253.8876953125,306.4283142089844,123.0635986328125,133.37356567382812,0.6319962739944458,1,21,-1
150,414,1267.329345703125,481.4238586425781,129.62353515625,146.49697875976562,0.5128329396247864,1,21,-1
150,418,1254.0931396484375,304.9442138671875,123.2933349609375,132.30661010742188,0.6379920840263367,1,21,-1
151,418,1253.896240234375,301.22601318359375,120.81201171875,130.38372802734375,0.5372106432914734,1,21,-1
152,418,1253.284423828125,295.9046936035156,119.591064453125,131.14981079101562,0.6329304575920105,1,21,-1
152,414,1266.91162109375,477.0130310058594,126.5137939453125,141.56796264648438,0.5208181142807007,1,21,-1
153,418,1251.421875,281.87091064453125,120.821533203125,140.23019409179688,0.5923097133636475,1,21,-1
154,418,1249.60791015625,274.5941467285156,121.886962890625,141.80648803710938,0.7110262513160706,1,21,-1
154,414,1262.11083984375,465.8975830078125,128.6527099609375,142.48028564453125,0.6835727691650391,1,21,-1
155,418,1247.9981689453125,263.4472961425781,122.091064453125,147.6727294921875,0.5023881793022156,1,21,-1
155,414,1260.9769287109375,461.87518310546875,129.9200439453125,143.248046875,0.5582721829414368,1,21,-1
156,418,1243.7049560546875,245.56353759765625,125.1839599609375,160.30615234375,0.6654022932052612,1,21,-1
156,414,1259.593505859375,457.82659912109375,129.9461669921875,143.41497802734375,0.5466679334640503,1,21,-1
156,413,1626.3870849609375,967.4180908203125,83.3760986328125,109.6790771484375,0.5577112436294556,1,23,-1
157,418,1240.5902099609375,237.24658203125,127.802978515625,163.70611572265625,0.6839184165000916,1,21,-1
157,414,1257.4964599609375,452.97857666015625,128.657470703125,143.384765625,0.666877806186676,1,21,-1
157,413,1627.152587890625,965.00244140625,82.96630859375,111.290283203125,0.5742765665054321,1,23,-1
158,413,1627.0283203125,963.2265625,83.0362548828125,112.4451904296875,0.6940951943397522,1,23,-1
159,413,1627.303466796875,961.97705078125,82.94189453125,114.1669921875,0.7296151518821716,1,23,-1
159,418,1241.734619140625,236.3395538330078,123.294189453125,155.2198028564453,0.539899468421936,1,21,-1
159,414,1254.837646484375,441.4938049316406,128.7259521484375,147.24307250976562,0.7615180611610413,1,21,-1
160,413,1629.793212890625,960.1483764648438,82.2225341796875,116.40936279296875,0.7457818388938904,1,23,-1
160,414,1253.158203125,436.8240051269531,129.618408203125,147.40444946289062,0.8510366678237915,1,21,-1
161,413,1631.7158203125,959.3510131835938,81.2364501953125,118.01824951171875,0.7460172176361084,1,23,-1
161,414,1251.34619140625,433.7411193847656,131.5830078125,147.38937377929688,0.773510217666626,1,21,-1
162,413,1631.2388916015625,959.9047241210938,84.083251953125,118.27459716796875,0.7311139106750488,1,23,-1
162,414,1249.4630126953125,431.39337158203125,133.8072509765625,148.18939208984375,0.7742156386375427,1,21,-1
163,413,1628.807861328125,960.3062744140625,88.3848876953125,118.415771484375,0.7597986459732056,1,23,-1
163,414,1247.7003173828125,430.01239013671875,134.1119384765625,146.29888916015625,0.7867118120193481,1,21,-1
164,413,1630.71533203125,961.7396240234375,87.60888671875,116.8885498046875,0.7088006734848022,1,23,-1
164,414,1245.272216796875,428.2816162109375,135.6888427734375,146.157958984375,0.7514528036117554,1,21,-1
165,413,1635.1475830078125,963.888671875,85.6451416015625,114.5672607421875,0.6410241723060608,1,23,-1
165,414,1243.675537109375,425.62811279296875,135.8682861328125,148.02642822265625,0.7454812526702881,1,21,-1
166,413,1636.7198486328125,966.1771240234375,87.75634765625,112.771728515625,0.6592292785644531,1,23,-1
166,414,1242.0849609375,424.9473876953125,137.2078857421875,146.38385009765625,0.6304527521133423,1,21,-1
167,413,1635.818359375,967.6194458007812,92.046142578125,110.64605712890625,0.6385353207588196,1,23,-1
167,414,1241.93115234375,424.5877380371094,136.699462890625,146.07522583007812,0.6299124956130981,1,21,-1
168,413,1638.02880859375,970.07177734375,94.890869140625,109.184326171875,0.6768760681152344,1,23,-1
168,414,1241.20068359375,423.5604248046875,136.3687744140625,146.9139404296875,0.687487781047821,1,21,-1
169,414,1241.431396484375,423.1409912109375,136.1676025390625,149.18701171875,0.7395376563072205,1,21,-1
170,414,1241.825927734375,423.5540771484375,136.383056640625,149.7169189453125,0.7121555209159851,1,21,-1
171,414,1241.7449951171875,423.61456298828125,136.546630859375,150.71746826171875,0.7923569083213806,1,21,-1
171,413,1658.1370849609375,983.9721069335938,90.5194091796875,95.09417724609375,0.5130950212478638,1,23,-1
172,414,1241.1373291015625,424.0307312011719,137.203125,151.29550170898438,0.6872662901878357,1,21,-1
172,413,1664.1282958984375,988.212158203125,90.4964599609375,90.251953125,0.6102234721183777,1,23,-1
173,414,1241.18603515625,425.0352478027344,138.251953125,151.41970825195312,0.7005676031112671,1,21,-1
174,414,1241.3634033203125,426.18988037109375,139.0125732421875,153.2716064453125,0.7440102696418762,1,21,-1
175,414,1241.98828125,428.4669189453125,138.8182373046875,153.04534912109375,0.8162685036659241,1,21,-1
176,414,1241.4300537109375,429.5601806640625,140.19287109375,154.563232421875,0.757342517375946,1,21,-1
177,414,1241.904296875,430.2665710449219,141.037841796875,155.21359252929688,0.7996376156806946,1,21,-1
178,414,1241.960205078125,431.9180603027344,141.365234375,154.87106323242188,0.8396440148353577,1,21,-1
179,414,1242.4306640625,432.7537536621094,142.1444091796875,155.91757202148438,0.8162201046943665,1,21,-1
180,414,1242.2801513671875,434.4608154296875,142.88330078125,155.46826171875,0.8261700868606567,1,21,-1
181,414,1243.43505859375,435.77252197265625,142.626708984375,156.65179443359375,0.7823389768600464,1,21,-1
182,414,1244.8687744140625,436.8011474609375,140.227294921875,157.5242919921875,0.8122497200965881,1,21,-1
183,414,1245.955078125,437.9523010253906,141.813232421875,160.57290649414062,0.6580855846405029,1,21,-1
184,414,1246.307373046875,438.9275207519531,142.802490234375,162.81521606445312,0.5247064828872681,1,21,-1
185,414,1248.4534912109375,441.2550964355469,141.3565673828125,163.37918090820312,0.6362100839614868,1,21,-1
186,414,1250.126220703125,442.55712890625,140.69482421875,162.8221435546875,0.7017286419868469,1,21,-1
187,414,1251.1170654296875,444.6382141113281,139.74462890625,128.00381469726562,0.6369898319244385,1,21,-1
187,418,1237.3343505859375,254.9027099609375,137.402587890625,139.38223266601562,0.5374947190284729,1,21,-1
189,414,1251.720947265625,449.0623779296875,142.9417724609375,155.50653076171875,0.5583792328834534,1,21,-1
190,422,304.1107177734375,741.0802612304688,122.0277099609375,183.51983642578125,0.6361666321754456,1,23,-1
190,418,1241.5958251953125,202.46998596191406,137.9459228515625,197.3959503173828,0.5666284561157227,1,21,-1
191,422,296.40625,742.8743286132812,127.96945190429688,186.21099853515625,0.6170467138290405,1,23,-1
192,422,290.23858642578125,747.203125,128.78976440429688,185.64398193359375,0.7366487979888916,1,23,-1
193,422,284.15338134765625,746.3841552734375,129.84024047851562,190.63763427734375,0.7910566329956055,1,23,-1
194,422,279.10357666015625,750.037353515625,128.04766845703125,191.3963623046875,0.8320379257202148,1,23,-1
195,422,273.8774719238281,753.119873046875,125.74545288085938,193.98541259765625,0.833571195602417,1,23,-1
196,422,266.8236999511719,755.6880493164062,126.86929321289062,194.2430419921875,0.8471047282218933,1,23,-1
197,422,258.8840026855469,757.1141967773438,129.34683227539062,196.4991455078125,0.8712981939315796,1,23,-1
198,422,252.33143615722656,757.7105102539062,133.4883575439453,198.16375732421875,0.882949948310852,1,23,-1
199,422,244.14877319335938,760.1925048828125,137.88885498046875,199.83416748046875,0.8008164763450623,1,23,-1
200,422,237.70713806152344,761.401611328125,141.73597717285156,203.67950439453125,0.8558120131492615,1,23,-1
201,422,232.04605102539062,764.2701416015625,140.59066772460938,205.613037109375,0.8757237792015076,1,23,-1
202,422,226.93446350097656,764.958740234375,143.38621520996094,209.07318115234375,0.8754473328590393,1,23,-1
203,422,222.99664306640625,768.14990234375,140.99371337890625,209.802978515625,0.7756363749504089,1,23,-1
204,422,216.6704864501953,769.460693359375,141.7209930419922,209.35174560546875,0.7914527654647827,1,23,-1
204,418,1252.9619140625,227.2770233154297,136.565185546875,173.6657257080078,0.5832708477973938,1,21,-1
205,422,210.86297607421875,767.9053955078125,144.21127319335938,212.0380859375,0.8754851222038269,1,23,-1
205,418,1251.20458984375,225.1280059814453,139.690185546875,174.3517608642578,0.555820882320404,1,21,-1
