21,1,224.9357452392578,193.53860473632812,69.12141418457031,89.78549194335938,0.5766907334327698,1,21,-1
22,1,222.0362548828125,188.9925994873047,70.24197387695312,88.65946960449219,0.6048409342765808,1,21,-1
23,1,218.50048828125,185.06185913085938,71.11984252929688,87.16336059570312,0.7286773920059204,1,21,-1
24,1,212.8203582763672,180.42529296875,70.30720520019531,92.22564697265625,0.586527943611145,1,21,-1
25,1,204.67041015625,174.48793029785156,73.138671875,96.78108215332031,0.6492084264755249,1,21,-1
30,1,184.9832305908203,156.44357299804688,75.11045837402344,84.61698913574219,0.5529100894927979,1,21,-1
33,1,174.97206115722656,147.00112915039062,75.59945678710938,85.56011962890625,0.5463500618934631,1,21,-1
34,1,173.35665893554688,142.58154296875,75.86123657226562,88.4932861328125,0.5835545063018799,1,21,-1
216,2,160.03659057617188,130.5843963623047,73.49526977539062,88.37364196777344,0.5812295079231262,1,21,-1
229,3,861.3743286132812,1001.6531982421875,127.6605224609375,75.72900390625,0.768104612827301,1,23,-1
230,3,859.5238647460938,998.2816162109375,129.734130859375,79.123291015625,0.8127920627593994,1,23,-1
231,3,858.6799926757812,994.3094482421875,129.757568359375,83.384033203125,0.8327401876449585,1,23,-1
232,3,857.3486328125,990.663330078125,132.0673828125,87.28271484375,0.8341891765594482,1,23,-1
233,3,856.1500854492188,988.0118408203125,134.9237060546875,90.1591796875,0.8496453762054443,1,23,-1
234,3,854.9524536132812,983.934326171875,137.2119140625,93.9451904296875,0.85690838098526,1,23,-1
235,3,855.0152587890625,980.0051879882812,136.87738037109375,97.57672119140625,0.8737586140632629,1,23,-1
236,3,854.8689575195312,976.6351928710938,136.79681396484375,100.73590087890625,0.8851715326309204,1,23,-1
237,3,855.5418701171875,972.97119140625,136.76373291015625,104.409912109375,0.8769928216934204,1,23,-1
238,3,855.9427490234375,969.0372314453125,136.30328369140625,108.3609619140625,0.8865052461624146,1,23,-1
239,3,856.1644897460938,965.7911376953125,136.7269287109375,112.03662109375,0.8918312788009644,1,23,-1
240,3,856.3890991210938,961.6116943359375,137.13336181640625,116.310302734375,0.8712983727455139,1,23,-1
241,3,856.4923095703125,957.3651733398438,137.49591064453125,120.53082275390625,0.8513534665107727,1,23,-1
242,3,856.5576782226562,953.3927001953125,138.4625244140625,124.33349609375,0.7241789698600769,1,23,-1
243,3,856.2681274414062,950.33447265625,141.5999755859375,128.1527099609375,0.6536463499069214,1,23,-1
244,3,856.4940185546875,946.9692993164062,141.680419921875,132.14056396484375,0.7733972668647766,1,23,-1
245,3,855.718994140625,943.3294067382812,142.25238037109375,136.02459716796875,0.8448473215103149,1,23,-1
246,3,856.55908203125,938.7779541015625,142.0684814453125,140.8585205078125,0.877739667892456,1,23,-1
247,3,856.5870361328125,934.2561645507812,142.85308837890625,145.22747802734375,0.7638859748840332,1,23,-1
248,3,857.60400390625,931.4498901367188,143.09722900390625,147.74871826171875,0.8004137873649597,1,23,-1
249,3,857.8506469726562,928.5347290039062,143.5272216796875,150.85479736328125,0.9184107780456543,1,23,-1
250,3,860.7244873046875,924.5534057617188,141.49468994140625,155.05877685546875,0.902207612991333,1,23,-1
251,3,861.7415771484375,921.7692260742188,141.70892333984375,158.02459716796875,0.9082460999488831,1,23,-1
252,3,864.2427368164062,916.0601806640625,140.57867431640625,163.647216796875,0.8962433934211731,1,23,-1
253,3,866.2313842773438,911.5927734375,139.96807861328125,167.722412109375,0.8953598141670227,1,23,-1
254,3,869.1004028320312,908.2664794921875,138.35552978515625,171.164794921875,0.8843287229537964,1,23,-1
255,3,871.7691040039062,904.607421875,136.76507568359375,174.9283447265625,0.9207722544670105,1,23,-1
256,3,874.2955322265625,900.5498046875,135.2391357421875,179.2305908203125,0.9229563474655151,1,23,-1
257,3,876.440673828125,897.2063598632812,135.21148681640625,182.71295166015625,0.9315870404243469,1,23,-1
258,3,879.2793579101562,893.5117797851562,133.79833984375,186.41802978515625,0.9319006204605103,1,23,-1
259,3,880.256103515625,888.8886108398438,134.62164306640625,190.99090576171875,0.9343856573104858,1,23,-1
260,3,881.2521362304688,884.1032104492188,134.64715576171875,194.31427001953125,0.9205014705657959,1,23,-1
261,3,883.8677978515625,880.7870483398438,135.205810546875,196.53717041015625,0.9277267456054688,1,23,-1
262,3,884.3701171875,876.8367309570312,135.331787109375,199.14947509765625,0.9231317639350891,1,23,-1
263,3,884.8885498046875,873.7604370117188,134.456298828125,199.97149658203125,0.9188627004623413,1,23,-1
264,3,886.2244262695312,869.7207641601562,132.69720458984375,200.23992919921875,0.9231939315795898,1,23,-1
265,3,887.1239624023438,864.8129272460938,132.13427734375,199.82293701171875,0.7796769142150879,1,23,-1
266,3,887.5639038085938,861.1500854492188,131.64190673828125,198.23992919921875,0.9045038819313049,1,23,-1
267,3,888.721923828125,857.8176879882812,130.37469482421875,195.76190185546875,0.9230090379714966,1,23,-1
268,3,888.9920043945312,854.4424438476562,129.94671630859375,193.55560302734375,0.9278920292854309,1,23,-1
269,3,889.080322265625,850.990478515625,130.28009033203125,191.0894775390625,0.9258435368537903,1,23,-1
270,3,889.3154907226562,846.2632446289062,130.12347412109375,191.11077880859375,0.8899286389350891,1,23,-1
271,3,888.975341796875,841.0957641601562,130.01324462890625,190.70855712890625,0.8329166173934937,1,23,-1
272,3,889.106689453125,837.3877563476562,130.2244873046875,189.25775146484375,0.8565738797187805,1,23,-1
273,3,889.0360717773438,834.3012084960938,130.140869140625,187.79254150390625,0.8262645602226257,1,23,-1
274,3,888.8189697265625,830.4036254882812,130.164306640625,185.30938720703125,0.8597787022590637,1,23,-1
275,3,889.3929443359375,827.4013061523438,129.10345458984375,183.037353515625,0.832575261592865,1,23,-1
276,3,888.7118530273438,824.0745239257812,129.48101806640625,180.67828369140625,0.7105731964111328,1,23,-1
277,3,888.290771484375,819.7025756835938,130.052734375,180.43994140625,0.7338862419128418,1,23,-1
279,3,888.044189453125,812.7259521484375,130.17108154296875,180.92584228515625,0.8854156732559204,1,23,-1
280,3,888.0958251953125,809.1527709960938,130.35400390625,180.2833251953125,0.8930842280387878,1,23,-1
281,3,888.5286254882812,805.7068481445312,129.859619140625,179.99365234375,0.8797480463981628,1,23,-1
282,3,888.5296630859375,802.8538208007812,129.81988525390625,177.9248046875,0.8819624781608582,1,23,-1
283,3,888.4564208984375,798.0394287109375,130.5281982421875,178.06951904296875,0.6732401251792908,1,23,-1
284,3,888.479248046875,793.78125,130.94525146484375,178.4486083984375,0.6720765829086304,1,23,-1
285,3,888.8544311523438,790.3507080078125,130.76519775390625,177.20892333984375,0.7933695912361145,1,23,-1
286,3,888.78369140625,788.3360595703125,131.01416015625,174.70465087890625,0.7318490743637085,1,23,-1
287,3,889.1387329101562,784.063720703125,130.55804443359375,175.65008544921875,0.8443405032157898,1,23,-1
288,3,889.2142333984375,781.3230590820312,130.2852783203125,174.36309814453125,0.8682171106338501,1,23,-1
