219,100,547.3253173828125,257.0791015625,127.64263916015625,146.09323120117188,0.5244641304016113,1,21,-1
223,100,541.6212768554688,244.82815551757812,133.22454833984375,151.38134765625,0.7317257523536682,1,21,-1
226,100,540.1813354492188,239.3719482421875,132.565185546875,153.31011962890625,0.5608175992965698,1,21,-1
227,102,541.3079223632812,34.55278778076172,129.38592529296875,153.96298217773438,0.6242879033088684,1,21,-1
227,100,538.5199584960938,239.6048583984375,132.976806640625,151.283447265625,0.6310607194900513,1,21,-1
228,102,538.3450927734375,33.616943359375,131.79156494140625,153.1827850341797,0.6602329611778259,1,21,-1
228,100,539.5018920898438,239.07672119140625,130.640869140625,148.66329956054688,0.6200681924819946,1,21,-1
229,102,535.3720703125,34.44950485229492,133.2039794921875,150.8030242919922,0.5471464991569519,1,21,-1
229,100,537.672607421875,238.22959899902344,132.05352783203125,149.9319305419922,0.6693403124809265,1,21,-1
230,100,536.510986328125,238.16822814941406,132.4969482421875,149.92161560058594,0.7133561372756958,1,21,-1
231,100,534.50634765625,238.932373046875,134.086669921875,148.22998046875,0.6194559931755066,1,21,-1
231,102,530.5979614257812,31.848894119262695,135.51947021484375,152.56051635742188,0.5506956577301025,1,21,-1
232,100,532.4551391601562,238.83839416503906,135.8116455078125,148.6101837158203,0.6574886441230774,1,21,-1
232,102,527.8136596679688,30.10599136352539,137.48822021484375,151.82237243652344,0.5734264850616455,1,21,-1
233,100,531.8202514648438,238.78302001953125,135.2584228515625,147.30584716796875,0.6077686548233032,1,21,-1
233,102,528.1781616210938,31.331390380859375,135.48712158203125,149.01760864257812,0.64812171459198,1,21,-1
234,100,530.3877563476562,237.47402954101562,134.94024658203125,149.056396484375,0.7693378925323486,1,21,-1
234,102,529.5165405273438,34.06849670410156,130.0213623046875,145.33987426757812,0.7038067579269409,1,21,-1
235,100,528.6974487304688,236.89535522460938,136.2225341796875,150.52243041992188,0.7976149916648865,1,21,-1
235,102,527.4435424804688,33.76081085205078,132.84307861328125,144.95327758789062,0.66861891746521,1,21,-1
236,100,527.459228515625,236.90029907226562,134.25323486328125,149.54318237304688,0.7922474145889282,1,21,-1
236,102,526.0696411132812,34.01609420776367,132.166259765625,143.6230010986328,0.6349424123764038,1,21,-1
237,100,526.615478515625,236.1622772216797,133.666015625,150.26976013183594,0.8026801347732544,1,21,-1
237,102,525.4067993164062,33.25956344604492,132.677734375,143.17074584960938,0.6350802779197693,1,21,-1
238,100,525.0337524414062,234.5354766845703,132.91094970703125,150.03114318847656,0.8079630732536316,1,21,-1
238,102,523.9577026367188,32.992183685302734,133.7772216796875,143.53367614746094,0.5047319531440735,1,21,-1
239,100,522.1988525390625,232.31797790527344,135.8702392578125,152.8001251220703,0.8279722929000854,1,21,-1
240,100,520.4475708007812,231.7211151123047,135.2781982421875,151.85093688964844,0.6237359642982483,1,21,-1
240,102,519.5306396484375,28.831085205078125,136.52044677734375,146.1566162109375,0.5197669863700867,1,21,-1
241,100,517.990234375,230.44496154785156,136.69580078125,150.5076141357422,0.6706529259681702,1,21,-1
241,102,517.0166625976562,23.875823974609375,138.7489013671875,150.03402709960938,0.514477014541626,1,21,-1
242,100,516.9154052734375,228.59120178222656,136.90850830078125,150.9239959716797,0.592341959476471,1,21,-1
242,102,513.9235229492188,17.895309448242188,140.91265869140625,155.1671142578125,0.5016825199127197,1,21,-1
