2,668,588.4962768554688,972.9188842773438,90.10919189453125,103.70697021484375,0.6744729280471802,1,23,-1
3,668,589.6661987304688,973.603271484375,90.34375,103.39697265625,0.698610246181488,1,23,-1
4,668,589.7520141601562,975.1526489257812,91.03033447265625,102.10833740234375,0.6901808977127075,1,23,-1
5,668,589.4698486328125,977.1763916015625,90.87823486328125,100.0301513671875,0.6334530115127563,1,23,-1
6,668,590.2175903320312,978.9314575195312,89.88262939453125,98.13323974609375,0.6127521991729736,1,23,-1
7,668,588.9652099609375,981.0776977539062,90.68316650390625,95.54022216796875,0.603976309299469,1,23,-1
8,668,587.8179931640625,984.0875854492188,90.934814453125,92.62420654296875,0.6143510341644287,1,23,-1
9,668,586.0597534179688,987.4144897460938,92.26953125,89.37054443359375,0.5861141085624695,1,23,-1
11,668,583.9367065429688,991.9761352539062,94.455810546875,85.36956787109375,0.5304379463195801,1,23,-1
12,668,583.4786987304688,993.0535278320312,93.41668701171875,84.55633544921875,0.5377230048179626,1,23,-1
20,670,1053.126708984375,0.2624925971031189,593.5703125,593.9105224609375,0.5948693752288818,1,12,-1
21,670,1052.7691650390625,0.07541678100824356,601.386474609375,585.7068481445312,0.6428203582763672,1,12,-1
22,670,1055.08447265625,0.4031108021736145,600.3050537109375,578.8290405273438,0.7258570790290833,1,12,-1
23,670,1051.955078125,0.3590554893016815,607.1788330078125,574.7455444335938,0.774763822555542,1,12,-1
24,670,1049.058349609375,0.5735510587692261,610.96435546875,567.6084594726562,0.7513142228126526,1,12,-1
25,670,1050.7979736328125,0.6128875017166138,610.743896484375,565.6373291015625,0.7667629718780518,1,12,-1
26,670,1049.784912109375,0.6361901164054871,614.2529296875,555.5654907226562,0.812536895275116,1,12,-1
27,670,1052.3123779296875,0.7780847549438477,611.6536865234375,557.3690185546875,0.7688625454902649,1,12,-1
28,670,1055.8492431640625,0.9789291024208069,609.156494140625,554.5783081054688,0.7562193870544434,1,12,-1
29,670,1059.7320556640625,0.9874809980392456,607.3602294921875,556.274658203125,0.7368494272232056,1,12,-1
30,670,1056.400634765625,0.4025699198246002,612.736328125,556.9510498046875,0.7831554412841797,1,12,-1
31,670,1052.82421875,0.6426870822906494,618.2799072265625,559.447021484375,0.7693406343460083,1,12,-1
32,670,1053.2313232421875,0.44515570998191833,617.303955078125,557.31103515625,0.7102386951446533,1,12,-1
32,668,578.5827026367188,996.03369140625,94.22796630859375,80.61962890625,0.5316959619522095,1,23,-1
33,670,1057.04736328125,0.39802902936935425,613.2064208984375,570.3623046875,0.696922242641449,1,12,-1
33,668,578.0032348632812,995.2581176757812,93.938720703125,81.08795166015625,0.5309317708015442,1,23,-1
34,670,1060.80712890625,0.7263550162315369,608.11279296875,559.6461791992188,0.659127950668335,1,12,-1
34,668,577.3782958984375,993.966796875,94.33935546875,82.10693359375,0.5060684084892273,1,23,-1
35,670,1057.9156494140625,0.941375195980072,610.0155029296875,549.15185546875,0.6368217468261719,1,12,-1
35,668,576.3109741210938,992.7435913085938,95.1763916015625,83.11737060546875,0.5396255850791931,1,23,-1
36,670,1054.648193359375,0.9774407744407654,612.556884765625,550.7511596679688,0.6103818416595459,1,12,-1
36,668,574.4246215820312,991.2879028320312,97.056884765625,84.52996826171875,0.5391247272491455,1,23,-1
37,670,1052.1199951171875,1.1508314609527588,615.4759521484375,548.2548828125,0.6327593922615051,1,12,-1
38,670,1051.6875,1.109155535697937,615.403076171875,551.9151000976562,0.6564956903457642,1,12,-1
38,668,573.1514892578125,986.7545166015625,95.8896484375,88.91162109375,0.5999104976654053,1,23,-1
39,670,1053.3255615234375,1.701619267463684,609.725341796875,551.6505737304688,0.7554076910018921,1,12,-1
39,668,573.6835327148438,985.029541015625,96.14752197265625,90.6068115234375,0.5975374579429626,1,23,-1
40,670,1051.61181640625,1.3952271938323975,607.501953125,548.56640625,0.7632979154586792,1,12,-1
40,668,574.192138671875,983.9993896484375,95.9091796875,91.8046875,0.6296565532684326,1,23,-1
41,670,1051.9024658203125,1.6987172365188599,603.904541015625,552.2073974609375,0.5268981456756592,1,12,-1
41,668,574.7079467773438,981.95947265625,95.58660888671875,93.6776123046875,0.566922128200531,1,23,-1
42,670,1053.7510986328125,1.4451904296875,599.8192138671875,553.0347900390625,0.6641286015510559,1,12,-1
42,668,575.385498046875,980.2259521484375,95.83306884765625,95.701416015625,0.61717289686203,1,23,-1
43,670,1052.9486083984375,1.4351881742477417,601.20751953125,561.9089965820312,0.6035140752792358,1,12,-1
43,668,575.44384765625,979.5684204101562,96.518310546875,96.40899658203125,0.6457870602607727,1,23,-1
44,668,575.745361328125,978.43115234375,95.806884765625,97.7196044921875,0.629935622215271,1,23,-1
45,668,575.6182861328125,976.171142578125,95.9180908203125,100.2437744140625,0.7037221193313599,1,23,-1
46,668,575.5477905273438,973.9964599609375,95.3507080078125,102.69970703125,0.7490013241767883,1,23,-1
47,668,575.0424194335938,971.8515625,95.80108642578125,105.0504150390625,0.720885694026947,1,23,-1
48,668,574.4619750976562,969.6858520507812,95.4923095703125,107.37432861328125,0.7260463833808899,1,23,-1
49,668,574.5589599609375,968.3811645507812,94.46734619140625,108.97174072265625,0.7223483920097351,1,23,-1
50,668,574.03564453125,966.992431640625,94.970947265625,110.3375244140625,0.5700438618659973,1,23,-1
51,668,572.3048095703125,965.55908203125,95.54766845703125,111.9296875,0.652765154838562,1,23,-1
52,668,571.8971557617188,963.8726196289062,94.594482421875,113.63958740234375,0.6468415260314941,1,23,-1
53,668,571.8392333984375,963.0972900390625,93.379150390625,115.0345458984375,0.6796437501907349,1,23,-1
54,668,571.2428588867188,961.9400024414062,93.89697265625,116.05816650390625,0.6168702244758606,1,23,-1
55,668,570.6814575195312,960.7164306640625,94.55718994140625,117.2757568359375,0.6722503900527954,1,23,-1
56,668,570.151611328125,959.8564453125,95.77935791015625,118.36865234375,0.7147542238235474,1,23,-1
57,668,569.7551879882812,959.0708618164062,95.90863037109375,119.29925537109375,0.7022081017494202,1,23,-1
58,668,569.1595458984375,958.8192138671875,96.5030517578125,119.298583984375,0.6667324900627136,1,23,-1
59,668,568.5966796875,958.4863891601562,97.23785400390625,119.35589599609375,0.6873166561126709,1,23,-1
60,668,566.8178100585938,958.5673828125,98.29718017578125,119.4410400390625,0.6807438731193542,1,23,-1
61,668,565.5947265625,958.1056518554688,99.80828857421875,119.88641357421875,0.7214418053627014,1,23,-1
62,668,564.5460815429688,959.4196166992188,100.96734619140625,118.48028564453125,0.734777569770813,1,23,-1
63,668,564.1246337890625,962.3157958984375,100.5029296875,115.953857421875,0.7520632147789001,1,23,-1
64,668,563.410400390625,963.652587890625,99.885986328125,114.3314208984375,0.7168748378753662,1,23,-1
65,668,562.115234375,965.56884765625,99.58038330078125,112.5235595703125,0.7510908842086792,1,23,-1
66,668,561.3457641601562,968.3917846679688,99.57672119140625,109.62091064453125,0.7778034806251526,1,23,-1
67,668,559.448486328125,971.2885131835938,101.66351318359375,106.87591552734375,0.7713197469711304,1,23,-1
68,668,558.2286376953125,975.638427734375,100.69049072265625,102.52783203125,0.7738535404205322,1,23,-1
69,668,556.8673706054688,979.023193359375,101.32354736328125,98.9608154296875,0.7615095376968384,1,23,-1
70,668,554.94775390625,981.1740112304688,102.42608642578125,96.72015380859375,0.799831211566925,1,23,-1
71,668,554.3078002929688,983.6968383789062,102.53533935546875,93.96392822265625,0.7423391342163086,1,23,-1
72,668,551.3651123046875,986.442626953125,105.43701171875,91.3251953125,0.7220081686973572,1,23,-1
73,668,550.3343505859375,990.20703125,105.90252685546875,87.3857421875,0.6427942514419556,1,23,-1
74,668,548.8530883789062,993.421142578125,106.53546142578125,84.1417236328125,0.7214702367782593,1,23,-1
75,668,547.7070922851562,995.6453857421875,105.55963134765625,82.173095703125,0.625295102596283,1,23,-1
76,668,545.57470703125,997.583740234375,105.1446533203125,80.2327880859375,0.6184136271476746,1,23,-1
77,668,542.2130737304688,1000.7842407226562,108.51715087890625,76.97308349609375,0.6642704606056213,1,23,-1
78,668,538.19091796875,1002.42919921875,109.37908935546875,75.7672119140625,0.5426576137542725,1,23,-1
79,668,534.6323852539062,1004.21337890625,108.19439697265625,74.1868896484375,0.5846109390258789,1,23,-1
81,668,527.5321044921875,1007.57861328125,107.19970703125,70.941162109375,0.593054473400116,1,23,-1
87,668,510.2415466308594,1018.8463134765625,104.65023803710938,60.0943603515625,0.5314432978630066,1,23,-1
