79,736,437.07452392578125,1.9995336532592773,146.9407958984375,121.95201873779297,0.6962028741836548,1,21,-1
80,736,435.579833984375,1.943814992904663,149.56103515625,122.21199035644531,0.7099475264549255,1,21,-1
81,736,437.6869812011719,1.8517582416534424,147.42672729492188,122.60955810546875,0.6908524632453918,1,21,-1
82,736,439.2915954589844,1.7451941967010498,148.51522827148438,123.14895629882812,0.5385040640830994,1,21,-1
84,736,445.00408935546875,1.546603798866272,146.52301025390625,124.39939880371094,0.6080041527748108,1,21,-1
87,736,440.9054260253906,2.0262746810913086,151.37918090820312,123.85401153564453,0.7171970009803772,1,21,-1
88,736,440.1092224121094,2.238406181335449,151.72042846679688,123.51005554199219,0.6715633273124695,1,21,-1
91,736,445.2734069824219,1.8244125843048096,145.04641723632812,122.46067810058594,0.6280285120010376,1,21,-1
92,736,440.93194580078125,1.8787627220153809,148.71673583984375,122.73555755615234,0.5942533016204834,1,21,-1
93,736,437.9027099609375,1.95901620388031,148.7506103515625,122.80802154541016,0.6726304292678833,1,21,-1
94,736,436.85595703125,2.151519298553467,148.3819580078125,121.96105194091797,0.7847518920898438,1,21,-1
95,736,434.2293395996094,1.8302134275436401,150.90481567382812,122.66461181640625,0.6954765915870667,1,21,-1
96,736,433.4368896484375,1.7414844036102295,150.3126220703125,122.92342376708984,0.626405656337738,1,21,-1
111,736,436.1968078613281,0.0,155.23202514648438,108.20040130615234,0.7733007073402405,1,21,-1
328,738,761.4666748046875,106.05095672607422,149.14068603515625,168.65005493164062,0.7324937582015991,1,21,-1
329,738,763.417724609375,110.40037536621094,147.38592529296875,167.8692169189453,0.7447261214256287,1,21,-1
330,738,764.292724609375,116.29743194580078,145.444091796875,165.99191284179688,0.7360103726387024,1,21,-1
331,738,760.7341918945312,118.7326431274414,146.8258056640625,167.76266479492188,0.7598905563354492,1,21,-1
332,738,761.9326171875,124.44192504882812,147.061767578125,167.74261474609375,0.6308388710021973,1,21,-1
334,738,760.9108276367188,130.1885528564453,147.739013671875,170.58656311035156,0.520940899848938,1,21,-1
336,738,763.1555786132812,139.6080780029297,146.89312744140625,169.0316619873047,0.5967597961425781,1,21,-1
337,738,764.8862915039062,142.96231079101562,146.55755615234375,170.08120727539062,0.6788954138755798,1,21,-1
343,738,776.3485107421875,166.374267578125,146.1708984375,168.2462158203125,0.7353299260139465,1,21,-1
344,738,777.5038452148438,169.3743438720703,148.36688232421875,169.55860900878906,0.5104790925979614,1,21,-1
346,738,780.8456420898438,174.8924102783203,151.76806640625,169.25160217285156,0.5706509947776794,1,21,-1
348,738,786.3530883789062,177.976318359375,150.34808349609375,169.02322387695312,0.5035416483879089,1,21,-1
349,738,788.714599609375,178.10748291015625,151.8309326171875,170.56494140625,0.6092066168785095,1,21,-1
350,738,790.539794921875,178.46282958984375,152.01934814453125,170.24972534179688,0.7638488411903381,1,21,-1
351,738,793.6273803710938,179.25747680664062,151.32440185546875,169.41812133789062,0.7916064262390137,1,21,-1
352,738,796.1721801757812,178.23846435546875,151.010009765625,171.30642700195312,0.6884598135948181,1,21,-1
353,738,798.0584716796875,178.09730529785156,151.18853759765625,170.36399841308594,0.688727080821991,1,21,-1
353,739,1499.24658203125,0.7003281712532043,211.7418212890625,149.48297119140625,0.6164049506187439,1,18,-1
354,738,800.1194458007812,178.65419006347656,152.4493408203125,169.4984893798828,0.7345691919326782,1,21,-1
354,739,1507.3043212890625,0.32615700364112854,210.022705078125,149.6961212158203,0.708211362361908,1,18,-1
355,738,801.9605712890625,177.04615783691406,152.9527587890625,169.26148986816406,0.7713290452957153,1,21,-1
355,739,1505.98583984375,0.8243502378463745,213.4595947265625,152.56385803222656,0.6454997062683105,1,18,-1
356,738,805.151123046875,175.51348876953125,152.84039306640625,169.42727661132812,0.7736771106719971,1,21,-1
356,739,1509.5791015625,0.5085527300834656,214.6689453125,155.65023803710938,0.595758318901062,1,18,-1
357,738,806.8082275390625,174.7914276123047,153.18292236328125,169.31739807128906,0.6654632091522217,1,21,-1
357,739,1521.368408203125,0.3519485294818878,205.9808349609375,149.1896514892578,0.6313757300376892,1,18,-1
358,738,810.0655517578125,174.24960327148438,152.2159423828125,168.74362182617188,0.7350536584854126,1,21,-1
358,739,1526.70654296875,0.61795973777771,202.5394287109375,148.7595977783203,0.6366865038871765,1,18,-1
359,738,813.3638916015625,173.3037872314453,150.49908447265625,168.36009216308594,0.7710844874382019,1,21,-1
359,739,1528.6484375,0.8554786443710327,202.8076171875,149.59217834472656,0.6568184494972229,1,18,-1
360,738,817.3751220703125,172.3073272705078,148.979248046875,168.4788055419922,0.616719663143158,1,21,-1
360,739,1531.4296875,0.8283041715621948,202.8814697265625,148.9003448486328,0.6512749791145325,1,18,-1
361,738,820.2637329101562,169.4669189453125,148.03106689453125,170.45883178710938,0.676537036895752,1,21,-1
362,738,822.7033081054688,168.76004028320312,149.5552978515625,170.78298950195312,0.5817930102348328,1,21,-1
363,738,824.79052734375,165.8558807373047,149.22149658203125,173.8538055419922,0.741601288318634,1,21,-1
364,738,827.9739990234375,165.99285888671875,148.64544677734375,171.70504760742188,0.7871889472007751,1,21,-1
365,738,831.446044921875,165.37733459472656,149.38525390625,173.2562713623047,0.6931197047233582,1,21,-1
366,738,833.1666259765625,164.7639923095703,150.48016357421875,174.23402404785156,0.6338439583778381,1,21,-1
366,739,1558.551025390625,1.1776304244995117,189.8326416015625,126.15540313720703,0.507073700428009,1,18,-1
367,738,836.0883178710938,164.15000915527344,149.9383544921875,174.15052795410156,0.7229159474372864,1,21,-1
367,739,1557.228271484375,1.7979992628097534,190.413330078125,130.75851440429688,0.5507951974868774,1,18,-1
368,738,838.13037109375,164.1915740966797,150.660888671875,173.5970916748047,0.8249258995056152,1,21,-1
368,739,1555.6080322265625,2.2668612003326416,195.4598388671875,136.64865112304688,0.5024494528770447,1,18,-1
369,738,841.57958984375,165.05458068847656,149.0819091796875,172.6899871826172,0.8305472731590271,1,21,-1
370,738,845.1746826171875,165.9097442626953,148.5302734375,172.09620666503906,0.8262455463409424,1,21,-1
371,738,848.4824829101562,166.3274688720703,146.77655029296875,172.31666564941406,0.8328771591186523,1,21,-1
372,738,849.658447265625,167.13742065429688,148.55499267578125,172.34991455078125,0.824487030506134,1,21,-1
373,738,851.3002319335938,168.02244567871094,148.361083984375,171.4469757080078,0.8236489295959473,1,21,-1
373,739,1571.5947265625,2.050224781036377,198.268310546875,133.44580078125,0.5225733518600464,1,18,-1
374,738,853.499267578125,169.7552947998047,147.69122314453125,170.1428985595703,0.8446201086044312,1,21,-1
375,738,855.4435424804688,171.05552673339844,149.10797119140625,169.7079620361328,0.8235000371932983,1,21,-1
376,738,857.0552978515625,172.2536163330078,149.11785888671875,169.44435119628906,0.7695614099502563,1,21,-1
376,739,1579.4464111328125,1.4833111763000488,202.172607421875,128.2799072265625,0.5194351673126221,1,18,-1
377,738,859.9774780273438,172.85003662109375,148.46588134765625,168.67288208007812,0.8489896059036255,1,21,-1
378,738,863.2449951171875,173.80621337890625,146.89788818359375,169.66616821289062,0.8019105195999146,1,21,-1
378,739,1580.189208984375,1.3835506439208984,205.99951171875,130.61587524414062,0.5160950422286987,1,18,-1
379,738,866.6092529296875,173.18748474121094,146.689208984375,170.62705993652344,0.7972469925880432,1,21,-1
380,738,869.08544921875,173.7027587890625,146.89666748046875,170.83935546875,0.7141951322555542,1,21,-1
381,738,871.1660766601562,173.79022216796875,150.01849365234375,171.37579345703125,0.7254032492637634,1,21,-1
382,738,874.1026000976562,174.3657684326172,152.04180908203125,171.4490509033203,0.6241461038589478,1,21,-1
383,738,877.7927856445312,173.78228759765625,152.28204345703125,172.2081298828125,0.6353744864463806,1,21,-1
384,738,881.1277465820312,174.9971466064453,151.10943603515625,171.3108673095703,0.6781540513038635,1,21,-1
385,738,883.6707763671875,174.2814178466797,150.8299560546875,170.79234313964844,0.7847860455513,1,21,-1
386,738,885.2371826171875,173.86647033691406,150.97705078125,170.7580108642578,0.811163604259491,1,21,-1
387,738,886.4652709960938,173.8706512451172,150.65802001953125,171.6728973388672,0.7815695405006409,1,21,-1
388,738,887.8162841796875,174.890380859375,150.172119140625,171.99945068359375,0.7717116475105286,1,21,-1
389,738,888.2572021484375,176.07070922851562,149.4462890625,172.02301025390625,0.8014430403709412,1,21,-1
390,738,889.4074096679688,177.50758361816406,148.04547119140625,172.30873107910156,0.7867415547370911,1,21,-1
391,738,890.2608032226562,178.43997192382812,148.50811767578125,172.4969482421875,0.772240400314331,1,21,-1
392,738,890.4220581054688,180.55172729492188,149.41156005859375,171.60476684570312,0.7608643174171448,1,21,-1
393,738,890.8369750976562,182.8195343017578,149.68316650390625,170.74644470214844,0.7679917216300964,1,21,-1
394,738,890.8089599609375,184.36349487304688,149.882568359375,170.44094848632812,0.8373848795890808,1,21,-1
394,741,1564.6085205078125,695.1438598632812,167.2960205078125,384.53265380859375,0.6455049514770508,1,23,-1
394,742,50.44011306762695,1.4641931056976318,217.41514587402344,137.7889404296875,0.5009233951568604,1,18,-1
395,738,891.9431762695312,185.69300842285156,149.35064697265625,172.13563537597656,0.8403297662734985,1,21,-1
395,741,1564.740478515625,701.2575073242188,167.732421875,378.74249267578125,0.7066356539726257,1,23,-1
395,742,48.61198043823242,1.206506371498108,224.3567657470703,144.0926971435547,0.5662614703178406,1,18,-1
396,738,892.9627685546875,187.58778381347656,147.426513671875,173.1848602294922,0.8358449935913086,1,21,-1
396,741,1566.8614501953125,707.503173828125,167.5120849609375,372.022705078125,0.7478933334350586,1,23,-1
396,742,47.81935501098633,1.3273051977157593,227.12831115722656,146.47134399414062,0.5044609308242798,1,18,-1
397,738,894.2072143554688,189.56961059570312,146.55645751953125,173.19061279296875,0.849603533744812,1,21,-1
397,741,1570.0560302734375,715.732666015625,164.3836669921875,363.90869140625,0.8267755508422852,1,23,-1
398,738,894.5343627929688,190.7198944091797,146.50323486328125,173.9044952392578,0.8520979881286621,1,21,-1
398,741,1572.655029296875,723.2428588867188,163.5511474609375,355.57696533203125,0.7278009057044983,1,23,-1
399,738,894.3007202148438,193.35934448242188,147.76751708984375,172.77023315429688,0.8314550518989563,1,21,-1
399,741,1576.1168212890625,730.8546752929688,160.82763671875,347.35955810546875,0.7976413369178772,1,23,-1
400,738,895.7614135742188,196.75753784179688,146.49786376953125,170.386962890625,0.842090368270874,1,21,-1
400,741,1580.6876220703125,737.39892578125,156.5799560546875,341.07470703125,0.8287972807884216,1,23,-1
401,738,896.3920288085938,199.0221405029297,146.28704833984375,170.9832305908203,0.8412034511566162,1,21,-1
401,741,1584.38525390625,743.4552001953125,152.8935546875,335.3359375,0.8041235208511353,1,23,-1
401,742,39.3377799987793,1.752609372138977,243.31214904785156,160.81471252441406,0.5657774209976196,1,18,-1
402,738,896.825927734375,202.25973510742188,147.7286376953125,168.98052978515625,0.8358179330825806,1,21,-1
403,738,897.5985107421875,205.5725860595703,148.1331787109375,168.2379913330078,0.8583921194076538,1,21,-1
403,741,1588.280029296875,757.393798828125,148.5389404296875,322.606201171875,0.826906681060791,1,23,-1
403,742,36.33339309692383,2.1291825771331787,247.8371124267578,162.1382598876953,0.5913181304931641,1,18,-1
404,738,899.290771484375,208.64939880371094,147.6490478515625,167.02146911621094,0.8481622338294983,1,21,-1
404,742,33.81281661987305,2.4088873863220215,255.7105255126953,163.177978515625,0.5333184003829956,1,18,-1
405,738,898.46533203125,212.287353515625,147.9761962890625,167.04507446289062,0.8548616766929626,1,21,-1
405,742,31.4283504486084,2.392556667327881,254.99203491210938,160.78463745117188,0.5281020998954773,1,18,-1
405,741,1589.209716796875,773.0468139648438,150.5411376953125,306.95318603515625,0.8601731657981873,1,23,-1
406,738,897.361572265625,215.26622009277344,149.3577880859375,168.9090118408203,0.8156734108924866,1,21,-1
406,741,1590.2388916015625,781.0142822265625,150.5513916015625,298.9857177734375,0.8636273145675659,1,23,-1
407,738,897.5540161132812,218.2631072998047,147.99224853515625,169.20265197753906,0.8340626955032349,1,21,-1
407,741,1591.5013427734375,787.2098999023438,150.3939208984375,292.79010009765625,0.8828868269920349,1,23,-1
407,742,20.5523738861084,2.4068286418914795,268.81097412109375,170.2928009033203,0.5037238001823425,1,18,-1
408,738,897.6213989257812,221.97821044921875,147.20721435546875,168.84088134765625,0.8222911357879639,1,21,-1
408,741,1592.28173828125,795.03955078125,150.8023681640625,284.96044921875,0.8392630815505981,1,23,-1
409,738,897.4338989257812,225.698974609375,147.29376220703125,168.4793701171875,0.7984660863876343,1,21,-1
409,741,1591.9775390625,804.1825561523438,152.75634765625,269.38958740234375,0.823832631111145,1,23,-1
410,738,896.1078491210938,227.7991180419922,147.39495849609375,170.70509338378906,0.8019903302192688,1,21,-1
410,741,1592.928955078125,813.6671752929688,152.8717041015625,261.52996826171875,0.829291582107544,1,23,-1
410,743,1600.7047119140625,2.2966604232788086,319.2952880859375,197.86399841308594,0.5204986929893494,1,18,-1
411,738,894.8157348632812,231.490234375,147.63787841796875,170.0447998046875,0.8255369663238525,1,21,-1
411,741,1594.1839599609375,823.39990234375,152.220703125,248.011474609375,0.8423157930374146,1,23,-1
412,738,895.5560302734375,235.96621704101562,146.3406982421875,169.2413330078125,0.8278714418411255,1,21,-1
412,741,1595.7852783203125,831.6463623046875,151.423583984375,242.8814697265625,0.8512367010116577,1,23,-1
413,738,895.4393920898438,237.9972686767578,146.17779541015625,172.2617950439453,0.8446646332740784,1,21,-1
413,741,1597.3101806640625,839.4097290039062,151.7371826171875,235.71331787109375,0.8638263940811157,1,23,-1
414,738,895.5453491210938,241.0658721923828,145.73931884765625,172.97422790527344,0.8558761477470398,1,21,-1
414,741,1600.566650390625,847.528564453125,150.6607666015625,228.7259521484375,0.8553086519241333,1,23,-1
415,738,895.6458129882812,245.21978759765625,147.33343505859375,171.64028930664062,0.8294918537139893,1,21,-1
415,741,1603.116943359375,856.7437744140625,150.057373046875,221.47021484375,0.8528971672058105,1,23,-1
416,738,895.615234375,248.38259887695312,147.6396484375,170.23910522460938,0.82655930519104,1,21,-1
416,741,1606.38720703125,865.68310546875,148.94189453125,213.64453125,0.841533362865448,1,23,-1
417,738,895.6669921875,251.64218139648438,148.766357421875,170.085693359375,0.8379021286964417,1,21,-1
417,741,1610.5699462890625,874.2874755859375,146.208984375,204.5159912109375,0.8058724999427795,1,23,-1
418,738,896.18212890625,256.0898742675781,148.99951171875,167.44644165039062,0.8290044069290161,1,21,-1
418,741,1614.3634033203125,881.9814453125,147.946044921875,196.6229248046875,0.8582087755203247,1,23,-1
419,738,897.4097900390625,259.54217529296875,147.265380859375,166.3096923828125,0.8263221979141235,1,21,-1
419,741,1618.0223388671875,888.3362426757812,149.646484375,189.95086669921875,0.8438794612884521,1,23,-1
420,738,897.8363037109375,262.5675354003906,148.2745361328125,168.0550537109375,0.8205326199531555,1,21,-1
420,741,1623.9412841796875,895.2714233398438,147.353515625,182.69915771484375,0.8059362173080444,1,23,-1
421,738,898.11181640625,265.0631103515625,149.734375,170.016357421875,0.8247922658920288,1,21,-1
421,741,1627.4501953125,902.6210327148438,147.09423828125,175.20574951171875,0.8007082343101501,1,23,-1
422,738,900.1082153320312,267.8392028808594,148.16619873046875,168.38674926757812,0.8433079123497009,1,21,-1
422,741,1633.2225341796875,909.4944458007812,145.18896484375,167.74774169921875,0.8150904178619385,1,23,-1
423,738,900.5576171875,269.7332458496094,149.53173828125,168.3824462890625,0.8111509084701538,1,21,-1
423,741,1637.9259033203125,916.7047119140625,146.48193359375,160.7471923828125,0.8038853406906128,1,23,-1
424,738,901.8766479492188,270.9070739746094,148.75506591796875,168.84930419921875,0.7882681488990784,1,21,-1
424,741,1641.5601806640625,922.5465087890625,148.2901611328125,154.849609375,0.7851194739341736,1,23,-1
425,738,903.3015747070312,272.9615173339844,148.70135498046875,167.33309936523438,0.7520416975021362,1,21,-1
425,741,1648.70166015625,927.8890380859375,145.08837890625,149.6649169921875,0.6190400123596191,1,23,-1
426,738,904.5513916015625,273.0862121582031,148.350341796875,168.98196411132812,0.8232275247573853,1,21,-1
426,741,1655.46630859375,931.343017578125,143.688232421875,146.652099609375,0.5984414219856262,1,23,-1
426,744,906.7518920898438,51.701988220214844,146.66888427734375,164.39605712890625,0.533928632736206,1,21,-1
427,738,905.37744140625,272.82763671875,148.09912109375,169.66680908203125,0.7313209772109985,1,21,-1
427,741,1660.248291015625,935.5847778320312,143.8472900390625,141.81854248046875,0.6346041560173035,1,23,-1
427,744,906.8392944335938,51.12571334838867,148.69073486328125,166.84910583496094,0.5987040996551514,1,21,-1
428,738,906.4943237304688,274.4040832519531,148.26715087890625,167.79217529296875,0.67436683177948,1,21,-1
428,741,1664.3082275390625,940.2730102539062,147.1859130859375,137.52337646484375,0.7520385384559631,1,23,-1
428,744,910.6090087890625,50.4124641418457,146.287109375,165.94232177734375,0.6004713773727417,1,21,-1
429,738,907.5662231445312,273.1087951660156,148.05157470703125,168.351806640625,0.7764673829078674,1,21,-1
429,741,1667.09716796875,943.830078125,150.312744140625,134.1561279296875,0.8008093237876892,1,23,-1
430,738,909.2214965820312,272.9985656738281,147.24066162109375,167.9329833984375,0.8312579393386841,1,21,-1
430,741,1672.2177734375,947.3230590820312,149.73095703125,130.86700439453125,0.7925282716751099,1,23,-1
431,738,911.6471557617188,271.0281982421875,145.84088134765625,169.58847045898438,0.7688266038894653,1,21,-1
431,741,1677.6138916015625,949.94140625,149.5445556640625,128.1358642578125,0.8038754463195801,1,23,-1
432,738,913.855224609375,270.9626770019531,144.378173828125,168.15304565429688,0.7845077514648438,1,21,-1
432,741,1683.7664794921875,951.7378540039062,149.661865234375,126.65032958984375,0.8354533910751343,1,23,-1
433,738,915.5703735351562,269.4944152832031,144.95623779296875,167.98001098632812,0.7950183749198914,1,21,-1
433,741,1688.4107666015625,954.2034301757812,152.3321533203125,124.33892822265625,0.8399770259857178,1,23,-1
434,738,916.9725952148438,267.4151611328125,145.31195068359375,169.68719482421875,0.6771102547645569,1,21,-1
434,741,1694.8966064453125,956.2517700195312,152.0245361328125,122.39215087890625,0.8167506456375122,1,23,-1
435,741,1702.3289794921875,958.1353149414062,150.213623046875,120.59283447265625,0.7916648983955383,1,23,-1
436,741,1707.1793212890625,959.5253295898438,151.427734375,119.20245361328125,0.7982794046401978,1,23,-1
436,738,919.2236328125,264.0817565917969,146.81494140625,171.05960083007812,0.712241530418396,1,21,-1
437,741,1711.84423828125,960.939697265625,152.92333984375,117.882080078125,0.7635476589202881,1,23,-1
437,738,920.9891357421875,262.4138488769531,147.772216796875,170.71780395507812,0.7366015911102295,1,21,-1
438,741,1717.0794677734375,961.8225708007812,153.4150390625,117.31207275390625,0.7497187256813049,1,23,-1
438,738,924.0693969726562,261.510009765625,148.21905517578125,170.75869750976562,0.6564269065856934,1,21,-1
438,742,42.28261947631836,2.7107551097869873,276.1865539550781,188.76083374023438,0.514995813369751,1,18,-1
439,741,1723.7486572265625,963.3473510742188,152.3795166015625,116.00152587890625,0.7249406576156616,1,23,-1
439,738,926.3389892578125,260.8840637207031,148.1590576171875,167.91461181640625,0.6085526943206787,1,21,-1
440,741,1731.3243408203125,965.67041015625,153.9381103515625,113.8873291015625,0.640316367149353,1,23,-1
440,738,929.56884765625,258.48468017578125,148.0618896484375,169.04049682617188,0.7738556861877441,1,21,-1
441,741,1737.909423828125,967.5807495117188,155.0751953125,111.71319580078125,0.5011806488037109,1,23,-1
441,738,933.0709228515625,257.774169921875,147.6658935546875,169.61004638671875,0.7864261269569397,1,21,-1
441,744,937.8822021484375,33.75675582885742,145.2406005859375,167.96299743652344,0.6156187653541565,1,21,-1
442,741,1746.3238525390625,967.656494140625,152.5640869140625,110.53955078125,0.6770337820053101,1,23,-1
442,738,935.635986328125,255.76705932617188,148.1953125,170.68389892578125,0.6573634147644043,1,21,-1
442,744,940.5452880859375,31.766517639160156,146.53857421875,168.5526123046875,0.7010905146598816,1,21,-1
443,741,1753.6634521484375,968.9598388671875,152.2890625,108.8785400390625,0.7104384303092957,1,23,-1
443,738,938.8407592773438,255.37472534179688,148.39312744140625,169.69869995117188,0.7590427994728088,1,21,-1
444,741,1760.3243408203125,971.0655517578125,155.5294189453125,106.909912109375,0.6068962216377258,1,23,-1
444,738,941.3718872070312,254.54360961914062,149.67132568359375,169.6597900390625,0.8557189702987671,1,21,-1
444,744,945.3681640625,29.286584854125977,149.705078125,166.86892700195312,0.5391469597816467,1,21,-1
445,741,1767.0078125,973.0563354492188,152.9049072265625,105.51007080078125,0.8269469738006592,1,23,-1
445,738,944.3991088867188,254.82705688476562,150.92913818359375,168.72479248046875,0.7575369477272034,1,21,-1
445,744,948.1490478515625,28.880735397338867,151.43701171875,165.9734344482422,0.549342930316925,1,21,-1
446,741,1775.1268310546875,974.9484252929688,144.8731689453125,104.15887451171875,0.8322243094444275,1,23,-1
446,738,947.4810180664062,252.61952209472656,151.08660888671875,170.0469207763672,0.8446890115737915,1,21,-1
447,741,1782.0113525390625,976.063720703125,137.9886474609375,103.2005615234375,0.7909914255142212,1,23,-1
447,738,950.0302124023438,251.26315307617188,151.42645263671875,171.43634033203125,0.7495298981666565,1,21,-1
447,744,953.379150390625,28.4886531829834,152.1502685546875,164.62831115722656,0.6376059055328369,1,21,-1
448,741,1788.6854248046875,976.6168212890625,131.3145751953125,102.4808349609375,0.5832951664924622,1,23,-1
448,738,954.2586669921875,250.26333618164062,150.0650634765625,171.70700073242188,0.5034062266349792,1,21,-1
449,738,957.727294921875,249.77291870117188,149.046630859375,171.34628295898438,0.8558638095855713,1,21,-1
450,738,963.1360473632812,247.9553985595703,146.35675048828125,172.52296447753906,0.85898756980896,1,21,-1
450,744,966.820556640625,24.8991756439209,148.70361328125,162.95010375976562,0.6533542275428772,1,21,-1
450,741,1802.7127685546875,977.9127197265625,117.2872314453125,101.7242431640625,0.6701170206069946,1,23,-1
451,738,966.1181030273438,246.9686279296875,146.56427001953125,172.1363525390625,0.5092819929122925,1,21,-1
451,741,1810.2462158203125,977.828857421875,109.7537841796875,101.6614990234375,0.5566617846488953,1,23,-1
452,738,968.1785278320312,248.56614685058594,148.94573974609375,169.1969757080078,0.5586004853248596,1,21,-1
452,741,1818.8106689453125,977.3451538085938,101.1893310546875,101.81121826171875,0.5949434041976929,1,23,-1
453,738,971.3612060546875,247.72207641601562,150.0018310546875,169.93798828125,0.5913506150245667,1,21,-1
453,741,1824.785400390625,977.3053588867188,95.214599609375,101.69537353515625,0.5694968104362488,1,23,-1
454,738,974.4706420898438,246.60597229003906,149.30987548828125,170.86378479003906,0.5246387124061584,1,21,-1
454,744,981.8018188476562,16.260133743286133,147.59735107421875,169.9584503173828,0.5433557629585266,1,21,-1
455,738,978.019287109375,245.514892578125,148.510009765625,171.74957275390625,0.5638822913169861,1,21,-1
456,738,981.1590576171875,244.87088012695312,147.6334228515625,171.43731689453125,0.5780149102210999,1,21,-1
458,744,990.0582275390625,14.567269325256348,150.3941650390625,170.263916015625,0.5848358273506165,1,21,-1
458,738,987.3385009765625,244.7631072998047,147.0731201171875,171.51890563964844,0.8148046135902405,1,21,-1
459,738,989.0999755859375,243.8509521484375,147.738037109375,172.98861694335938,0.8275713920593262,1,21,-1
460,738,989.5740966796875,244.4515838623047,149.4322509765625,172.75022888183594,0.8201815485954285,1,21,-1
461,738,990.3848266601562,244.44891357421875,149.62457275390625,172.75015258789062,0.7772646546363831,1,21,-1
462,738,990.2123413085938,244.99061584472656,148.46624755859375,172.2078399658203,0.8155827522277832,1,21,-1
463,738,988.3278198242188,245.5369415283203,146.87738037109375,172.8590850830078,0.8159652948379517,1,21,-1
464,744,988.7908325195312,11.889891624450684,146.72979736328125,175.84083557128906,0.5634445548057556,1,21,-1
465,738,980.34521484375,248.78419494628906,147.69873046875,170.23448181152344,0.6613532304763794,1,21,-1
466,738,978.4443969726562,249.25885009765625,145.94134521484375,172.0758056640625,0.6930133700370789,1,21,-1
467,738,977.164306640625,250.1069793701172,144.8436279296875,172.27037048339844,0.694557249546051,1,21,-1
468,738,974.2450561523438,250.99436950683594,147.73040771484375,172.73231506347656,0.5672732591629028,1,21,-1
468,744,972.9280395507812,24.087846755981445,146.73907470703125,166.4130096435547,0.5261908173561096,1,21,-1
469,744,971.22900390625,27.44843292236328,144.0831298828125,165.27603149414062,0.6020435690879822,1,21,-1
470,738,970.9257202148438,252.8473663330078,147.97662353515625,171.7363739013672,0.7061785459518433,1,21,-1
471,738,968.9619750976562,254.2835235595703,148.58917236328125,171.24937438964844,0.6343068480491638,1,21,-1
472,738,967.2528076171875,253.7353057861328,148.8236083984375,171.7946014404297,0.5003354549407959,1,21,-1
473,738,966.3916015625,254.40667724609375,148.9459228515625,170.95169067382812,0.6184346079826355,1,21,-1
473,744,960.9714965820312,30.23520851135254,148.46087646484375,165.88092041015625,0.5549126267433167,1,21,-1
474,738,967.1292724609375,253.99525451660156,147.9869384765625,170.61647033691406,0.7489774823188782,1,21,-1
475,738,967.6644287109375,254.34437561035156,146.5089111328125,170.10987854003906,0.7261360883712769,1,21,-1
476,738,967.6746215820312,254.0245361328125,146.08770751953125,170.78598022460938,0.6444334387779236,1,21,-1
476,744,957.3427734375,32.42109298706055,149.179443359375,162.52976989746094,0.5904865860939026,1,21,-1
477,738,967.55859375,254.0691375732422,146.694580078125,170.3114471435547,0.5638564825057983,1,21,-1
480,738,968.3582153320312,252.10838317871094,146.27703857421875,171.00221252441406,0.5469843745231628,1,21,-1
481,738,969.02587890625,251.7989959716797,145.3966064453125,170.60874938964844,0.694693386554718,1,21,-1
482,738,969.9447631835938,251.10044860839844,145.43475341796875,170.3099822998047,0.549098014831543,1,21,-1
