1,1,978.1378173828125,1019.219482421875,35.75103759765625,60.604736328125,0.923799455165863,1,0,-1
2,1,977.8822631835938,1016.7614135742188,35.4232177734375,61.88018798828125,0.9280074238777161,1,0,-1
3,1,977.8075561523438,1013.40087890625,35.3441162109375,63.09912109375,0.930884838104248,1,0,-1
4,1,977.748779296875,1010.5303955078125,34.3917236328125,62.884033203125,0.947634756565094,1,0,-1
5,1,977.8818359375,1007.380859375,33.8948974609375,64.1673583984375,0.9397609829902649,1,0,-1
6,1,977.7133178710938,1003.4418334960938,34.22686767578125,65.94293212890625,0.948663592338562,1,0,-1
7,1,977.0145874023438,999.5863037109375,34.0972900390625,66.0714111328125,0.9399280548095703,1,0,-1
8,1,976.3564453125,995.9299926757812,33.76190185546875,65.12078857421875,0.9436025619506836,1,0,-1
9,1,975.5433959960938,992.2008056640625,33.96551513671875,63.6304931640625,0.9484283924102783,1,0,-1
10,1,974.7618408203125,988.1932373046875,32.9503173828125,62.967529296875,0.9473215341567993,1,0,-1
11,1,974.2180786132812,983.4559326171875,31.85205078125,62.4970703125,0.9540868401527405,1,0,-1
12,1,972.8394165039062,978.8174438476562,32.48455810546875,62.35748291015625,0.9400283694267273,1,0,-1
13,1,971.0823974609375,974.02783203125,32.9403076171875,62.54248046875,0.9486979246139526,1,0,-1
14,1,968.9813842773438,969.7275390625,33.79034423828125,61.7802734375,0.9514739513397217,1,0,-1
15,1,966.73291015625,965.3729858398438,33.76519775390625,60.87835693359375,0.9395110011100769,1,0,-1
16,1,965.5123901367188,960.2669677734375,34.02862548828125,60.12030029296875,0.8760520219802856,1,0,-1
17,1,963.6519775390625,955.61376953125,34.12603759765625,59.19659423828125,0.90201336145401,1,0,-1
18,1,960.507568359375,950.6725463867188,33.911865234375,59.484619140625,0.9441837668418884,1,0,-1
19,1,957.171875,946.039794921875,34.23828125,59.61376953125,0.9544578790664673,1,0,-1
20,1,954.672607421875,941.723388671875,33.499755859375,58.364013671875,0.9568203687667847,1,0,-1
21,1,952.2476806640625,937.1804809570312,32.65386962890625,57.9892578125,0.9426137208938599,1,0,-1
22,1,949.0872192382812,932.2273559570312,32.728515625,58.5682373046875,0.9354866743087769,1,0,-1
23,1,945.8029174804688,926.9653930664062,33.27545166015625,59.05126953125,0.9452052712440491,1,0,-1
24,1,941.8494873046875,923.0181884765625,34.1085205078125,58.97119140625,0.9550625085830688,1,0,-1
25,1,938.7445068359375,918.7423706054688,34.13629150390625,58.084228515625,0.9531823396682739,1,0,-1
26,1,935.0130615234375,913.9526977539062,33.47369384765625,58.50494384765625,0.9554824233055115,1,0,-1
27,1,932.0617065429688,909.1748046875,33.21551513671875,58.46124267578125,0.9484594464302063,1,0,-1
28,1,929.0374755859375,904.9611206054688,33.14678955078125,58.01995849609375,0.9355466365814209,1,0,-1
29,1,926.1204223632812,901.299072265625,32.63641357421875,57.60382080078125,0.9550420641899109,1,0,-1
30,1,922.4187622070312,897.2745971679688,33.0181884765625,57.205810546875,0.9593886137008667,1,0,-1
31,1,918.6902465820312,893.1659545898438,33.4600830078125,57.0267333984375,0.9563850164413452,1,0,-1
32,1,915.1957397460938,889.3609619140625,34.1280517578125,56.30743408203125,0.9528840780258179,1,0,-1
33,1,911.7236328125,885.3737182617188,33.346435546875,56.4683837890625,0.9079411625862122,1,0,-1
34,1,908.5571899414062,880.5902709960938,33.5826416015625,57.05303955078125,0.9327004551887512,1,0,-1
35,1,905.4146118164062,877.3443603515625,33.5223388671875,56.54534912109375,0.9492859244346619,1,0,-1
36,1,902.896728515625,873.571044921875,32.6416015625,56.3221435546875,0.9636374711990356,1,0,-1
37,1,899.4596557617188,869.6978759765625,32.74395751953125,56.26629638671875,0.9633271098136902,1,0,-1
38,1,896.8287963867188,865.96044921875,32.5301513671875,56.29180908203125,0.9568183422088623,1,0,-1
39,1,893.8496704101562,862.0194702148438,33.02886962890625,56.57427978515625,0.9290585517883301,1,0,-1
40,1,891.3972778320312,858.38525390625,32.81158447265625,56.8671875,0.9354779720306396,1,0,-1
41,1,888.1198120117188,854.3907470703125,32.8594970703125,56.74884033203125,0.9437190294265747,1,0,-1
42,1,885.088623046875,850.9066772460938,33.4208984375,56.8326416015625,0.9492643475532532,1,0,-1
43,1,882.617431640625,848.034912109375,33.00164794921875,55.04217529296875,0.9477136731147766,1,0,-1
44,1,880.5368041992188,844.6546020507812,32.47509765625,54.9483642578125,0.9553842544555664,1,0,-1
45,1,878.6886596679688,840.779052734375,31.4085693359375,55.78924560546875,0.9596346616744995,1,0,-1
46,1,875.9649047851562,836.9182739257812,32.03558349609375,56.221435546875,0.9319753050804138,1,0,-1
47,1,872.9771118164062,833.7771606445312,32.53985595703125,56.08953857421875,0.9327422380447388,1,0,-1
48,1,869.6315307617188,830.5503540039062,33.349853515625,56.10540771484375,0.9508557319641113,1,0,-1
49,1,866.870361328125,827.0761108398438,33.92437744140625,55.88226318359375,0.9582253098487854,1,0,-1
50,1,863.6419677734375,824.292236328125,33.6531982421875,54.92620849609375,0.9596365094184875,1,0,-1
51,1,860.970458984375,820.8652954101562,33.55914306640625,55.41717529296875,0.9608572125434875,1,0,-1
52,1,857.9950561523438,817.388427734375,33.76568603515625,55.36041259765625,0.9607598185539246,1,0,-1
53,1,856.0751342773438,813.7815551757812,33.53253173828125,55.25830078125,0.9363810420036316,1,0,-1
54,1,853.3523559570312,810.2266845703125,32.9957275390625,55.22015380859375,0.941417932510376,1,0,-1
55,1,850.4531860351562,806.3412475585938,33.1146240234375,55.7530517578125,0.9547293186187744,1,0,-1
56,1,847.0428466796875,802.978759765625,33.745361328125,55.80816650390625,0.9552142024040222,1,0,-1
57,1,844.1273193359375,800.3858642578125,33.4637451171875,54.48870849609375,0.9565930962562561,1,0,-1
58,1,841.224609375,796.806640625,33.2955322265625,54.33062744140625,0.952363908290863,1,0,-1
59,1,838.271484375,793.2278442382812,33.11334228515625,54.83367919921875,0.9537660479545593,1,0,-1
60,1,835.8995361328125,789.3167114257812,33.24786376953125,54.9871826171875,0.9140821695327759,1,0,-1
61,1,833.1473388671875,785.9059448242188,32.8023681640625,55.1077880859375,0.9353182911872864,1,0,-1
62,1,830.4701538085938,782.8167724609375,32.3243408203125,53.9215087890625,0.956028163433075,1,0,-1
63,1,827.1093139648438,779.0267944335938,32.5836181640625,54.6153564453125,0.9597513675689697,1,0,-1
64,1,823.8744506835938,775.616455078125,32.87884521484375,54.3983154296875,0.957801342010498,1,0,-1
65,1,820.5579223632812,771.9985961914062,33.3834228515625,54.4796142578125,0.899144172668457,1,0,-1
66,1,817.054443359375,768.4624633789062,33.5093994140625,54.98248291015625,0.9496119618415833,1,0,-1
67,1,813.91650390625,764.8375854492188,33.7364501953125,54.72698974609375,0.9392524361610413,1,0,-1
68,1,810.6719360351562,761.420654296875,33.6422119140625,54.718505859375,0.9434137940406799,1,0,-1
69,1,807.87548828125,758.0934448242188,34.27093505859375,54.39312744140625,0.9509933590888977,1,0,-1
70,1,804.7333374023438,754.68408203125,33.88507080078125,54.132568359375,0.9567383527755737,1,0,-1
71,1,802.2310791015625,751.5099487304688,33.5609130859375,53.79852294921875,0.9566062092781067,1,0,-1
72,1,798.9118041992188,747.9628295898438,33.52008056640625,54.11236572265625,0.9551605582237244,1,0,-1
73,1,796.3773193359375,744.0291137695312,33.97265625,54.72918701171875,0.8530250191688538,1,0,-1
74,1,793.6188354492188,740.7557983398438,33.65093994140625,54.7442626953125,0.9327073693275452,1,0,-1
75,1,791.4842529296875,737.70458984375,33.3226318359375,54.6280517578125,0.9324283003807068,1,0,-1
76,1,789.0792236328125,734.47119140625,34.14434814453125,54.765380859375,0.9513220191001892,1,0,-1
77,1,788.0284423828125,731.4409790039062,33.657470703125,54.3033447265625,0.9571511745452881,1,0,-1
78,1,786.5545043945312,728.8643798828125,33.59136962890625,53.290771484375,0.9568150639533997,1,0,-1
79,1,785.718017578125,726.0172119140625,33.24658203125,53.09503173828125,0.9625451564788818,1,0,-1
80,1,785.1602783203125,722.721435546875,33.04364013671875,53.52880859375,0.9600615501403809,1,0,-1
81,1,784.3209228515625,718.9729614257812,33.09405517578125,54.51129150390625,0.9431490302085876,1,0,-1
82,1,783.9059448242188,716.12255859375,33.05523681640625,54.50360107421875,0.9395203590393066,1,0,-1
83,1,783.2393188476562,713.031982421875,32.567138671875,54.33526611328125,0.9482650756835938,1,0,-1
84,1,782.3394775390625,710.3878784179688,32.29461669921875,53.609130859375,0.9527920484542847,1,0,-1
85,1,781.1947631835938,707.4148559570312,32.6737060546875,53.81036376953125,0.9559696912765503,1,0,-1
86,1,780.4486694335938,704.73388671875,33.08984375,53.33740234375,0.9628196954727173,1,0,-1
87,1,779.3524780273438,701.6897583007812,32.94580078125,53.82806396484375,0.9634403586387634,1,0,-1
88,1,778.4990234375,698.4176635742188,32.93157958984375,54.39788818359375,0.9572546482086182,1,0,-1
89,1,777.7885131835938,694.976806640625,32.87103271484375,54.6041259765625,0.9430381059646606,1,0,-1
90,1,776.7886962890625,692.2960815429688,32.90557861328125,53.938720703125,0.9389800429344177,1,0,-1
91,1,775.6233520507812,688.8731079101562,33.28204345703125,53.9898681640625,0.9457969665527344,1,0,-1
92,1,774.7584838867188,685.9658813476562,33.393798828125,53.91522216796875,0.9526063799858093,1,0,-1
93,1,774.9949340820312,683.0438232421875,33.2584228515625,53.3548583984375,0.9505507946014404,1,0,-1
94,1,775.9464111328125,679.6909790039062,32.828369140625,53.46002197265625,0.9556353092193604,1,0,-1
95,1,777.2646484375,676.4439697265625,32.54766845703125,53.65252685546875,0.9595121741294861,1,0,-1
96,1,778.7814331054688,673.3589477539062,32.111572265625,53.42852783203125,0.95763099193573,1,0,-1
97,1,781.0123901367188,669.51025390625,32.253662109375,53.53253173828125,0.940518856048584,1,0,-1
98,1,783.6259765625,665.5374145507812,31.84063720703125,53.8499755859375,0.9442368745803833,1,0,-1
99,1,786.076416015625,662.6868286132812,32.45574951171875,53.55987548828125,0.9443792104721069,1,0,-1
100,1,788.478759765625,659.22900390625,32.863037109375,53.0618896484375,0.9525115489959717,1,0,-1
101,1,791.74267578125,656.1288452148438,32.921875,52.92279052734375,0.9550469517707825,1,0,-1
102,1,795.2839965820312,652.2176513671875,33.58514404296875,52.70928955078125,0.9573396444320679,1,0,-1
104,1,805.0042724609375,645.1405029296875,31.7769775390625,52.6590576171875,0.9308600425720215,1,0,-1
105,1,809.4526977539062,641.7676391601562,31.62310791015625,52.49072265625,0.9347014427185059,1,0,-1
106,1,813.3199462890625,638.0480346679688,32.81878662109375,53.19635009765625,0.951481819152832,1,0,-1
107,1,817.474609375,634.0799560546875,32.90545654296875,52.88909912109375,0.9583246111869812,1,0,-1
108,1,821.5990600585938,630.6905517578125,33.32904052734375,53.29608154296875,0.9558109641075134,1,0,-1
109,1,827.3887329101562,626.7179565429688,32.043212890625,53.8529052734375,0.9601435661315918,1,0,-1
110,1,832.6472778320312,623.4551391601562,31.559814453125,53.60888671875,0.9404484033584595,1,0,-1
111,1,837.311767578125,619.2604370117188,31.90863037109375,53.2506103515625,0.9377359747886658,1,0,-1
112,1,842.2068481445312,615.6583251953125,31.62872314453125,52.98193359375,0.9453362822532654,1,0,-1
113,1,846.2033081054688,611.89501953125,32.4415283203125,53.48858642578125,0.9486688375473022,1,0,-1
114,1,851.2763061523438,608.218994140625,32.3077392578125,53.0499267578125,0.9587406516075134,1,0,-1
115,1,856.3304443359375,604.5538940429688,31.64599609375,52.35064697265625,0.9608468413352966,1,0,-1
116,1,860.4271850585938,600.7169189453125,31.9696044921875,52.14654541015625,0.9528056979179382,1,0,-1
117,1,864.9468383789062,597.086181640625,31.80584716796875,52.3956298828125,0.9304194450378418,1,0,-1
119,1,872.0966796875,589.502197265625,32.3253173828125,52.42578125,0.9501441717147827,1,0,-1
120,1,875.7821044921875,585.6133422851562,32.013916015625,52.299072265625,0.962069034576416,1,0,-1
121,1,878.9671630859375,582.3274536132812,31.5301513671875,52.3865966796875,0.9650735855102539,1,0,-1
122,1,881.470458984375,578.5548095703125,31.64678955078125,52.10223388671875,0.9622048735618591,1,0,-1
123,1,883.6098022460938,574.7308349609375,31.9683837890625,52.564697265625,0.8807520866394043,1,0,-1
124,1,884.99365234375,571.0535888671875,32.34185791015625,53.11785888671875,0.940053403377533,1,0,-1
125,1,886.8319702148438,567.4552612304688,32.38397216796875,53.2052001953125,0.9449304938316345,1,0,-1
126,1,888.08544921875,564.0277099609375,32.44000244140625,53.18060302734375,0.9542623162269592,1,0,-1
127,1,889.6343383789062,560.7736206054688,32.24566650390625,53.0491943359375,0.9560253620147705,1,0,-1
128,1,890.5304565429688,557.5177001953125,32.40850830078125,52.82257080078125,0.9539971947669983,1,0,-1
129,1,890.799560546875,553.8021850585938,32.49932861328125,52.91290283203125,0.9501556754112244,1,0,-1
130,1,890.8787841796875,550.0348510742188,32.566650390625,53.32110595703125,0.9447371959686279,1,0,-1
131,1,890.1842041015625,546.6276245117188,32.3275146484375,53.42034912109375,0.9341862797737122,1,0,-1
132,1,889.4682006835938,543.359619140625,32.3817138671875,53.24810791015625,0.9480667114257812,1,0,-1
133,1,887.8180541992188,539.6480712890625,32.54144287109375,53.0682373046875,0.960883617401123,1,0,-1
134,1,886.9700317382812,536.6017456054688,32.69989013671875,52.88922119140625,0.9619154930114746,1,0,-1
135,1,884.998291015625,533.503173828125,32.83233642578125,52.8662109375,0.9640986919403076,1,0,-1
136,1,883.2379150390625,530.0128173828125,33.17034912109375,53.14630126953125,0.9635627865791321,1,0,-1
138,1,880.1824951171875,523.28662109375,32.5037841796875,53.18359375,0.941009521484375,1,0,-1
139,1,878.5515747070312,520.250732421875,31.59893798828125,52.37982177734375,0.9505174160003662,1,0,-1
140,1,875.9745483398438,516.4744262695312,31.65460205078125,53.00762939453125,0.9564770460128784,1,0,-1
141,1,873.4190063476562,513.1099853515625,32.36700439453125,52.91015625,0.9565125107765198,1,0,-1
142,1,870.979736328125,510.18292236328125,32.39208984375,52.61480712890625,0.9603416323661804,1,0,-1
143,1,869.1341552734375,506.8074035644531,32.8035888671875,52.560699462890625,0.6989302039146423,1,0,-1
144,1,866.515380859375,502.79779052734375,32.7938232421875,54.1685791015625,0.9356972575187683,1,0,-1
145,1,864.6384887695312,499.6397399902344,32.89556884765625,53.243438720703125,0.9352317452430725,1,0,-1
146,1,862.9043579101562,496.2789306640625,32.73370361328125,53.353759765625,0.9449320435523987,1,0,-1
147,1,861.3470458984375,493.2080383300781,32.88592529296875,52.842010498046875,0.9560955166816711,1,0,-1
148,1,860.1827392578125,489.98431396484375,32.40185546875,52.5863037109375,0.9544856548309326,1,0,-1
149,1,858.6503295898438,486.9925842285156,32.79986572265625,51.926239013671875,0.9570195078849792,1,0,-1
150,1,857.7466430664062,483.281005859375,33.0054931640625,52.00579833984375,0.9598143100738525,1,0,-1
151,1,857.5473022460938,479.2705078125,32.21319580078125,52.85614013671875,0.813206672668457,1,0,-1
152,1,857.1303100585938,475.58868408203125,32.1724853515625,52.7183837890625,0.9413517117500305,1,0,-1
153,1,856.3277587890625,471.76611328125,32.33294677734375,52.7001953125,0.9446029663085938,1,0,-1
154,1,855.8076171875,468.43865966796875,32.1385498046875,52.2913818359375,0.9431418180465698,1,0,-1
155,1,855.4900512695312,465.1688537597656,31.5201416015625,52.010833740234375,0.9592435359954834,1,0,-1
156,1,855.26318359375,461.5159912109375,31.2562255859375,52.5689697265625,0.963712215423584,1,0,-1
157,1,855.4191284179688,457.4928283691406,30.7421875,52.875823974609375,0.958661675453186,1,0,-1
158,1,855.3192138671875,453.5996398925781,31.12249755859375,53.072662353515625,0.9316559433937073,1,0,-1
159,1,854.6953735351562,450.00830078125,31.40191650390625,52.91973876953125,0.9465816020965576,1,0,-1
160,1,854.2703247070312,446.417724609375,31.7642822265625,52.198333740234375,0.9536092877388,1,0,-1
161,1,854.2808227539062,442.66015625,31.7669677734375,52.074920654296875,0.9608715772628784,1,0,-1
162,1,854.0767211914062,438.6527099609375,31.90045166015625,52.604156494140625,0.966087818145752,1,0,-1
163,1,854.5764770507812,434.73077392578125,31.3841552734375,52.568511962890625,0.9608281254768372,1,0,-1
164,1,855.1785278320312,430.48297119140625,31.32666015625,53.4447021484375,0.8134584426879883,1,0,-1
165,1,855.573974609375,426.6944885253906,31.25274658203125,53.90191650390625,0.9338060021400452,1,0,-1
166,1,855.7239990234375,423.0624084472656,31.37359619140625,53.012542724609375,0.9440339207649231,1,0,-1
167,1,855.8103637695312,419.7728576660156,31.57373046875,51.93035888671875,0.9423048496246338,1,0,-1
168,1,856.1637573242188,416.3385314941406,31.46441650390625,51.66650390625,0.9530797004699707,1,0,-1
169,1,856.3788452148438,412.30615234375,31.63671875,51.5234375,0.9557881951332092,1,0,-1
170,1,856.2540893554688,407.5400695800781,32.47265625,52.3427734375,0.7939615845680237,1,0,-1
171,1,856.26611328125,403.69818115234375,32.73236083984375,52.748443603515625,0.9379607439041138,1,0,-1
172,1,856.1974487304688,399.6478576660156,32.95660400390625,52.7796630859375,0.9410107135772705,1,0,-1
173,1,856.0733642578125,396.0727844238281,32.6065673828125,52.30511474609375,0.9324692487716675,1,0,-1
174,1,855.6121826171875,392.8056945800781,32.47882080078125,51.705841064453125,0.9539739489555359,1,0,-1
175,1,855.345703125,389.2047424316406,32.0628662109375,52.18560791015625,0.9547969102859497,1,0,-1
176,1,855.26123046875,384.8424987792969,31.625732421875,53.17254638671875,0.9525935053825378,1,0,-1
177,1,854.8229370117188,381.1222229003906,31.7071533203125,53.48468017578125,0.91578209400177,1,0,-1
178,1,854.4583129882812,377.7409973144531,31.53497314453125,52.786773681640625,0.9236418604850769,1,0,-1
179,1,853.6275634765625,374.49053955078125,31.92523193359375,51.64862060546875,0.9206465482711792,1,0,-1
180,1,853.1929321289062,371.0167236328125,32.2353515625,51.178863525390625,0.93363356590271,1,0,-1
181,1,853.4407348632812,367.1363525390625,32.1756591796875,52.0152587890625,0.9608746767044067,1,0,-1
182,1,854.3131713867188,364.00390625,31.65576171875,51.73468017578125,0.9638581871986389,1,0,-1
183,1,855.3299560546875,361.201904296875,31.27020263671875,51.489654541015625,0.9631310105323792,1,0,-1
184,1,856.2609252929688,357.6495361328125,31.616943359375,51.527618408203125,0.9327004551887512,1,0,-1
185,1,857.1204223632812,353.5398864746094,32.11920166015625,51.7476806640625,0.8992387652397156,1,0,-1
186,1,857.6778564453125,349.638671875,32.41888427734375,52.258148193359375,0.9273759722709656,1,0,-1
187,1,858.4971313476562,346.5018005371094,32.84332275390625,52.047943115234375,0.9295971989631653,1,0,-1
188,1,859.2018432617188,342.532470703125,33.49468994140625,52.3858642578125,0.9420236945152283,1,0,-1
189,1,860.2489013671875,339.0941467285156,33.86065673828125,52.840728759765625,0.9442883133888245,1,0,-1
190,1,861.7632446289062,334.4564208984375,33.3115234375,53.22320556640625,0.8067232966423035,1,0,-1
191,1,862.9021606445312,330.15570068359375,33.26434326171875,54.305419921875,0.9057371616363525,1,0,-1
192,1,863.8253784179688,325.35284423828125,33.6195068359375,55.582611083984375,0.9044873118400574,1,0,-1
193,1,864.9827880859375,322.41790771484375,33.2640380859375,54.436065673828125,0.9214101433753967,1,0,-1
194,1,866.243896484375,318.2923889160156,33.62603759765625,55.0474853515625,0.9317469596862793,1,0,-1
195,1,867.2964477539062,314.8367614746094,33.50006103515625,54.071868896484375,0.9243098497390747,1,0,-1
196,1,868.2894287109375,310.8946533203125,33.441650390625,54.58953857421875,0.9175639152526855,1,0,-1
198,1,869.574951171875,304.6065368652344,33.8563232421875,53.632049560546875,0.8033555150032043,1,0,-1
199,1,869.4655151367188,301.2775573730469,34.30572509765625,53.395050048828125,0.7696161866188049,1,0,-1
200,1,869.6422119140625,297.4176025390625,34.18817138671875,53.484893798828125,0.6076317429542542,1,0,-1
201,1,869.5438232421875,294.0035400390625,34.0450439453125,52.959808349609375,0.8253384828567505,1,0,-1
202,1,869.0670776367188,291.4142761230469,35.0408935546875,52.274169921875,0.8395350575447083,1,0,-1
211,1,873.948486328125,236.22715759277344,34.84027099609375,77.64866638183594,0.57742840051651,1,0,-1
219,1,882.9862670898438,224.6702117919922,34.8907470703125,62.19157409667969,0.6157543659210205,1,0,-1
223,1,883.443359375,215.4172821044922,34.797607421875,57.54032897949219,0.7451369762420654,1,0,-1
230,1,883.8324584960938,189.01588439941406,33.8790283203125,58.7860107421875,0.5845368504524231,1,0,-1
233,1,884.168212890625,180.6749267578125,34.701171875,56.813690185546875,0.7196370959281921,1,0,-1
242,1,885.8790893554688,151.0874786376953,35.11907958984375,57.356597900390625,0.6224642992019653,1,0,-1
249,1,889.0203247070312,130.80526733398438,34.64398193359375,53.58503723144531,0.713811457157135,1,0,-1
259,1,900.765380859375,94.58535766601562,34.71136474609375,73.27053833007812,0.6146820187568665,1,0,-1
261,1,904.000244140625,88.5663070678711,33.8282470703125,75.5684585571289,0.8475274443626404,1,0,-1
262,1,904.4968872070312,84.93314361572266,35.218017578125,76.85717010498047,0.8214231133460999,1,0,-1
263,1,904.6218872070312,81.72840118408203,36.07293701171875,77.54613494873047,0.7850719690322876,1,0,-1
264,1,905.2047729492188,78.26033782958984,35.66644287109375,76.51583099365234,0.8794661164283752,1,0,-1
265,1,905.4341430664062,74.90530395507812,35.50225830078125,78.25764465332031,0.9135915040969849,1,0,-1
266,1,905.5752563476562,70.8045654296875,35.7784423828125,80.46746826171875,0.9109318256378174,1,0,-1
267,1,905.467529296875,66.9595718383789,36.07171630859375,82.6681900024414,0.9143238663673401,1,0,-1
268,1,906.9197387695312,63.81132125854492,34.5111083984375,65.0079345703125,0.8911703824996948,1,0,-1
269,1,907.4000244140625,60.17963409423828,34.01458740234375,57.73101043701172,0.8795448541641235,1,0,-1
270,1,907.5385131835938,55.91412353515625,33.91217041015625,58.01525115966797,0.9169175028800964,1,0,-1
271,1,907.7874145507812,52.81119918823242,33.71533203125,57.36357498168945,0.9113084673881531,1,0,-1
272,1,907.14697265625,49.35637283325195,34.09521484375,60.66366958618164,0.9025472402572632,1,0,-1
273,1,908.1574096679688,45.65546798706055,33.14239501953125,55.64194869995117,0.8844823241233826,1,0,-1
274,1,908.3281860351562,42.76786422729492,32.77783203125,54.612911224365234,0.8877654671669006,1,0,-1
275,1,908.498291015625,39.344364166259766,32.893798828125,53.73891067504883,0.8433942198753357,1,0,-1
276,1,908.279052734375,34.39329147338867,33.34991455078125,54.801883697509766,0.6272711753845215,1,0,-1
277,1,908.1901245117188,30.951690673828125,33.677490234375,55.239288330078125,0.8539271354675293,1,0,-1
278,1,908.306884765625,26.51906967163086,33.80462646484375,57.24513626098633,0.8920300602912903,1,0,-1
279,1,908.3430786132812,22.006574630737305,33.9866943359375,58.27680206298828,0.9162328839302063,1,0,-1
280,1,908.5573120117188,18.52620506286621,34.18798828125,57.18164825439453,0.9000191688537598,1,0,-1
281,1,908.6386108398438,16.251611709594727,33.8883056640625,56.80907440185547,0.9239974617958069,1,0,-1
282,1,909.1587524414062,13.741950035095215,33.68414306640625,56.410621643066406,0.9331446290016174,1,0,-1
283,1,909.2514038085938,9.550684928894043,33.80670166015625,57.58407211303711,0.9310444593429565,1,0,-1
284,1,909.3284912109375,7.286818504333496,34.15643310546875,56.33845138549805,0.8974124789237976,1,0,-1
285,1,909.5492553710938,4.759509563446045,34.47296142578125,56.13578414916992,0.9257192015647888,1,0,-1
286,1,909.6776123046875,1.8497989177703857,34.26788330078125,55.802040100097656,0.9165014028549194,1,0,-1
287,1,910.0653076171875,0.0,33.9190673828125,55.317745208740234,0.884581446647644,1,0,-1
288,1,910.1721801757812,0.0,33.8153076171875,54.47482681274414,0.8769487142562866,1,0,-1
