2,1063,1461.7601318359375,550.8453979492188,38.052978515625,59.28802490234375,0.9510968923568726,1,0,-1
3,1063,1461.780029296875,551.367919921875,38.0975341796875,59.829345703125,0.945337176322937,1,0,-1
4,1063,1461.95166015625,551.573974609375,38.1361083984375,60.12225341796875,0.9446227550506592,1,0,-1
5,1063,1462.091796875,552.164306640625,37.8121337890625,59.24261474609375,0.9448210597038269,1,0,-1
6,1063,1462.094970703125,552.1817016601562,37.6641845703125,59.3001708984375,0.9438319206237793,1,0,-1
7,1063,1461.9041748046875,551.5173950195312,37.995849609375,59.97564697265625,0.9434932470321655,1,0,-1
8,1063,1461.7203369140625,551.3251342773438,38.1285400390625,59.9373779296875,0.9467276334762573,1,0,-1
9,1063,1461.6123046875,551.0123901367188,37.7672119140625,59.2362060546875,0.948030412197113,1,0,-1
10,1063,1461.5704345703125,550.5135498046875,37.2398681640625,58.58880615234375,0.949786901473999,1,0,-1
11,1063,1461.1766357421875,549.452392578125,36.9844970703125,59.135009765625,0.9447224140167236,1,0,-1
12,1063,1460.583984375,548.2720336914062,36.7498779296875,59.86181640625,0.950955331325531,1,0,-1
13,1063,1459.7410888671875,547.8998413085938,36.51171875,59.4376220703125,0.9283888936042786,1,0,-1
14,1063,1458.6563720703125,547.5291137695312,36.302490234375,59.16778564453125,0.9535539746284485,1,0,-1
15,1063,1456.9017333984375,547.3787841796875,36.357421875,58.973876953125,0.9465058445930481,1,0,-1
16,1063,1454.7626953125,546.7984008789062,36.255859375,59.35076904296875,0.9463722705841064,1,0,-1
17,1063,1451.1988525390625,545.875732421875,36.27001953125,60.07440185546875,0.9440724849700928,1,0,-1
18,1063,1446.642578125,546.0469970703125,36.5115966796875,60.250732421875,0.9411582946777344,1,0,-1
19,1063,1442.0838623046875,547.1786499023438,36.489501953125,59.239990234375,0.9379258155822754,1,0,-1
20,1063,1437.4522705078125,547.9006958007812,35.9031982421875,58.4737548828125,0.9501885175704956,1,0,-1
21,1063,1432.7720947265625,549.4370727539062,35.9892578125,59.171630859375,0.9494132399559021,1,0,-1
22,1063,1428.45068359375,551.8838500976562,35.555419921875,59.23876953125,0.9572972059249878,1,0,-1
23,1063,1424.85986328125,555.4391479492188,35.4979248046875,58.12750244140625,0.9557551145553589,1,0,-1
24,1063,1422.2242431640625,559.2582397460938,35.9647216796875,58.177978515625,0.9517524242401123,1,0,-1
25,1063,1420.3992919921875,563.0515747070312,36.380859375,59.00384521484375,0.9448843002319336,1,0,-1
26,1063,1419.7884521484375,567.3416748046875,36.407958984375,59.4620361328125,0.9488687515258789,1,0,-1
27,1063,1419.8944091796875,572.6827392578125,35.4847412109375,58.72198486328125,0.9538330435752869,1,0,-1
28,1063,1419.9854736328125,577.2373046875,36.2789306640625,59.30181884765625,0.9601534008979797,1,0,-1
29,1063,1420.1968994140625,581.8106079101562,36.6048583984375,59.7335205078125,0.9549605846405029,1,0,-1
30,1063,1420.7489013671875,585.775390625,37.06982421875,59.642822265625,0.9526630640029907,1,0,-1
31,1063,1421.4466552734375,588.8593139648438,37.1995849609375,60.18896484375,0.9515212774276733,1,0,-1
32,1063,1422.683837890625,592.2539672851562,36.4486083984375,60.1318359375,0.9466259479522705,1,0,-1
33,1063,1423.825927734375,595.420654296875,35.8514404296875,59.81549072265625,0.9467182159423828,1,0,-1
34,1063,1424.6524658203125,597.1138916015625,36.0140380859375,60.42083740234375,0.9573618173599243,1,0,-1
35,1063,1424.7783203125,599.0127563476562,36.26123046875,60.63934326171875,0.9603853821754456,1,0,-1
36,1063,1425.358642578125,600.3967895507812,36.10400390625,60.08953857421875,0.9578781127929688,1,0,-1
37,1063,1425.956298828125,601.2107543945312,36.2659912109375,59.52392578125,0.9592394828796387,1,0,-1
38,1063,1426.5545654296875,601.2962646484375,35.959716796875,59.449951171875,0.957602322101593,1,0,-1
39,1063,1426.924560546875,601.0052490234375,36.002197265625,59.516845703125,0.9571505188941956,1,0,-1
40,1063,1427.071044921875,600.0848388671875,36.1854248046875,60.0260009765625,0.9571272730827332,1,0,-1
41,1063,1427.468994140625,599.6926879882812,36.1317138671875,60.03411865234375,0.9575570821762085,1,0,-1
42,1063,1427.37548828125,598.4688110351562,36.323974609375,60.401611328125,0.9538384079933167,1,0,-1
43,1063,1427.7291259765625,597.526123046875,36.28515625,60.29400634765625,0.6555328965187073,1,0,-1
44,1063,1428.2479248046875,595.629638671875,36.3525390625,60.90924072265625,0.9537934064865112,1,0,-1
45,1063,1428.3243408203125,593.711181640625,36.7003173828125,61.46258544921875,0.94976407289505,1,0,-1
46,1063,1428.6788330078125,592.5210571289062,37.25439453125,61.22344970703125,0.9489552974700928,1,0,-1
47,1063,1428.7772216796875,590.49560546875,37.8721923828125,62.63995361328125,0.9565846920013428,1,0,-1
48,1063,1429.77392578125,589.1903686523438,38.10791015625,62.4608154296875,0.9535314440727234,1,0,-1
49,1063,1430.80859375,587.8499145507812,37.2508544921875,61.9970703125,0.9535753130912781,1,0,-1
50,1063,1431.04150390625,586.4759521484375,37.6669921875,62.20263671875,0.9559828639030457,1,0,-1
51,1063,1431.26171875,584.79833984375,37.97412109375,62.7117919921875,0.9579496383666992,1,0,-1
52,1063,1431.64013671875,583.1832275390625,38.326416015625,62.2138671875,0.9621291756629944,1,0,-1
53,1063,1432.266357421875,580.705078125,38.4522705078125,62.25811767578125,0.9652885794639587,1,0,-1
54,1063,1433.3211669921875,578.6314086914062,37.9962158203125,62.88824462890625,0.9610520601272583,1,0,-1
55,1063,1434.0133056640625,576.6866455078125,38.045166015625,62.6378173828125,0.962117612361908,1,0,-1
56,1063,1434.8277587890625,574.1876220703125,38.0894775390625,62.90069580078125,0.9572739601135254,1,0,-1
57,1063,1436.0484619140625,571.4185791015625,38.1343994140625,63.7904052734375,0.9564792513847351,1,0,-1
58,1063,1437.3583984375,569.2628784179688,38.447021484375,63.4080810546875,0.9559060335159302,1,0,-1
60,1063,1440.0382080078125,564.8040771484375,39.040771484375,64.73822021484375,0.9620001912117004,1,0,-1
61,1063,1441.31689453125,562.7533569335938,39.350830078125,64.7435302734375,0.9514691829681396,1,0,-1
62,1063,1442.1334228515625,560.4691772460938,40.392578125,64.80517578125,0.9555160403251648,1,0,-1
63,1063,1443.3668212890625,558.9872436523438,40.391357421875,64.6439208984375,0.9517874121665955,1,0,-1
64,1063,1445.3408203125,557.4713745117188,40.1146240234375,64.11212158203125,0.9611543416976929,1,0,-1
65,1063,1447.232666015625,554.92529296875,39.9678955078125,64.2557373046875,0.9609357714653015,1,0,-1
66,1063,1449.3314208984375,552.993896484375,40.511962890625,64.6651611328125,0.9571380615234375,1,0,-1
67,1063,1451.681396484375,551.0178833007812,39.8099365234375,65.79351806640625,0.9509457349777222,1,0,-1
68,1063,1454.3876953125,549.5554809570312,39.4720458984375,65.96142578125,0.9481760263442993,1,0,-1
69,1063,1455.8170166015625,547.7647094726562,40.4278564453125,65.7529296875,0.9528684616088867,1,0,-1
70,1063,1457.5223388671875,546.7808837890625,40.3729248046875,65.423095703125,0.9426705241203308,1,0,-1
71,1063,1459.7445068359375,544.7969360351562,40.56201171875,66.4552001953125,0.9338110685348511,1,0,-1
72,1063,1461.1895751953125,544.2061157226562,41.296142578125,66.4735107421875,0.9509356021881104,1,0,-1
73,1063,1463.0587158203125,542.9414672851562,42.0340576171875,67.68682861328125,0.9585469961166382,1,0,-1
74,1063,1465.2818603515625,541.9503173828125,41.4173583984375,68.3839111328125,0.9618278741836548,1,0,-1
75,1063,1466.5557861328125,541.0414428710938,42.274658203125,68.6248779296875,0.9634808897972107,1,0,-1
76,1063,1468.3756103515625,540.8104858398438,42.1275634765625,68.290771484375,0.9603897929191589,1,0,-1
77,1063,1470.0792236328125,541.0847778320312,42.5308837890625,67.07220458984375,0.9538336396217346,1,0,-1
78,1063,1472.436767578125,540.05224609375,42.507568359375,67.28387451171875,0.955944836139679,1,0,-1
79,1063,1474.526123046875,539.2232055664062,42.4638671875,67.939453125,0.9530688524246216,1,0,-1
80,1063,1476.51171875,538.5616455078125,42.5611572265625,68.06756591796875,0.9533281326293945,1,0,-1
81,1063,1478.5999755859375,538.1630859375,42.020751953125,68.465576171875,0.9600037932395935,1,0,-1
82,1063,1480.0362548828125,537.0353393554688,42.2724609375,69.38043212890625,0.9604231119155884,1,0,-1
83,1063,1482.2371826171875,536.2013549804688,42.49560546875,69.7574462890625,0.9577305912971497,1,0,-1
84,1063,1483.9287109375,535.3140258789062,43.26171875,70.1826171875,0.9566597938537598,1,0,-1
85,1063,1486.1019287109375,534.6961059570312,44.2647705078125,69.80194091796875,0.9612593054771423,1,0,-1
86,1063,1489.3599853515625,533.552978515625,43.8192138671875,70.00787353515625,0.9657738208770752,1,0,-1
87,1063,1491.770751953125,532.2643432617188,44.3338623046875,69.7767333984375,0.9617746472358704,1,0,-1
88,1063,1494.224609375,531.1843872070312,44.9696044921875,70.3099365234375,0.9580965638160706,1,0,-1
89,1063,1496.7841796875,530.1669311523438,44.981689453125,71.24066162109375,0.9572065472602844,1,0,-1
90,1063,1499.70068359375,529.8430786132812,44.318603515625,71.49609375,0.9530240297317505,1,0,-1
91,1063,1502.13427734375,529.7605590820312,43.6834716796875,71.5020751953125,0.9566171169281006,1,0,-1
92,1063,1503.7947998046875,529.2697143554688,44.2052001953125,71.73095703125,0.9580009579658508,1,0,-1
93,1063,1505.8743896484375,529.1768188476562,44.677734375,71.7984619140625,0.9311622381210327,1,0,-1
94,1063,1506.72216796875,529.0556030273438,45.47314453125,72.28662109375,0.9626571536064148,1,0,-1
95,1063,1507.276123046875,528.7647705078125,45.869140625,72.49932861328125,0.962257444858551,1,0,-1
96,1063,1507.5220947265625,529.0299072265625,46.1517333984375,72.4171142578125,0.9606187343597412,1,0,-1
97,1063,1507.4312744140625,529.0201416015625,46.1104736328125,72.45941162109375,0.9611803293228149,1,0,-1
98,1063,1506.9437255859375,529.2604370117188,46.6568603515625,72.22320556640625,0.9611353874206543,1,0,-1
99,1063,1506.3209228515625,529.4622802734375,47.2589111328125,72.17498779296875,0.9600233435630798,1,0,-1
100,1063,1505.939697265625,529.2385864257812,47.460693359375,72.26611328125,0.9610887169837952,1,0,-1
101,1063,1506.108642578125,528.7481689453125,47.3720703125,72.80572509765625,0.9588740468025208,1,0,-1
102,1063,1506.1290283203125,527.981689453125,47.4443359375,73.41143798828125,0.9584519267082214,1,0,-1
103,1063,1506.4476318359375,527.5847778320312,47.3487548828125,73.64398193359375,0.9568830132484436,1,0,-1
104,1063,1506.7620849609375,527.2058715820312,47.0853271484375,73.7811279296875,0.9589416980743408,1,0,-1
105,1063,1507.2589111328125,527.0335693359375,47.0870361328125,74.14666748046875,0.9601726531982422,1,0,-1
106,1063,1507.6241455078125,526.726318359375,47.500244140625,74.397705078125,0.9614447951316833,1,0,-1
107,1063,1507.85107421875,526.0987548828125,48.4718017578125,75.0511474609375,0.9523358941078186,1,0,-1
108,1063,1508.540771484375,525.6393432617188,48.61083984375,75.48321533203125,0.9521687030792236,1,0,-1
109,1063,1509.80615234375,525.14404296875,48.665771484375,75.74615478515625,0.915509045124054,1,0,-1
110,1063,1511.490966796875,524.674560546875,48.530517578125,76.27264404296875,0.9124555587768555,1,0,-1
111,1063,1513.5218505859375,524.2365112304688,48.6480712890625,76.81170654296875,0.9107396602630615,1,0,-1
113,1063,1517.6483154296875,522.7542114257812,49.0047607421875,78.05975341796875,0.5054494142532349,1,0,-1
114,1063,1520.265625,521.7814331054688,49.003173828125,78.71282958984375,0.7208519577980042,1,0,-1
116,1063,1525.97900390625,519.42626953125,49.43603515625,79.53076171875,0.9204856157302856,1,0,-1
117,1063,1527.819580078125,518.9231567382812,50.302001953125,79.7769775390625,0.9600890278816223,1,0,-1
118,1063,1529.84130859375,517.8002319335938,50.673583984375,80.92095947265625,0.9621989130973816,1,0,-1
119,1063,1532.0906982421875,516.5770263671875,51.2083740234375,81.34661865234375,0.9653576016426086,1,0,-1
120,1063,1534.78857421875,516.175537109375,51.7886962890625,80.6358642578125,0.9597809314727783,1,0,-1
121,1063,1538.197998046875,515.1668701171875,52.0013427734375,80.77044677734375,0.9596445560455322,1,0,-1
122,1063,1540.9901123046875,513.7875366210938,52.0767822265625,81.7391357421875,0.9596369862556458,1,0,-1
123,1063,1544.917724609375,512.9259033203125,51.739990234375,82.1427001953125,0.956839382648468,1,0,-1
124,1063,1548.51416015625,511.8083190917969,51.7696533203125,82.40231323242188,0.9504912495613098,1,0,-1
125,1063,1550.7392578125,511.04254150390625,53.3406982421875,82.747802734375,0.954529881477356,1,0,-1
126,1063,1553.313232421875,509.8883056640625,53.72412109375,82.78167724609375,0.9627680778503418,1,0,-1
127,1063,1556.40576171875,508.6971130371094,54.2264404296875,83.35964965820312,0.9628725051879883,1,0,-1
128,1063,1560.033447265625,507.2485046386719,54.213623046875,84.02572631835938,0.9623851180076599,1,0,-1
129,1063,1563.469482421875,505.79400634765625,54.458984375,84.1962890625,0.9598789811134338,1,0,-1
130,1063,1567.2918701171875,504.2924499511719,55.2542724609375,84.96255493164062,0.953273355960846,1,0,-1
131,1063,1571.093994140625,503.1602478027344,55.5413818359375,85.65780639648438,0.8358952403068542,1,0,-1
132,1063,1574.694091796875,502.58624267578125,55.6185302734375,85.6546630859375,0.9487094879150391,1,0,-1
133,1063,1577.257080078125,501.57818603515625,57.1015625,85.30145263671875,0.9546710848808289,1,0,-1
134,1063,1580.8262939453125,500.7360534667969,57.3336181640625,85.51315307617188,0.9606884121894836,1,0,-1
135,1063,1584.990234375,498.90771484375,56.726318359375,86.9683837890625,0.937717080116272,1,0,-1
136,1063,1588.4755859375,497.43951416015625,57.9732666015625,88.11993408203125,0.9487168192863464,1,0,-1
137,1063,1592.5736083984375,496.0533142089844,57.9517822265625,89.04354858398438,0.9338885545730591,1,0,-1
138,1063,1596.3338623046875,495.6383056640625,57.7362060546875,88.77789306640625,0.9508876204490662,1,0,-1
139,1063,1599.366943359375,495.17449951171875,59.06494140625,88.53021240234375,0.9488134980201721,1,0,-1
140,1063,1602.921875,494.76031494140625,59.2523193359375,89.1580810546875,0.9511929750442505,1,0,-1
141,1063,1606.915771484375,494.2467956542969,59.4739990234375,90.36746215820312,0.9520150423049927,1,0,-1
142,1063,1610.5914306640625,493.84722900390625,60.7528076171875,91.1231689453125,0.9373800158500671,1,0,-1
143,1063,1614.33154296875,493.5047912597656,61.466064453125,91.52163696289062,0.9218422770500183,1,0,-1
144,1063,1618.3450927734375,493.0960998535156,61.1484375,91.81069946289062,0.9498644471168518,1,0,-1
145,1063,1622.126708984375,492.7366638183594,61.6329345703125,92.19772338867188,0.9539366364479065,1,0,-1
146,1063,1625.3818359375,492.15789794921875,62.3011474609375,92.5938720703125,0.9486302137374878,1,0,-1
147,1063,1628.906982421875,491.29449462890625,63.0699462890625,93.83526611328125,0.954086184501648,1,0,-1
148,1063,1633.5032958984375,489.96051025390625,63.5423583984375,94.773681640625,0.9308316111564636,1,0,-1
149,1063,1636.9306640625,488.8216857910156,64.32666015625,95.56985473632812,0.8952004909515381,1,0,-1
150,1063,1641.4049072265625,488.7009582519531,64.5089111328125,94.31613159179688,0.9402241110801697,1,0,-1
151,1063,1645.6715087890625,487.8651123046875,64.5386962890625,94.85052490234375,0.9546132683753967,1,0,-1
152,1063,1649.447021484375,486.9014892578125,65.0335693359375,96.4278564453125,0.9443197846412659,1,0,-1
153,1063,1653.5028076171875,485.72454833984375,66.165771484375,97.5040283203125,0.8956554532051086,1,0,-1
154,1063,1657.57958984375,484.5365295410156,66.764892578125,98.25613403320312,0.794752836227417,1,0,-1
156,1063,1666.6494140625,482.0918884277344,66.7720947265625,99.12948608398438,0.9096813797950745,1,0,-1
157,1063,1670.4222412109375,480.591552734375,67.6099853515625,100.74310302734375,0.942594051361084,1,0,-1
158,1063,1674.9879150390625,479.1749267578125,69.165283203125,102.028076171875,0.8529897928237915,1,0,-1
163,1063,1696.3646240234375,475.8826599121094,72.94287109375,103.05807495117188,0.579797089099884,1,0,-1
164,1063,1701.4815673828125,474.389404296875,73.0587158203125,104.0308837890625,0.722864031791687,1,0,-1
165,1063,1706.6558837890625,473.192626953125,73.3140869140625,104.92083740234375,0.7753092646598816,1,0,-1
168,1063,1722.6708984375,469.541259765625,75.7147216796875,107.37060546875,0.9045239686965942,1,0,-1
169,1063,1728.1939697265625,468.8753356933594,76.386474609375,107.36624145507812,0.9183194041252136,1,0,-1
170,1063,1732.4967041015625,467.1565246582031,78.0692138671875,108.83822631835938,0.907224714756012,1,0,-1
171,1063,1738.1925048828125,466.21527099609375,78.4481201171875,109.9527587890625,0.9508949518203735,1,0,-1
172,1063,1743.69873046875,464.8246154785156,78.9395751953125,111.13131713867188,0.9636080265045166,1,0,-1
173,1063,1750.1043701171875,464.1089172363281,78.7823486328125,111.77804565429688,0.9716179370880127,1,0,-1
174,1063,1756.445556640625,463.08087158203125,79.19091796875,112.44970703125,0.9707833528518677,1,0,-1
175,1063,1762.691162109375,462.0121154785156,80.5159912109375,113.34750366210938,0.9627715349197388,1,0,-1
176,1063,1768.7886962890625,460.6666564941406,81.858642578125,114.01968383789062,0.8300938606262207,1,0,-1
177,1063,1775.51171875,458.9831237792969,81.4244384765625,116.23825073242188,0.9371745586395264,1,0,-1
178,1063,1780.461669921875,457.1736145019531,84.068115234375,117.45816040039062,0.9384279847145081,1,0,-1
179,1063,1786.842041015625,455.1125183105469,83.9764404296875,118.80068969726562,0.968779444694519,1,0,-1
180,1063,1793.4239501953125,453.5807189941406,84.54931640625,119.95364379882812,0.9745633006095886,1,0,-1
181,1063,1800.6627197265625,452.22052001953125,86.0059814453125,120.368896484375,0.9781096577644348,1,0,-1
182,1063,1807.6143798828125,451.2369079589844,87.8966064453125,120.64285278320312,0.980751633644104,1,0,-1
183,1063,1814.8302001953125,448.9087219238281,88.26123046875,121.84432983398438,0.9816015958786011,1,0,-1
184,1063,1821.5352783203125,446.7092590332031,88.57861328125,122.74813842773438,0.9781705737113953,1,0,-1
185,1063,1827.6126708984375,443.63494873046875,90.81640625,124.153564453125,0.9813864827156067,1,0,-1
186,1063,1834.2918701171875,441.49151611328125,85.7081298828125,124.72589111328125,0.9819194078445435,1,0,-1
187,1063,1840.6512451171875,439.62078857421875,79.3487548828125,125.37738037109375,0.9819285869598389,1,0,-1
188,1063,1847.9261474609375,436.8839111328125,72.0738525390625,126.13385009765625,0.9822012782096863,1,0,-1
189,1063,1855.7969970703125,434.2518310546875,64.2030029296875,126.85888671875,0.9784055948257446,1,0,-1
190,1063,1863.5465087890625,432.3941650390625,56.4534912109375,126.86785888671875,0.8306632041931152,1,0,-1
192,1063,1877.847412109375,426.90325927734375,42.152587890625,129.021728515625,0.9217154383659363,1,0,-1
193,1063,1886.1021728515625,424.79547119140625,33.8978271484375,130.2467041015625,0.9412813186645508,1,0,-1
194,1063,1892.7955322265625,422.5459289550781,27.2044677734375,131.76547241210938,0.942464292049408,1,0,-1
195,1063,1900.36328125,420.9639587402344,19.63671875,134.11862182617188,0.9395608901977539,1,0,-1
196,1063,1909.03173828125,418.09423828125,10.96826171875,135.59521484375,0.6959242224693298,1,0,-1
