2,847,1403.0166015625,431.1498107910156,24.4906005859375,39.893157958984375,0.5942114591598511,1,0,-1
3,847,1399.8729248046875,433.8108825683594,24.432861328125,40.525787353515625,0.9261223673820496,1,0,-1
4,847,1397.9376220703125,437.8489990234375,24.4541015625,40.7183837890625,0.9377695918083191,1,0,-1
5,847,1396.6739501953125,441.3484191894531,24.8360595703125,40.941314697265625,0.9203656911849976,1,0,-1
6,847,1396.2889404296875,445.5469970703125,25.18310546875,40.150604248046875,0.9263553619384766,1,0,-1
7,847,1396.82763671875,448.7756652832031,25.08837890625,40.691131591796875,0.9291940927505493,1,0,-1
8,847,1397.882568359375,452.22760009765625,25.0308837890625,40.6236572265625,0.9268490076065063,1,0,-1
9,847,1399.2523193359375,454.5119323730469,24.9541015625,41.077728271484375,0.9292906522750854,1,0,-1
10,847,1400.5943603515625,457.0046691894531,24.9110107421875,40.995941162109375,0.9261938333511353,1,0,-1
11,847,1402.495849609375,458.4672546386719,25.3963623046875,41.030120849609375,0.621504545211792,1,0,-1
12,847,1404.370361328125,459.41510009765625,25.4669189453125,41.109649658203125,0.9224469661712646,1,0,-1
13,847,1406.526123046875,460.0462646484375,24.8328857421875,40.801361083984375,0.923785924911499,1,0,-1
14,847,1407.620849609375,460.5003356933594,25.2620849609375,40.597412109375,0.9209484457969666,1,0,-1
15,847,1408.794677734375,460.4638671875,24.995849609375,40.699676513671875,0.9211458563804626,1,0,-1
16,847,1409.4144287109375,460.24261474609375,24.833740234375,40.580352783203125,0.9264346361160278,1,0,-1
17,847,1409.5899658203125,459.1662292480469,24.8582763671875,41.456146240234375,0.9298489093780518,1,0,-1
18,847,1409.1705322265625,457.9590759277344,25.21484375,42.156494140625,0.9290609955787659,1,0,-1
19,847,1408.767578125,457.3614501953125,25.201904296875,41.758087158203125,0.9268269538879395,1,0,-1
20,847,1407.647705078125,456.1386413574219,25.47998046875,41.59368896484375,0.9278075695037842,1,0,-1
21,847,1406.5362548828125,454.4228210449219,25.3759765625,42.004058837890625,0.9328929781913757,1,0,-1
22,847,1404.7816162109375,453.051513671875,26.2091064453125,42.269134521484375,0.9290266633033752,1,0,-1
23,847,1403.6341552734375,452.06268310546875,26.2315673828125,41.63690185546875,0.9247740507125854,1,0,-1
24,847,1401.553466796875,450.3224792480469,26.54248046875,41.244232177734375,0.5437619686126709,1,0,-1
25,847,1400.3497314453125,447.54052734375,26.29052734375,42.649566650390625,0.9333698153495789,1,0,-1
26,847,1399.2138671875,445.6059875488281,25.99658203125,42.953826904296875,0.937790036201477,1,0,-1
27,847,1397.766357421875,443.35516357421875,26.62744140625,42.723388671875,0.940370500087738,1,0,-1
28,847,1396.7762451171875,441.26580810546875,26.829833984375,42.8389892578125,0.9421745538711548,1,0,-1
29,847,1395.9346923828125,439.91583251953125,26.81884765625,42.83428955078125,0.9364359378814697,1,0,-1
30,847,1395.4139404296875,438.7552490234375,26.590576171875,43.147979736328125,0.9139002561569214,1,0,-1
31,847,1395.0740966796875,437.7142333984375,26.659423828125,42.7894287109375,0.9365854263305664,1,0,-1
32,847,1394.8348388671875,436.6632385253906,26.6611328125,42.91204833984375,0.9285420775413513,1,0,-1
33,847,1395.305908203125,436.43157958984375,26.3505859375,42.68438720703125,0.9274155497550964,1,0,-1
34,847,1395.905029296875,435.72271728515625,25.8612060546875,43.07330322265625,0.9370859861373901,1,0,-1
35,847,1396.40478515625,435.0530700683594,25.6954345703125,43.512969970703125,0.9360766410827637,1,0,-1
36,847,1396.966064453125,434.6953125,25.583251953125,43.87091064453125,0.9337944388389587,1,0,-1
37,847,1397.518310546875,434.4108581542969,25.6490478515625,44.1175537109375,0.9350067973136902,1,0,-1
38,847,1397.7852783203125,434.3631591796875,25.8245849609375,44.29132080078125,0.9389853477478027,1,0,-1
39,847,1398.207763671875,434.1994934082031,25.988037109375,44.523101806640625,0.936000645160675,1,0,-1
40,847,1398.8349609375,434.10064697265625,26.0247802734375,44.824005126953125,0.9348883032798767,1,0,-1
41,847,1399.5523681640625,434.366943359375,26.1427001953125,44.9334716796875,0.9287152886390686,1,0,-1
42,847,1400.2230224609375,435.12384033203125,26.408203125,44.72723388671875,0.9249979853630066,1,0,-1
43,847,1401.0821533203125,435.6477966308594,26.8116455078125,44.51251220703125,0.8100741505622864,1,0,-1
44,847,1402.24169921875,436.2626037597656,27.7418212890625,44.3643798828125,0.9310950040817261,1,0,-1
45,847,1403.6346435546875,436.74627685546875,27.743896484375,44.068572998046875,0.854810357093811,1,0,-1
46,847,1405.013427734375,436.6860656738281,27.26123046875,44.793792724609375,0.9337963461875916,1,0,-1
47,847,1406.02392578125,436.6743469238281,27.0994873046875,45.0406494140625,0.9447963833808899,1,0,-1
48,847,1406.91796875,436.7518005371094,26.9716796875,45.559600830078125,0.9532245993614197,1,0,-1
49,847,1407.7352294921875,436.77874755859375,26.7860107421875,45.74755859375,0.9541914463043213,1,0,-1
50,847,1408.24267578125,436.4745178222656,27.224609375,46.228973388671875,0.9549031257629395,1,0,-1
51,847,1409.107177734375,436.17578125,27.312744140625,46.1510009765625,0.9536778926849365,1,0,-1
52,847,1409.961181640625,435.96405029296875,27.8575439453125,46.114410400390625,0.9442625045776367,1,0,-1
53,847,1411.179443359375,435.5584411621094,27.82568359375,46.183380126953125,0.9353246688842773,1,0,-1
54,847,1412.1842041015625,434.3215637207031,28.3255615234375,46.474639892578125,0.9212992787361145,1,0,-1
55,847,1413.3955078125,433.7338562011719,28.9468994140625,46.334930419921875,0.9345192313194275,1,0,-1
56,847,1414.5626220703125,432.9522705078125,28.6356201171875,46.0472412109375,0.9219052195549011,1,0,-1
57,847,1415.826904296875,431.5080871582031,28.3094482421875,46.374298095703125,0.924454391002655,1,0,-1
58,847,1416.70849609375,429.8544006347656,28.667724609375,46.907958984375,0.9362689256668091,1,0,-1
59,847,1418.28076171875,428.2809753417969,28.2672119140625,46.424591064453125,0.9421656727790833,1,0,-1
60,847,1419.5020751953125,427.2440185546875,28.33349609375,46.489471435546875,0.9378050565719604,1,0,-1
61,847,1420.7489013671875,425.0919494628906,28.2022705078125,46.5465087890625,0.9418555498123169,1,0,-1
62,847,1421.7801513671875,422.6383972167969,29.0377197265625,47.680419921875,0.9478663802146912,1,0,-1
63,847,1423.186767578125,420.9005432128906,29.4556884765625,47.485809326171875,0.6166055798530579,1,0,-1
64,847,1424.364501953125,418.30621337890625,29.5941162109375,47.924407958984375,0.9478657245635986,1,0,-1
65,847,1425.5435791015625,415.9548034667969,29.7464599609375,47.618988037109375,0.95783931016922,1,0,-1
66,847,1426.713623046875,413.8408508300781,29.81787109375,47.7320556640625,0.9557871222496033,1,0,-1
67,847,1428.38671875,411.6883850097656,29.4554443359375,47.427886962890625,0.9502398371696472,1,0,-1
68,847,1430.039794921875,408.527099609375,29.1839599609375,48.197052001953125,0.9340963363647461,1,0,-1
69,847,1431.1368408203125,405.39990234375,29.640380859375,48.532989501953125,0.9408631920814514,1,0,-1
70,847,1432.5130615234375,402.6539306640625,29.6002197265625,48.294891357421875,0.940871000289917,1,0,-1
71,847,1434.077392578125,399.4088439941406,30.1788330078125,48.428070068359375,0.9461935758590698,1,0,-1
72,847,1435.8404541015625,396.40283203125,30.9581298828125,48.390472412109375,0.9383716583251953,1,0,-1
73,847,1437.501953125,392.9864501953125,31.2230224609375,49.16094970703125,0.9444650411605835,1,0,-1
74,847,1438.926513671875,389.6224365234375,31.5645751953125,49.214935302734375,0.9529048204421997,1,0,-1
75,847,1441.472900390625,386.3260498046875,30.711181640625,49.750030517578125,0.9463860392570496,1,0,-1
76,847,1443.8031005859375,382.54779052734375,30.900634765625,50.025421142578125,0.9283011555671692,1,0,-1
77,847,1445.9871826171875,379.2520751953125,31.7843017578125,50.360443115234375,0.8984615206718445,1,0,-1
78,847,1448.4044189453125,375.12896728515625,31.583740234375,51.150054931640625,0.9401391744613647,1,0,-1
79,847,1450.6287841796875,371.4153747558594,31.626953125,50.826934814453125,0.946862518787384,1,0,-1
80,847,1453.80224609375,367.9621276855469,31.0845947265625,50.617462158203125,0.9600091576576233,1,0,-1
81,847,1456.2225341796875,364.4490966796875,31.43115234375,50.633056640625,0.9542304873466492,1,0,-1
82,847,1458.7020263671875,361.15667724609375,31.7840576171875,51.02984619140625,0.9453192353248596,1,0,-1
83,847,1461.1063232421875,357.3343200683594,32.416748046875,51.692718505859375,0.9363162517547607,1,0,-1
84,847,1463.7249755859375,354.2609558105469,32.3878173828125,51.869842529296875,0.9380677342414856,1,0,-1
85,847,1466.6312255859375,350.7937316894531,32.666748046875,52.15771484375,0.9501543641090393,1,0,-1
86,847,1468.9298095703125,347.6983642578125,33.5511474609375,52.72003173828125,0.9405831694602966,1,0,-1
87,847,1472.0074462890625,344.635986328125,33.783935546875,52.8369140625,0.9586079120635986,1,0,-1
88,847,1475.3173828125,341.7904357910156,33.6348876953125,53.4747314453125,0.9624543786048889,1,0,-1
88,849,746.161865234375,242.26475524902344,24.79925537109375,75.41819763183594,0.5289875268936157,1,0,-1
89,847,1479.0255126953125,338.9219055175781,33.2174072265625,53.510711669921875,0.9619114995002747,1,0,-1
90,847,1482.0338134765625,336.10943603515625,33.81298828125,54.094512939453125,0.9492184519767761,1,0,-1
91,847,1484.8037109375,332.907958984375,34.5284423828125,54.795318603515625,0.9440454840660095,1,0,-1
92,847,1488.186279296875,330.03277587890625,34.3792724609375,55.11083984375,0.9353011250495911,1,0,-1
92,849,743.7388305664062,227.8002471923828,25.2755126953125,73.94398498535156,0.5489981770515442,1,0,-1
93,847,1491.2313232421875,327.1016845703125,35.3121337890625,55.472991943359375,0.9507577419281006,1,0,-1
94,847,1494.6566162109375,324.6761474609375,35.3333740234375,55.476959228515625,0.9469451308250427,1,0,-1
95,847,1498.141845703125,322.23492431640625,35.217041015625,55.642730712890625,0.9555864334106445,1,0,-1
95,849,742.1468505859375,220.05784606933594,25.260009765625,78.42646789550781,0.7880365252494812,1,0,-1
96,847,1501.232666015625,319.7812194824219,35.4097900390625,55.796295166015625,0.9617208242416382,1,0,-1
96,849,740.624267578125,216.61737060546875,26.3270263671875,78.2913818359375,0.6652912497520447,1,0,-1
97,847,1504.295654296875,317.76593017578125,35.6259765625,55.976715087890625,0.9574962258338928,1,0,-1
98,847,1507.12744140625,315.71612548828125,35.805908203125,56.83111572265625,0.9579780101776123,1,0,-1
99,847,1510.0172119140625,313.0193786621094,36.1385498046875,57.253662109375,0.9498651623725891,1,0,-1
100,847,1513.55712890625,310.3730773925781,36.3377685546875,57.419342041015625,0.8542717695236206,1,0,-1
101,847,1516.515380859375,308.07330322265625,36.692138671875,57.45758056640625,0.9458930492401123,1,0,-1
101,849,735.2202758789062,203.61778259277344,27.28436279296875,88.23002624511719,0.6136748194694519,1,0,-1
102,847,1519.9400634765625,305.41497802734375,36.4083251953125,58.30718994140625,0.9501481652259827,1,0,-1
102,849,735.5838012695312,205.9042510986328,26.471923828125,78.78413391113281,0.5330442786216736,1,0,-1
103,847,1523.525634765625,303.1819152832031,36.8502197265625,58.21588134765625,0.9487813711166382,1,0,-1
104,847,1527.1666259765625,301.1072082519531,37.261962890625,59.0648193359375,0.9462296962738037,1,0,-1
105,847,1530.2177734375,298.7157287597656,37.63525390625,59.5343017578125,0.9455820322036743,1,0,-1
106,847,1533.0865478515625,296.1375427246094,38.0684814453125,59.672119140625,0.9614064693450928,1,0,-1
107,847,1536.90087890625,294.0055847167969,38.3624267578125,59.57958984375,0.9586713314056396,1,0,-1
108,847,1540.0509033203125,291.8148193359375,39.1893310546875,59.60711669921875,0.9594001173973083,1,0,-1
109,847,1544.2503662109375,289.5479736328125,38.6417236328125,60.11920166015625,0.9623240828514099,1,0,-1
110,847,1548.605224609375,287.3906555175781,38.429443359375,60.752685546875,0.9591482281684875,1,0,-1
111,847,1552.1844482421875,285.0046081542969,38.76806640625,62.697021484375,0.9454018473625183,1,0,-1
112,847,1555.4921875,282.9842834472656,39.1912841796875,62.612152099609375,0.9550844430923462,1,0,-1
112,849,722.1429443359375,177.7913360595703,28.83990478515625,87.05070495605469,0.57610023021698,1,0,-1
113,847,1559.5517578125,282.0231628417969,38.9888916015625,61.92724609375,0.91936194896698,1,0,-1
114,847,1563.467529296875,280.7566833496094,39.8482666015625,62.1727294921875,0.9547190070152283,1,0,-1
115,847,1568.2242431640625,279.5215759277344,40.216064453125,62.304931640625,0.9414162635803223,1,0,-1
116,847,1573.0347900390625,278.056640625,40.5474853515625,62.984710693359375,0.9529810547828674,1,0,-1
117,847,1577.197998046875,276.9180603027344,40.5584716796875,63.88287353515625,0.9546997547149658,1,0,-1
117,849,720.0436401367188,167.35121154785156,30.12042236328125,88.73664855957031,0.5705271363258362,1,0,-1
118,847,1580.590087890625,276.3787841796875,42.2774658203125,64.53384399414062,0.9260901808738708,1,0,-1
118,849,719.6468505859375,165.97315979003906,30.498779296875,88.86761474609375,0.5474846363067627,1,0,-1
119,847,1585.527587890625,276.1255798339844,41.7706298828125,64.80673217773438,0.9519386291503906,1,0,-1
120,847,1589.326416015625,275.8393859863281,42.476806640625,65.10122680664062,0.9449471831321716,1,0,-1
121,847,1593.8665771484375,275.7384948730469,43.009765625,65.49020385742188,0.9435585141181946,1,0,-1
122,847,1598.9530029296875,275.33502197265625,41.8958740234375,65.90228271484375,0.9537914395332336,1,0,-1
123,847,1602.7845458984375,275.0869445800781,43.0645751953125,66.20220947265625,0.9381843209266663,1,0,-1
124,847,1605.6268310546875,274.3628845214844,44.5408935546875,66.81350708007812,0.9504958987236023,1,0,-1
125,847,1609.8319091796875,273.45526123046875,44.6109619140625,66.94976806640625,0.9521197080612183,1,0,-1
126,847,1614.7513427734375,272.4691162109375,44.5833740234375,67.86862182617188,0.9566047787666321,1,0,-1
127,847,1619.2293701171875,271.85137939453125,44.17626953125,67.47314453125,0.9576206207275391,1,0,-1
128,847,1623.361572265625,270.8114318847656,44.150146484375,67.4952392578125,0.9444487690925598,1,0,-1
129,847,1626.610107421875,270.13372802734375,45.011474609375,67.18173217773438,0.9523909687995911,1,0,-1
130,847,1629.9752197265625,268.8879699707031,45.86279296875,67.5360107421875,0.9636468887329102,1,0,-1
131,847,1634.4107666015625,267.13836669921875,45.98095703125,68.30364990234375,0.9533185362815857,1,0,-1
132,847,1639.4808349609375,265.8191223144531,45.715087890625,69.31988525390625,0.9538666009902954,1,0,-1
132,849,704.9609375,155.63760375976562,33.5140380859375,96.25320434570312,0.6347500681877136,1,0,-1
133,847,1644.4932861328125,264.6856994628906,45.13623046875,69.46353149414062,0.9496300220489502,1,0,-1
138,847,1669.846435546875,257.38299560546875,47.6531982421875,72.05783081054688,0.9289329051971436,1,0,-1
139,847,1674.2938232421875,256.7690734863281,48.7005615234375,71.73358154296875,0.9502359628677368,1,0,-1
140,847,1679.9930419921875,255.95379638671875,48.8614501953125,71.94384765625,0.9433123469352722,1,0,-1
141,847,1685.194580078125,254.33132934570312,49.7410888671875,73.13323974609375,0.9490957856178284,1,0,-1
142,847,1691.4927978515625,252.47853088378906,49.779541015625,75.33073425292969,0.9468958377838135,1,0,-1
143,847,1696.6953125,251.81182861328125,50.8900146484375,75.2381591796875,0.9444875717163086,1,0,-1
144,847,1702.4495849609375,251.0725555419922,51.9893798828125,75.33750915527344,0.9517771601676941,1,0,-1
145,847,1709.037109375,249.82260131835938,52.118408203125,76.34927368164062,0.9515161514282227,1,0,-1
147,847,1722.765625,248.1127166748047,53.023193359375,77.07115173339844,0.9373390674591064,1,0,-1
148,847,1730.4556884765625,246.9158935546875,53.0238037109375,77.60919189453125,0.9546800851821899,1,0,-1
149,847,1738.3916015625,245.96778869628906,53.1317138671875,78.42668151855469,0.9257062077522278,1,0,-1
150,847,1744.6802978515625,245.50750732421875,54.4100341796875,77.82330322265625,0.9487805366516113,1,0,-1
151,847,1751.8011474609375,244.5467529296875,54.8822021484375,78.5345458984375,0.9550207257270813,1,0,-1
152,847,1759.24462890625,243.1583709716797,56.103515625,80.11158752441406,0.9286145567893982,1,0,-1
153,847,1766.2713623046875,241.89279174804688,56.4595947265625,80.09475708007812,0.9360789656639099,1,0,-1
154,847,1771.481689453125,239.9506378173828,57.94287109375,80.51689147949219,0.9360846281051636,1,0,-1
155,847,1778.1395263671875,237.33969116210938,58.17529296875,82.20712280273438,0.9343322515487671,1,0,-1
156,847,1784.2540283203125,234.7101287841797,58.6668701171875,83.75782775878906,0.9107545018196106,1,0,-1
157,847,1789.9957275390625,232.5474853515625,58.8018798828125,83.21884155273438,0.9312188029289246,1,0,-1
158,847,1793.5662841796875,229.91769409179688,60.767333984375,84.63027954101562,0.943636417388916,1,0,-1
159,847,1798.453125,226.5345458984375,60.9598388671875,85.57186889648438,0.9377105832099915,1,0,-1
160,847,1802.1988525390625,223.28712463378906,62.35498046875,86.36235046386719,0.905472993850708,1,0,-1
161,847,1805.6680908203125,219.6691436767578,63.1412353515625,87.00831604003906,0.8566585779190063,1,0,-1
162,847,1809.3917236328125,215.94879150390625,62.580078125,87.00949096679688,0.90288907289505,1,0,-1
163,847,1812.3873291015625,212.07699584960938,63.5960693359375,87.31332397460938,0.9268915057182312,1,0,-1
164,847,1815.000732421875,208.49461364746094,64.6563720703125,87.75227355957031,0.9283242225646973,1,0,-1
165,847,1818.443603515625,204.37498474121094,65.4737548828125,89.66142272949219,0.9193761944770813,1,0,-1
166,847,1822.149658203125,199.8920135498047,66.6800537109375,91.46046447753906,0.8532893061637878,1,0,-1
167,847,1825.9930419921875,195.83547973632812,67.5570068359375,92.42657470703125,0.8570265173912048,1,0,-1
168,847,1828.3560791015625,190.9218292236328,68.6427001953125,93.16276550292969,0.7868669629096985,1,0,-1
169,847,1832.32421875,187.33132934570312,69.7178955078125,91.07601928710938,0.6464523673057556,1,0,-1
170,847,1836.06982421875,182.75416564941406,68.8984375,92.28630065917969,0.7255333662033081,1,0,-1
171,847,1839.0726318359375,177.80751037597656,69.569091796875,94.15904235839844,0.8448400497436523,1,0,-1
172,847,1841.744384765625,173.3145751953125,71.1444091796875,95.20025634765625,0.7971870303153992,1,0,-1
173,847,1844.212890625,167.7205047607422,72.7679443359375,98.23353576660156,0.8545881509780884,1,0,-1
174,847,1847.095458984375,162.59205627441406,72.169189453125,99.61125183105469,0.9405117630958557,1,0,-1
174,851,1847.4080810546875,162.67877197265625,71.864990234375,99.13348388671875,0.7370762825012207,1,0,-1
175,847,1849.5372314453125,157.37437438964844,70.4627685546875,100.94715881347656,0.9515726566314697,1,0,-1
176,847,1851.274169921875,152.49578857421875,68.725830078125,101.24568176269531,0.8615833520889282,1,0,-1
179,847,1860.3580322265625,136.28720092773438,59.6419677734375,107.49465942382812,0.5556655526161194,1,0,-1
180,847,1862.481201171875,131.18954467773438,57.518798828125,107.74598693847656,0.6516097187995911,1,0,-1
181,847,1864.0146484375,126.02689361572266,55.936279296875,108.81548309326172,0.7923642992973328,1,0,-1
182,847,1866.18701171875,120.90882873535156,53.4296875,108.96229553222656,0.8937366604804993,1,0,-1
183,847,1867.9395751953125,114.69853973388672,51.541015625,110.51476287841797,0.9150644540786743,1,0,-1
184,847,1869.1041259765625,108.77194213867188,50.3973388671875,110.67416381835938,0.8101391196250916,1,0,-1
185,847,1869.6702880859375,103.33460998535156,49.7811279296875,112.20817565917969,0.8140808343887329,1,0,-1
186,847,1869.607666015625,97.18951416015625,49.5228271484375,113.8787841796875,0.9163932800292969,1,0,-1
187,847,1869.5167236328125,91.40287017822266,49.440185546875,114.77983856201172,0.9262670874595642,1,0,-1
188,847,1869.7421875,86.2066650390625,49.239990234375,116.33460998535156,0.9288135170936584,1,0,-1
189,847,1869.562744140625,80.31891632080078,49.52001953125,116.8250503540039,0.8496611714363098,1,0,-1
190,847,1869.973876953125,75.63671112060547,49.435791015625,118.51306915283203,0.86249840259552,1,0,-1
191,847,1870.9112548828125,69.6315689086914,48.8311767578125,119.78217315673828,0.9226065278053284,1,0,-1
192,847,1872.458984375,64.1572494506836,47.541015625,120.90288543701172,0.9083187580108643,1,0,-1
193,847,1873.119384765625,57.376312255859375,46.880615234375,121.68899536132812,0.5622239112854004,1,0,-1
194,847,1874.6971435546875,51.90654754638672,45.3028564453125,122.14559173583984,0.7330179810523987,1,0,-1
195,847,1877.30810546875,46.078956604003906,42.69189453125,123.73236846923828,0.8462104797363281,1,0,-1
196,847,1880.826171875,40.05784606933594,39.173828125,123.62571716308594,0.9108864068984985,1,0,-1
197,847,1884.343505859375,33.04671859741211,35.656494140625,124.75605773925781,0.9057769775390625,1,0,-1
198,847,1887.9681396484375,25.930152893066406,32.0318603515625,127.9614486694336,0.8582869172096252,1,0,-1
199,847,1890.516845703125,14.161348342895508,29.483154296875,132.32318115234375,0.9235033988952637,1,0,-1
200,847,1893.6416015625,6.556976795196533,26.3583984375,131.68377685546875,0.9326156377792358,1,0,-1
201,847,1896.8392333984375,0.09008856862783432,23.1607666015625,131.63687133789062,0.9170918464660645,1,0,-1
202,847,1902.4547119140625,0.0,17.5452880859375,126.01258087158203,0.9125527143478394,1,0,-1
203,847,1907.6221923828125,0.0,12.3778076171875,120.77884674072266,0.8026968240737915,1,0,-1
