59,1,1309.641357421875,56.26059341430664,610.358642578125,422.81787109375,0.5667330026626587,1,0,-1
61,1,1293.6602783203125,66.3313217163086,626.3375244140625,413.76739501953125,0.6446654796600342,1,0,-1
64,1,1277.8157958984375,47.002925872802734,641.5650634765625,427.7900085449219,0.6710973381996155,1,0,-1
65,1,1262.4547119140625,38.30511474609375,656.633544921875,434.5749816894531,0.6451326012611389,1,0,-1
66,1,1265.807861328125,33.99711227416992,654.192138671875,436.90966796875,0.7882270812988281,1,0,-1
67,1,1261.1109619140625,35.72721862792969,657.8695068359375,432.04022216796875,0.7337583303451538,1,0,-1
68,1,1257.15478515625,34.774925231933594,662.480712890625,435.51019287109375,0.753504753112793,1,0,-1
69,1,1251.286376953125,28.555959701538086,667.505126953125,444.95074462890625,0.6869989037513733,1,0,-1
70,1,1275.1202392578125,19.097095489501953,644.7861328125,442.9706726074219,0.7973037958145142,1,0,-1
71,1,1283.4835205078125,15.96425724029541,635.5767822265625,436.9783630371094,0.7980395555496216,1,0,-1
72,1,1254.4248046875,11.296568870544434,665.1058349609375,446.18975830078125,0.5816964507102966,1,0,-1
73,1,1259.321044921875,8.429969787597656,659.8187255859375,445.9186096191406,0.8310930132865906,1,0,-1
74,1,1253.2216796875,6.213227272033691,666.4879150390625,452.004150390625,0.8174874186515808,1,0,-1
75,1,1256.2603759765625,4.829026222229004,663.720947265625,445.2276916503906,0.7681022882461548,1,0,-1
76,1,1232.851318359375,3.703310966491699,687.148681640625,448.7403564453125,0.6458290815353394,1,0,-1
77,1,1230.73095703125,2.2158706188201904,689.0662841796875,451.36004638671875,0.7595497965812683,1,0,-1
78,1,1235.197021484375,0.7112562656402588,684.5087890625,450.5892028808594,0.7932461500167847,1,0,-1
79,1,1232.716552734375,0.0,687.283447265625,450.7500305175781,0.775898814201355,1,0,-1
79,4,0.9219381213188171,552.659423828125,91.4197998046875,101.1441650390625,0.6197711229324341,1,2,-1
80,1,1236.79296875,0.0,683.20703125,449.32440185546875,0.7304819226264954,1,0,-1
80,4,0.6551957726478577,548.9855346679688,90.7158203125,103.55291748046875,0.5085920095443726,1,2,-1
81,1,1230.6871337890625,0.0,689.3128662109375,448.1871643066406,0.7376258969306946,1,0,-1
81,4,0.2506856322288513,543.1256713867188,89.72701263427734,105.682373046875,0.6094172596931458,1,2,-1
82,1,1239.3790283203125,0.0,680.1082763671875,435.2041015625,0.6994703412055969,1,0,-1
82,4,0.5712214708328247,542.7007446289062,89.4375,104.13214111328125,0.6182407140731812,1,2,-1
83,1,1235.707275390625,0.0,683.865966796875,431.2819519042969,0.7296274900436401,1,0,-1
83,4,0.23262089490890503,537.5046997070312,89.16878509521484,107.9332275390625,0.5848637223243713,1,2,-1
84,1,1247.3990478515625,0.0,672.1865234375,433.6163024902344,0.8618030548095703,1,0,-1
84,4,0.2805107831954956,535.6405029296875,88.2686767578125,108.176025390625,0.5803043246269226,1,2,-1
85,1,1244.99755859375,0.0,674.9732666015625,427.12646484375,0.807900607585907,1,0,-1
85,4,0.10952360183000565,529.3291625976562,87.28168487548828,110.80047607421875,0.589118242263794,1,2,-1
86,1,1224.20556640625,0.0,695.39111328125,426.6752624511719,0.5228436589241028,1,0,-1
87,1,1228.6290283203125,0.0,691.03662109375,430.266845703125,0.660585343837738,1,0,-1
88,1,1230.51123046875,0.0,688.95654296875,421.38482666015625,0.6916394233703613,1,0,-1
89,1,1226.5794677734375,0.0,693.1422119140625,428.4991149902344,0.8032004833221436,1,0,-1
90,1,1227.6434326171875,0.0,692.251953125,428.9111328125,0.8310583233833313,1,0,-1
91,1,1249.527099609375,0.0,670.2484130859375,420.5915832519531,0.763440728187561,1,0,-1
92,1,1242.947265625,0.0,676.9036865234375,425.5744323730469,0.8510482311248779,1,0,-1
93,1,1237.50390625,0.0,682.2908935546875,423.83001708984375,0.8582729697227478,1,0,-1
94,1,1226.2864990234375,0.1794215589761734,693.23046875,428.62994384765625,0.8365752696990967,1,0,-1
95,1,1228.59033203125,0.0,691.174072265625,431.6376953125,0.8669471144676208,1,0,-1
96,1,1222.94921875,0.2508416771888733,696.3590087890625,430.6336364746094,0.8409616351127625,1,0,-1
97,1,1218.920166015625,0.0,700.6904296875,429.3448791503906,0.8281428813934326,1,0,-1
97,4,0.36654868721961975,496.1139831542969,86.35335540771484,102.34768676757812,0.5495349764823914,1,2,-1
98,1,1216.6214599609375,0.3133827745914459,702.1375732421875,428.51092529296875,0.7705511450767517,1,0,-1
98,4,2.5472679138183594,492.8284912109375,89.12701416015625,102.822021484375,0.5316994786262512,1,2,-1
99,1,1217.4405517578125,0.0,701.7841796875,431.9300537109375,0.8229078054428101,1,0,-1
99,4,3.12912654876709,489.2366027832031,91.83406829833984,104.00143432617188,0.6195350289344788,1,2,-1
100,1,1234.2528076171875,0.378386914730072,684.0418701171875,420.26080322265625,0.8658678531646729,1,0,-1
101,1,1225.54248046875,0.001808917266316712,692.9891357421875,420.71527099609375,0.7476588487625122,1,0,-1
101,4,9.070582389831543,481.3566589355469,97.51490020751953,106.60690307617188,0.5381556153297424,1,2,-1
102,1,1243.340576171875,0.222038134932518,675.1934814453125,413.6534118652344,0.8355321288108826,1,0,-1
103,1,1242.4735107421875,0.20314104855060577,676.01025390625,416.0155334472656,0.7327152490615845,1,0,-1
104,1,1251.9154052734375,0.0,666.7650146484375,412.2666931152344,0.8371328115463257,1,0,-1
105,1,1249.595458984375,0.22658051550388336,667.7501220703125,413.3199462890625,0.7870163917541504,1,0,-1
106,1,1251.7686767578125,0.0,667.1146240234375,407.9332580566406,0.6743038296699524,1,0,-1
108,1,1261.3128662109375,0.0,657.2999267578125,393.3771057128906,0.5935832858085632,1,0,-1
109,1,1259.022705078125,0.3285788595676422,658.385986328125,392.78924560546875,0.5169817805290222,1,0,-1
