2,497,68.77117156982422,0.7467961311340332,910.2286376953125,1074.1412353515625,0.6466251015663147,1,2,-1
3,497,47.175575256347656,0.664552628993988,927.015380859375,1073.1630859375,0.6286200881004333,1,2,-1
4,497,28.435504913330078,0.2628898024559021,945.6580810546875,1068.4759521484375,0.6934272646903992,1,2,-1
5,497,27.43323516845703,0.5787227153778076,955.8452758789062,1065.283203125,0.7198566794395447,1,2,-1
6,497,19.695343017578125,1.274263858795166,967.1917724609375,1068.544189453125,0.7454949021339417,1,2,-1
7,497,13.200481414794922,1.4028477668762207,974.26416015625,1075.5556640625,0.7407696843147278,1,2,-1
8,497,11.685112953186035,0.7551433444023132,972.6866455078125,1078.6456298828125,0.7609679102897644,1,2,-1
9,497,7.103288173675537,1.1887469291687012,967.121826171875,1074.6392822265625,0.7479022145271301,1,2,-1
10,497,7.93890905380249,1.1984481811523438,969.240234375,1074.231689453125,0.757594108581543,1,2,-1
11,497,7.56201171875,0.7632214426994324,977.7623291015625,1070.2711181640625,0.5696743726730347,1,2,-1
12,497,6.799713134765625,0.697295606136322,980.77783203125,1065.9110107421875,0.7312683463096619,1,2,-1
15,497,3.081892251968384,0.1829885095357895,970.5404663085938,1057.9197998046875,0.6209324598312378,1,2,-1
16,497,2.2889389991760254,0.0,956.6242065429688,1048.8392333984375,0.5198971033096313,1,2,-1
17,497,1.1298612356185913,0.0,974.8624877929688,1051.545166015625,0.6956281661987305,1,2,-1
18,497,1.1872007846832275,0.0,976.2802734375,1040.0445556640625,0.5540093779563904,1,2,-1
21,497,0.0,0.0,975.4598999023438,1067.3759765625,0.5681756734848022,1,2,-1
22,497,0.0,0.0,980.7819213867188,1072.2978515625,0.682323694229126,1,2,-1
23,497,0.0,0.020172787830233574,972.8425903320312,1067.3670654296875,0.6173796057701111,1,2,-1
24,497,0.0,0.0,973.2120361328125,1063.309814453125,0.665462851524353,1,2,-1
25,497,0.0,0.0,966.43603515625,1058.37158203125,0.5929770469665527,1,2,-1
27,497,0.0,0.0,953.9513549804688,1060.8643798828125,0.6282839179039001,1,2,-1
28,497,0.0,0.24778030812740326,956.0867309570312,1063.289306640625,0.5604488849639893,1,2,-1
29,497,0.0,0.0,957.000732421875,1058.18798828125,0.6047894954681396,1,2,-1
30,497,0.2203061580657959,0.15294170379638672,948.3970947265625,1056.645263671875,0.6753972172737122,1,2,-1
32,497,0.0,0.20221605896949768,947.2317504882812,1051.364501953125,0.5663071870803833,1,2,-1
33,497,0.0,0.6504291892051697,949.4141845703125,1065.41943359375,0.5376083850860596,1,2,-1
34,497,0.14905709028244019,0.3840525448322296,949.8814086914062,1055.098876953125,0.5988118648529053,1,2,-1
35,497,0.0,0.5738434195518494,951.288818359375,1043.9246826171875,0.598008394241333,1,2,-1
36,497,0.4933615028858185,0.2460533082485199,952.1394653320312,1048.6512451171875,0.5755454897880554,1,2,-1
37,497,0.7082553505897522,0.35694950819015503,945.8150024414062,1043.70654296875,0.6265810132026672,1,2,-1
40,497,0.39484286308288574,0.09116164594888687,951.6165771484375,1035.7969970703125,0.5199068188667297,1,2,-1
41,497,0.8498600125312805,1.0853056907653809,954.6214599609375,1032.0521240234375,0.6573472619056702,1,2,-1
42,497,0.4935554563999176,0.3951835036277771,937.3610229492188,1027.64990234375,0.564485490322113,1,2,-1
43,497,0.9469777345657349,0.835758626461029,935.9942626953125,1020.7166137695312,0.6068142652511597,1,2,-1
45,497,0.5443982481956482,0.0,946.9852294921875,1036.068603515625,0.6046368479728699,1,2,-1
46,497,0.5694637298583984,0.0,949.34912109375,1034.3173828125,0.5088759660720825,1,2,-1
49,497,0.6191738843917847,0.0,946.0494995117188,1046.7572021484375,0.5394962430000305,1,2,-1
50,497,0.8223481178283691,0.0,941.2606811523438,1053.248779296875,0.5841693878173828,1,2,-1
83,498,1410.100341796875,344.82513427734375,216.3709716796875,732.4065551757812,0.5484600067138672,1,0,-1
84,498,1417.226318359375,373.4140319824219,210.64111328125,701.9501953125,0.5761135220527649,1,0,-1
85,498,1423.985595703125,390.48236083984375,209.189697265625,684.9446411132812,0.6071749925613403,1,0,-1
86,498,1428.1663818359375,403.55157470703125,206.1231689453125,669.7546997070312,0.6486712098121643,1,0,-1
87,498,1430.669921875,399.4644470214844,207.1832275390625,675.016357421875,0.6182193160057068,1,0,-1
88,498,1432.94873046875,362.4203186035156,206.51025390625,714.6397705078125,0.6206293702125549,1,0,-1
89,498,1434.0322265625,328.9188537597656,209.6988525390625,749.345458984375,0.6616314649581909,1,0,-1
91,498,1437.492431640625,303.0833740234375,212.697021484375,776.348876953125,0.5984838604927063,1,0,-1
92,498,1440.462646484375,299.04010009765625,215.0482177734375,780.4876098632812,0.6322405934333801,1,0,-1
93,498,1442.834716796875,294.73284912109375,216.1600341796875,784.8250122070312,0.5687933564186096,1,0,-1
94,498,1443.0068359375,296.6837463378906,217.9967041015625,782.951171875,0.6227867007255554,1,0,-1
95,498,1442.298583984375,288.60833740234375,224.1776123046875,791.2046508789062,0.6148807406425476,1,0,-1
96,498,1443.3106689453125,290.1707458496094,227.051513671875,789.5255126953125,0.6145408749580383,1,0,-1
97,498,1445.7469482421875,288.3396301269531,226.5064697265625,791.635009765625,0.5423482656478882,1,0,-1
104,498,1471.5802001953125,266.8466491699219,247.6236572265625,813.03857421875,0.5080251693725586,1,0,-1
105,498,1476.4339599609375,266.30181884765625,240.7545166015625,813.6347045898438,0.6519534587860107,1,0,-1
106,498,1479.3743896484375,264.0089111328125,244.0213623046875,815.9910888671875,0.5701303482055664,1,0,-1
107,498,1481.203369140625,263.7525329589844,249.8336181640625,816.2474365234375,0.5938224196434021,1,0,-1
109,498,1485.8389892578125,262.85205078125,255.737548828125,817.14794921875,0.5949360728263855,1,0,-1
110,498,1487.7962646484375,259.7614440917969,261.474609375,820.238525390625,0.57713782787323,1,0,-1
111,498,1490.8782958984375,254.83169555664062,263.6011962890625,825.1683349609375,0.5173551440238953,1,0,-1
115,498,1510.065185546875,252.33656311035156,381.270751953125,827.6634521484375,0.5575730204582214,1,0,-1
127,498,1559.267822265625,263.78411865234375,360.732177734375,816.2158813476562,0.5486995577812195,1,0,-1
128,498,1561.1053466796875,253.19456481933594,354.099609375,826.805419921875,0.5987553596496582,1,0,-1
129,498,1565.1622314453125,260.79461669921875,352.729248046875,819.0263061523438,0.597567617893219,1,0,-1
130,498,1566.711669921875,247.58119201660156,353.2698974609375,832.3328857421875,0.5101979970932007,1,0,-1
133,498,1579.29345703125,246.05210876464844,340.70654296875,833.9478759765625,0.5791261196136475,1,0,-1
134,498,1583.5367431640625,247.00933837890625,336.4632568359375,832.9906616210938,0.697676420211792,1,0,-1
135,498,1587.6905517578125,245.23402404785156,332.3094482421875,834.7659912109375,0.628703236579895,1,0,-1
136,498,1590.66015625,243.04244995117188,329.33984375,836.95751953125,0.62760990858078,1,0,-1
137,498,1598.52294921875,242.1973419189453,321.47705078125,837.8026733398438,0.630642831325531,1,0,-1
138,498,1604.719970703125,244.19679260253906,315.280029296875,835.80322265625,0.6863357424736023,1,0,-1
139,498,1611.003173828125,232.33786010742188,308.996826171875,847.662109375,0.6250209808349609,1,0,-1
140,498,1617.4718017578125,225.5867462158203,302.5281982421875,854.4132690429688,0.6867186427116394,1,0,-1
141,498,1624.2373046875,225.82168579101562,295.7626953125,854.1783447265625,0.7577256560325623,1,0,-1
143,498,1637.359130859375,261.8357849121094,282.640869140625,818.1641845703125,0.7807084918022156,1,0,-1
144,498,1642.818359375,262.2737731933594,277.181640625,817.7261962890625,0.7823090553283691,1,0,-1
145,498,1650.8095703125,263.392333984375,269.1904296875,816.607666015625,0.8147956728935242,1,0,-1
146,498,1656.9925537109375,235.43313598632812,263.0074462890625,844.56689453125,0.7808064222335815,1,0,-1
147,498,1662.8580322265625,229.83462524414062,257.1419677734375,850.1654052734375,0.7669220566749573,1,0,-1
148,498,1668.8021240234375,237.7636260986328,251.1978759765625,838.1913452148438,0.7510960102081299,1,0,-1
149,498,1677.7467041015625,237.3568115234375,242.2532958984375,835.0374755859375,0.6911596655845642,1,0,-1
150,498,1683.6087646484375,262.8197326660156,236.3912353515625,808.139404296875,0.7367261648178101,1,0,-1
152,498,1694.940185546875,252.39956665039062,225.059814453125,812.3363037109375,0.759381890296936,1,0,-1
153,498,1699.115234375,231.55148315429688,220.884765625,830.8876953125,0.6413781642913818,1,0,-1
154,498,1705.4683837890625,213.16934204101562,214.5316162109375,850.7755126953125,0.5334740281105042,1,0,-1
155,498,1714.08740234375,234.3348388671875,205.91259765625,824.533203125,0.6812173128128052,1,0,-1
207,499,221.76522827148438,0.0,149.51992797851562,115.94656372070312,0.560605525970459,1,1,-1
208,499,209.78857421875,0.0,152.90103149414062,115.10478973388672,0.5859202146530151,1,1,-1
213,500,0.0,0.0,764.15283203125,663.76611328125,0.6108078360557556,1,2,-1
214,500,0.0,0.0,764.337646484375,663.3468017578125,0.8107669353485107,1,2,-1
215,500,0.0,0.0,764.0986938476562,667.0904541015625,0.7771390080451965,1,2,-1
216,500,0.0,0.0,762.5557250976562,661.2952270507812,0.7871970534324646,1,2,-1
217,500,0.0,0.0,765.0560913085938,658.5950317382812,0.7001572847366333,1,2,-1
218,500,0.0,0.0,762.0433959960938,652.5695190429688,0.7314117550849915,1,2,-1
219,500,0.0,0.0,767.06494140625,653.7794799804688,0.6287257075309753,1,2,-1
220,500,0.0,0.0,764.4443359375,652.4600830078125,0.5551233887672424,1,2,-1
