139,32,28.80866050720215,421.9437255859375,111.03495025634766,115.37506103515625,0.620542585849762,1,2,-1
140,32,23.100147247314453,422.1760559082031,113.03593444824219,117.31332397460938,0.7060980200767517,1,2,-1
141,32,18.267658233642578,426.8953857421875,110.91943359375,115.73992919921875,0.646789014339447,1,2,-1
142,32,12.82430362701416,431.10101318359375,110.32000732421875,115.96087646484375,0.7112846970558167,1,2,-1
143,32,8.089820861816406,432.90631103515625,111.59894561767578,117.387939453125,0.6902070641517639,1,2,-1
144,32,3.85845947265625,437.9967956542969,110.78864288330078,115.34255981445312,0.762538731098175,1,2,-1
145,32,2.8276398181915283,441.4787902832031,109.90628051757812,113.21676635742188,0.7423903942108154,1,2,-1
146,32,0.0,444.988525390625,108.00920867919922,112.124755859375,0.6376057863235474,1,2,-1
147,32,0.0,447.7590026855469,104.081787109375,112.01901245117188,0.5359385013580322,1,2,-1
148,32,0.0,452.957275390625,100.14705657958984,112.1448974609375,0.6566414833068848,1,2,-1
149,32,0.0,456.6000671386719,98.70024108886719,112.16531372070312,0.6724168062210083,1,2,-1
150,32,0.0,459.8224182128906,95.62043762207031,112.12112426757812,0.7496501207351685,1,2,-1
151,32,0.0,462.0606994628906,93.03620910644531,112.99917602539062,0.7553032636642456,1,2,-1
152,32,0.2645057737827301,463.9197998046875,91.48194885253906,112.544921875,0.7696913480758667,1,2,-1
153,32,0.11314506828784943,465.7155456542969,90.32283020019531,116.80331420898438,0.5297410488128662,1,2,-1
154,32,0.4509720802307129,467.1642761230469,90.34024810791016,117.83261108398438,0.6661590933799744,1,2,-1
155,32,0.0,466.8104248046875,88.39217376708984,121.108642578125,0.6193310022354126,1,2,-1
172,33,0.8224992156028748,0.0,473.29461669921875,855.314453125,0.5620028972625732,1,0,-1
173,33,0.9264551997184753,0.0,470.17486572265625,865.81689453125,0.5115280151367188,1,0,-1
248,34,817.0518188476562,2.082493782043457,263.35516357421875,1077.6854248046875,0.5401260256767273,1,2,-1
249,34,817.3900146484375,2.0907974243164062,263.5631103515625,1077.6070556640625,0.5395560264587402,1,2,-1
250,34,815.8674926757812,2.5895297527313232,262.97735595703125,1077.2581787109375,0.6592646241188049,1,2,-1
252,34,811.7855834960938,2.4060916900634766,260.11322021484375,1077.58349609375,0.5906051993370056,1,2,-1
253,34,805.5160522460938,2.346021890640259,265.02105712890625,1077.6539306640625,0.5700409412384033,1,2,-1
254,34,801.2619018554688,2.797724723815918,266.70208740234375,1077.0748291015625,0.581454873085022,1,2,-1
255,34,797.6563720703125,3.6607460975646973,266.624755859375,1076.23388671875,0.5412378907203674,1,2,-1
256,34,792.4011840820312,4.480430603027344,272.60736083984375,1075.2235107421875,0.5807483792304993,1,2,-1
257,34,790.7000122070312,4.9675445556640625,272.10455322265625,1074.940185546875,0.6546688079833984,1,2,-1
258,34,786.9877319335938,4.60878324508667,276.32904052734375,1075.3912353515625,0.5733924508094788,1,2,-1
259,34,782.2538452148438,4.169805526733398,281.24530029296875,1075.8302001953125,0.6609085202217102,1,2,-1
260,34,781.5836181640625,3.9863574504852295,283.3089599609375,1076.013671875,0.6922959089279175,1,2,-1
261,34,780.5365600585938,3.3560848236083984,284.75823974609375,1076.6439208984375,0.6742693185806274,1,2,-1
262,34,777.3419189453125,3.1968674659729004,288.478759765625,1076.8031005859375,0.5761030316352844,1,2,-1
263,34,776.12646484375,2.7593541145324707,283.5760498046875,1077.2406005859375,0.6267653703689575,1,2,-1
264,34,773.9081420898438,2.93160080909729,282.06475830078125,1077.068359375,0.5868690609931946,1,2,-1
