98,204,1337.670166015625,158.79336547851562,581.0150146484375,349.2587890625,0.60151207447052,1,0,-1
99,204,1334.3341064453125,145.26219177246094,585.6658935546875,362.71875,0.6103821396827698,1,0,-1
100,204,1313.3480224609375,152.18521118164062,604.9637451171875,366.4232482910156,0.7598860263824463,1,0,-1
101,204,1299.0797119140625,130.9478302001953,620.9202880859375,389.84332275390625,0.7527209520339966,1,0,-1
102,204,1281.6788330078125,125.33866119384766,636.9375,395.8427429199219,0.734050989151001,1,0,-1
103,204,1270.67236328125,124.41845703125,649.32763671875,399.62408447265625,0.7707905769348145,1,0,-1
104,204,1267.032958984375,114.04490661621094,650.99169921875,413.55364990234375,0.7993146777153015,1,0,-1
105,204,1259.7589111328125,117.92591094970703,659.937744140625,403.0458984375,0.7476673722267151,1,0,-1
106,204,1244.850830078125,126.88168334960938,674.042724609375,388.6977233886719,0.8113776445388794,1,0,-1
110,204,1196.4603271484375,103.19891357421875,721.5299072265625,432.55218505859375,0.7604158520698547,1,0,-1
111,204,1194.3504638671875,92.45578002929688,723.2474365234375,432.7029113769531,0.748541533946991,1,0,-1
112,204,1200.0802001953125,93.63018798828125,717.4969482421875,416.71551513671875,0.7380081415176392,1,0,-1
113,204,1180.6224365234375,92.7304458618164,737.1480712890625,417.9562072753906,0.8093423247337341,1,0,-1
114,204,1171.6754150390625,95.34703063964844,746.2694091796875,411.4112548828125,0.794711172580719,1,0,-1
115,204,1154.19970703125,82.78792572021484,763.9412841796875,421.3330993652344,0.7598486542701721,1,0,-1
116,204,1138.2894287109375,84.41743469238281,780.1405029296875,422.22869873046875,0.8018198013305664,1,0,-1
117,204,1146.395751953125,69.71314239501953,772.170166015625,443.06488037109375,0.8418334722518921,1,0,-1
118,204,1123.4111328125,58.04593276977539,795.3585205078125,456.7577819824219,0.8174168467521667,1,0,-1
119,204,1117.221435546875,51.993045806884766,801.4630126953125,466.754638671875,0.8331904411315918,1,0,-1
120,204,1106.9583740234375,50.69235610961914,811.9227294921875,469.2724914550781,0.8522424697875977,1,0,-1
121,204,1110.6820068359375,55.177974700927734,808.6446533203125,459.57171630859375,0.8082669377326965,1,0,-1
122,204,1093.8204345703125,50.241416931152344,825.7454833984375,478.8885803222656,0.8554094433784485,1,0,-1
123,204,1073.1737060546875,55.47563934326172,846.5419921875,473.674072265625,0.845545768737793,1,0,-1
124,204,1066.5953369140625,53.75492477416992,852.93408203125,470.1632995605469,0.8621622920036316,1,0,-1
125,204,1048.0009765625,54.21811294555664,871.9990234375,479.1955261230469,0.8531763553619385,1,0,-1
126,204,1037.827392578125,52.83603286743164,882.172607421875,475.9196472167969,0.8549709320068359,1,0,-1
127,204,1021.549072265625,54.31447982788086,898.450927734375,478.3774719238281,0.8716986179351807,1,0,-1
128,204,1019.5538940429688,52.99530029296875,900.4461059570312,474.760498046875,0.8418876528739929,1,0,-1
129,204,997.3518676757812,48.157325744628906,922.6481323242188,489.7147521972656,0.8346258401870728,1,0,-1
130,204,990.386474609375,45.809478759765625,929.613525390625,495.9003601074219,0.8492224216461182,1,0,-1
131,204,986.057373046875,33.76386642456055,933.942626953125,506.0142822265625,0.8088300228118896,1,0,-1
132,204,981.1671752929688,29.649917602539062,938.6721801757812,493.33612060546875,0.7798995971679688,1,0,-1
133,204,966.1303100585938,25.681184768676758,953.8696899414062,492.4825134277344,0.827577531337738,1,0,-1
134,204,957.2036743164062,30.499408721923828,962.7963256835938,490.9086608886719,0.8434632420539856,1,0,-1
135,204,924.4271240234375,30.50678062438965,995.5728759765625,496.6788330078125,0.7973808646202087,1,0,-1
136,204,905.2886962890625,26.72647476196289,1014.7113037109375,489.7514953613281,0.6289505362510681,1,0,-1
137,204,902.843017578125,22.03841209411621,1017.156982421875,493.8600769042969,0.8129335045814514,1,0,-1
138,204,893.862060546875,22.848587036132812,1026.137939453125,491.850341796875,0.777637243270874,1,0,-1
139,204,880.3804931640625,25.996871948242188,1039.212158203125,498.89532470703125,0.7545948624610901,1,0,-1
140,204,876.9361572265625,22.126535415649414,1042.0723876953125,523.387451171875,0.8009543418884277,1,0,-1
141,204,888.484375,17.001678466796875,1031.515625,509.4508361816406,0.7093997001647949,1,0,-1
142,204,853.4429931640625,17.922178268432617,1065.1881103515625,506.380615234375,0.5288293957710266,1,0,-1
143,204,829.7791748046875,18.004709243774414,1089.1923828125,513.0919189453125,0.6342828869819641,1,0,-1
144,204,815.6213989257812,17.812326431274414,1103.463134765625,519.3757934570312,0.7176819443702698,1,0,-1
145,204,808.8838500976562,16.47599220275879,1110.93603515625,518.74853515625,0.7281204462051392,1,0,-1
146,204,818.8939819335938,13.129413604736328,1100.564453125,529.2056884765625,0.8029667139053345,1,0,-1
147,204,809.7360229492188,11.627553939819336,1109.648193359375,528.736328125,0.7066980600357056,1,0,-1
148,204,792.3568725585938,9.73282527923584,1127.60107421875,530.01904296875,0.6440245509147644,1,0,-1
150,204,792.5726318359375,8.983189582824707,1126.1978759765625,525.0750732421875,0.6303924322128296,1,0,-1
152,204,783.6126098632812,4.68571138381958,1134.37841796875,518.1058349609375,0.6074385046958923,1,0,-1
154,204,750.1753540039062,1.3058984279632568,1169.464111328125,536.3480224609375,0.6661681532859802,1,0,-1
155,204,733.73388671875,1.3372976779937744,1185.2657470703125,531.388671875,0.6459053158760071,1,0,-1
156,204,699.2349243164062,7.543137550354004,1211.8037109375,537.6041870117188,0.5622220635414124,1,0,-1
157,204,696.827880859375,8.258895874023438,1211.8992919921875,532.208740234375,0.7343860268592834,1,0,-1
158,204,701.5186767578125,8.008827209472656,1205.756591796875,530.0167236328125,0.7015249729156494,1,0,-1
159,204,672.7774047851562,7.429060935974121,1235.39013671875,526.0365600585938,0.6043117046356201,1,0,-1
160,204,680.4736938476562,7.501138687133789,1227.5888671875,531.03173828125,0.7417101860046387,1,0,-1
161,204,670.05859375,5.711550712585449,1238.1551513671875,539.6976318359375,0.7805978655815125,1,0,-1
162,204,656.31298828125,4.639092445373535,1254.5777587890625,545.8512573242188,0.823666512966156,1,0,-1
163,204,635.9324340820312,3.27358341217041,1275.156494140625,543.3931274414062,0.7504023313522339,1,0,-1
164,204,619.9677734375,2.958026647567749,1290.318115234375,550.2184448242188,0.7413418889045715,1,0,-1
165,204,611.6881713867188,2.4438107013702393,1297.7060546875,556.0171508789062,0.8109147548675537,1,0,-1
166,204,579.8740844726562,1.0728095769882202,1328.853515625,562.3446044921875,0.6136071681976318,1,0,-1
167,204,567.6387329101562,1.199286699295044,1341.22900390625,552.69873046875,0.7694113254547119,1,0,-1
168,204,532.1259765625,9.500743865966797,1373.6915283203125,565.5933227539062,0.719761073589325,1,0,-1
169,204,549.6728515625,2.907953977584839,1361.5760498046875,575.6424560546875,0.7957900166511536,1,0,-1
170,204,560.0137939453125,0.0,1352.5714111328125,561.2039184570312,0.7791500091552734,1,0,-1
171,204,561.1797485351562,0.9013097882270813,1346.803955078125,555.4381713867188,0.7892290353775024,1,0,-1
172,204,542.0346069335938,10.3010892868042,1361.949462890625,537.7269897460938,0.7959343194961548,1,0,-1
