8,890,63.035133361816406,1.577660083770752,831.8148193359375,593.3968505859375,0.582069456577301,1,16,-1
9,890,47.385921478271484,2.6715657711029053,848.1912841796875,598.2457275390625,0.5549383759498596,1,16,-1
10,890,44.153255462646484,3.297067880630493,855.6364135742188,604.297607421875,0.5964534878730774,1,16,-1
11,890,22.6245059967041,1.6584007740020752,878.9577026367188,605.1868896484375,0.6482056379318237,1,16,-1
12,890,11.111360549926758,0.23108631372451782,892.056640625,609.7357177734375,0.7148133516311646,1,16,-1
13,890,6.556612968444824,0.0,894.1696166992188,604.9686279296875,0.6909372210502625,1,16,-1
14,890,0.0,0.41993123292922974,900.6661987304688,602.6948852539062,0.6702207922935486,1,16,-1
15,890,0.0,0.0,901.0147094726562,608.581298828125,0.7919976711273193,1,16,-1
16,890,0.0,0.0,901.0450439453125,608.6633911132812,0.7639219164848328,1,16,-1
17,890,0.0,0.0,901.8964233398438,611.48828125,0.8193057775497437,1,16,-1
18,890,0.0,0.0,896.58056640625,619.3514404296875,0.8177490830421448,1,16,-1
19,890,0.0,0.1405051052570343,895.546630859375,609.6385498046875,0.8044987916946411,1,16,-1
20,890,0.0,0.09004756808280945,893.0257568359375,604.119873046875,0.7574266195297241,1,16,-1
21,890,0.0,0.6980560421943665,887.9195556640625,600.7875366210938,0.7788901329040527,1,16,-1
22,890,0.0,0.29702863097190857,884.1826171875,603.8204345703125,0.7926878333091736,1,16,-1
23,890,0.0,0.8217912316322327,881.5070190429688,607.9525146484375,0.8300268054008484,1,16,-1
24,890,0.0,0.6113302111625671,876.2266235351562,607.3251953125,0.8066227436065674,1,16,-1
25,890,0.0,0.48510342836380005,872.3790893554688,610.3396606445312,0.7988302707672119,1,16,-1
26,890,0.0,0.2826002240180969,872.7860717773438,606.3500366210938,0.8072749376296997,1,16,-1
27,890,0.0,0.23194584250450134,869.489990234375,604.0650634765625,0.8009909391403198,1,16,-1
28,890,0.0,0.6312161087989807,865.3867797851562,605.3842163085938,0.7577180862426758,1,16,-1
29,890,0.0,0.2557631731033325,863.083740234375,605.7354125976562,0.6952854990959167,1,16,-1
30,890,0.0,0.37428930401802063,861.0429077148438,602.3355102539062,0.688785970211029,1,16,-1
31,890,0.0,0.35626518726348877,861.9437255859375,600.2133178710938,0.7650222182273865,1,16,-1
32,890,0.0,0.3866300880908966,860.8794555664062,604.7454223632812,0.7443392276763916,1,16,-1
33,890,0.0,0.3004196286201477,861.9707641601562,606.2449951171875,0.7556024789810181,1,16,-1
34,890,0.0,0.30293938517570496,858.4163208007812,610.624267578125,0.659180760383606,1,16,-1
35,890,0.0,0.6171883940696716,857.990478515625,609.9552001953125,0.747165858745575,1,16,-1
36,890,0.011293798685073853,0.08029094338417053,857.3229370117188,613.9065551757812,0.7438013553619385,1,16,-1
37,890,0.09348688274621964,0.1271236389875412,857.0475463867188,610.6080932617188,0.7526153922080994,1,16,-1
38,890,0.0858430564403534,0.0,857.6453247070312,609.1690673828125,0.79222571849823,1,16,-1
39,890,0.36095288395881653,0.0,857.2438354492188,610.4530029296875,0.775050938129425,1,16,-1
40,890,0.0,0.0,856.3362426757812,614.4595336914062,0.8258573412895203,1,16,-1
41,890,0.3723045289516449,0.0,855.74951171875,616.6344604492188,0.8356207609176636,1,16,-1
42,890,0.0,0.0,856.102783203125,618.0078125,0.8409329652786255,1,16,-1
43,890,0.3112802505493164,0.0,856.0089721679688,621.795654296875,0.7975916266441345,1,16,-1
44,890,0.06864850968122482,0.0,857.2611694335938,624.4661254882812,0.8428704738616943,1,16,-1
45,890,0.2434675097465515,0.0,856.4559936523438,623.291748046875,0.7789320945739746,1,16,-1
46,890,0.2452833652496338,0.0,855.1514282226562,622.731689453125,0.7249959707260132,1,16,-1
48,890,0.0,0.0,855.951904296875,629.421630859375,0.7341597080230713,1,16,-1
49,890,0.0,0.0,854.5722045898438,629.571044921875,0.7276380062103271,1,16,-1
50,890,0.0,0.0,852.7977905273438,629.0806884765625,0.5431077480316162,1,16,-1
51,890,0.0,0.0,853.1343383789062,622.6065063476562,0.656094491481781,1,16,-1
52,890,0.0,0.0,852.8236694335938,627.3104248046875,0.6738977432250977,1,16,-1
54,890,0.0,0.0,851.1031494140625,627.8519287109375,0.6365610361099243,1,16,-1
55,890,0.0,0.0,846.6730346679688,626.568359375,0.7467014789581299,1,16,-1
56,890,0.0,0.0,845.7972412109375,625.7897338867188,0.7655500173568726,1,16,-1
57,890,0.0,0.0,843.4872436523438,629.697509765625,0.7565346956253052,1,16,-1
58,890,0.0,0.0,841.226806640625,628.6641845703125,0.7485386729240417,1,16,-1
59,890,0.0,0.0,837.4067993164062,623.4650268554688,0.7430482506752014,1,16,-1
60,890,0.0,0.0,831.3966674804688,614.0714721679688,0.7758312821388245,1,16,-1
61,890,0.0,0.0,836.9257202148438,616.7123413085938,0.7788292765617371,1,16,-1
62,890,0.0,0.0,837.6051025390625,621.4343872070312,0.7646697759628296,1,16,-1
63,890,0.0,0.0,835.478759765625,623.54052734375,0.8054890632629395,1,16,-1
64,890,0.0,0.6552802324295044,831.4395751953125,624.6627807617188,0.787297248840332,1,16,-1
65,890,0.0,1.3612383604049683,831.74853515625,621.7269897460938,0.8109113574028015,1,16,-1
66,890,0.0,0.7020015120506287,829.3217163085938,619.541015625,0.8029395341873169,1,16,-1
67,890,0.0,1.3832799196243286,824.4501953125,616.2073364257812,0.7621375322341919,1,16,-1
68,890,0.0,0.10900293290615082,821.9547729492188,618.8338623046875,0.766352117061615,1,16,-1
69,890,0.0,1.9502222537994385,818.00390625,606.984375,0.7724015712738037,1,16,-1
70,890,0.0,1.6328153610229492,816.4593505859375,606.3507080078125,0.7878589630126953,1,16,-1
71,890,0.0,0.0,817.7489624023438,606.3087158203125,0.8120317459106445,1,16,-1
72,890,0.0,1.1389352083206177,814.8978271484375,598.878662109375,0.8072047233581543,1,16,-1
73,890,0.0,0.0,813.6627807617188,601.6134643554688,0.8124303817749023,1,16,-1
74,890,0.0831790417432785,0.02487415075302124,818.0201416015625,599.26123046875,0.8565148711204529,1,16,-1
75,890,0.17985107004642487,0.0,816.7947387695312,587.8932495117188,0.8448001742362976,1,16,-1
76,890,0.08476561307907104,0.0,814.610595703125,591.2034912109375,0.697100043296814,1,16,-1
77,890,0.09794933348894119,0.0,814.540771484375,596.0853271484375,0.7627599239349365,1,16,-1
78,890,0.21410992741584778,0.0,816.4977416992188,593.0671997070312,0.7900866866111755,1,16,-1
79,890,0.0,0.0,813.0449829101562,594.9050903320312,0.6945441365242004,1,16,-1
80,890,0.0,0.0,812.5625610351562,594.2267456054688,0.7301406860351562,1,16,-1
81,890,0.15192751586437225,0.0,804.5014038085938,584.3797607421875,0.6860722899436951,1,16,-1
82,890,0.0,0.0,803.343505859375,584.4559326171875,0.6932377815246582,1,16,-1
83,890,0.07804913818836212,0.07934904098510742,803.1514282226562,579.5858154296875,0.7188349962234497,1,16,-1
84,890,0.011193801648914814,0.0,798.2872924804688,572.4298095703125,0.6221683621406555,1,16,-1
84,892,1461.5263671875,347.0171813964844,41.146484375,83.29241943359375,0.5871027708053589,1,2,-1
85,890,0.04277738556265831,0.2639589011669159,799.841064453125,572.8493041992188,0.6305018663406372,1,16,-1
85,892,1463.477294921875,343.77569580078125,40.735595703125,84.30825805664062,0.5434508323669434,1,2,-1
86,890,0.0,0.0,795.8344116210938,574.971923828125,0.6179029941558838,1,16,-1
87,890,0.11131905019283295,0.5313590168952942,799.7920532226562,575.215087890625,0.6988883018493652,1,16,-1
88,890,0.059155404567718506,0.0001966464624274522,805.9042358398438,581.8807373046875,0.6246978640556335,1,16,-1
89,890,0.18421916663646698,0.5771180987358093,812.4494018554688,590.0328979492188,0.6912684440612793,1,16,-1
90,890,0.10233144462108612,0.20771221816539764,818.9691162109375,593.4066772460938,0.7375668883323669,1,16,-1
91,890,0.1686096042394638,0.49581703543663025,817.0151977539062,588.0534057617188,0.6364833116531372,1,16,-1
92,890,0.0,0.36171308159828186,813.7865600585938,589.5164794921875,0.6545541882514954,1,16,-1
93,890,0.0,0.27507588267326355,812.54638671875,590.439697265625,0.6880890727043152,1,16,-1
94,890,0.0,0.4169608950614929,817.5252075195312,584.9259033203125,0.7591736316680908,1,16,-1
95,890,0.0,0.3561994433403015,816.0020751953125,582.6204223632812,0.7282980680465698,1,16,-1
96,890,0.0,0.9332255125045776,815.0744018554688,578.2805786132812,0.7275816798210144,1,16,-1
97,890,0.0,0.3799860179424286,810.0819702148438,577.2586669921875,0.7093947529792786,1,16,-1
98,890,0.014333507977426052,0.8650930523872375,808.4261474609375,574.3251953125,0.6814755201339722,1,16,-1
99,890,0.0,0.15903489291667938,808.7894897460938,576.4359130859375,0.6953681111335754,1,16,-1
100,890,0.0,0.790258526802063,805.0692138671875,573.1859741210938,0.7068228125572205,1,16,-1
101,890,0.0,0.29417961835861206,804.306640625,571.6446533203125,0.697900116443634,1,16,-1
102,890,0.020820681005716324,0.5829038619995117,799.6287841796875,564.2291259765625,0.6987839341163635,1,16,-1
103,890,0.13914945721626282,0.2910948395729065,802.8607177734375,560.95458984375,0.7286351919174194,1,16,-1
104,890,0.062445640563964844,0.3515373170375824,806.1694946289062,564.7346801757812,0.7641660571098328,1,16,-1
105,890,0.0,0.4060998260974884,801.1792602539062,563.3756103515625,0.7114085555076599,1,16,-1
106,890,0.0,0.19597072899341583,793.285400390625,558.7731323242188,0.713650107383728,1,16,-1
107,890,0.0,0.36965644359588623,798.9553833007812,564.3399658203125,0.7060222029685974,1,16,-1
108,890,0.0,0.10737261921167374,799.3943481445312,566.0737915039062,0.6877539157867432,1,16,-1
109,890,0.0,0.518835723400116,796.900390625,567.1691284179688,0.6290071606636047,1,16,-1
110,890,0.11957593262195587,0.2891661524772644,794.933349609375,565.4515991210938,0.6193857192993164,1,16,-1
111,890,0.1686978042125702,0.5470438599586487,791.9884643554688,560.9208984375,0.6564021706581116,1,16,-1
112,890,0.0,0.14150680601596832,794.824951171875,561.5546264648438,0.707080066204071,1,16,-1
113,890,0.028232520446181297,0.4280298948287964,797.0468139648438,564.5858154296875,0.6141077280044556,1,16,-1
114,890,0.0,0.03978371247649193,798.0155029296875,565.7103881835938,0.617766797542572,1,16,-1
115,890,0.05455651506781578,0.0,797.7108764648438,565.5917358398438,0.6258406043052673,1,16,-1
116,890,0.11105946451425552,0.11753491312265396,801.2997436523438,567.3544311523438,0.6707239151000977,1,16,-1
117,890,0.1782277226448059,0.0,802.7060546875,567.7438354492188,0.7136890888214111,1,16,-1
118,890,0.10968612134456635,0.39015984535217285,804.2605590820312,567.9506225585938,0.6892412900924683,1,16,-1
119,890,0.06173263117671013,0.412362664937973,802.3060913085938,572.797119140625,0.53500896692276,1,16,-1
120,890,0.1740996539592743,0.6857872605323792,806.6224365234375,575.731201171875,0.6539373397827148,1,16,-1
122,893,1544.6177978515625,262.5943298339844,243.410400390625,817.4056396484375,0.6595105528831482,1,6,-1
123,893,1546.4862060546875,261.8052978515625,250.1795654296875,818.1947021484375,0.6203777194023132,1,6,-1
124,893,1548.9310302734375,261.6468811035156,253.447509765625,818.3531494140625,0.6259984970092773,1,6,-1
125,890,0.0,0.649199366569519,795.0248413085938,579.38623046875,0.5139287114143372,1,16,-1
223,894,1190.60791015625,20.893354415893555,179.018310546875,197.42352294921875,0.5499632954597473,1,13,-1
