53,207,1691.4256591796875,0.4910496771335602,228.23095703125,941.8026123046875,0.5151369571685791,1,0,-1
55,207,1685.0369873046875,0.47929754853248596,234.6602783203125,974.3968505859375,0.5095901489257812,1,0,-1
56,207,1681.9710693359375,0.28002503514289856,237.90625,1019.814697265625,0.5125923752784729,1,0,-1
57,207,1681.5345458984375,0.13484172523021698,238.4654541015625,984.9240112304688,0.5326981544494629,1,0,-1
58,207,1681.609375,0.07165054976940155,238.390625,975.4116821289062,0.5344238877296448,1,0,-1
59,207,1681.9954833984375,0.0,238.0045166015625,935.1627807617188,0.5467510223388672,1,0,-1
60,207,1684.886474609375,0.0,235.113525390625,955.9085083007812,0.5431628823280334,1,0,-1
61,207,1689.3460693359375,0.0,230.6539306640625,934.408447265625,0.5846593379974365,1,0,-1
62,207,1692.30810546875,0.0,227.69189453125,930.6438598632812,0.589543879032135,1,0,-1
63,207,1693.61572265625,0.0,226.38427734375,933.3989868164062,0.5877663493156433,1,0,-1
64,207,1694.001953125,0.0,225.998046875,915.0042114257812,0.5921540260314941,1,0,-1
65,207,1694.4949951171875,0.0,225.5050048828125,891.86279296875,0.6013040542602539,1,0,-1
66,207,1694.6671142578125,0.0,225.3328857421875,938.8966064453125,0.5769168138504028,1,0,-1
67,207,1694.531005859375,0.0,225.2352294921875,960.7816162109375,0.573245108127594,1,0,-1
68,207,1694.056396484375,0.0,225.342529296875,1003.5914306640625,0.5437876582145691,1,0,-1
69,207,1693.697265625,0.0,225.453857421875,1041.761962890625,0.543644905090332,1,0,-1
70,207,1692.923828125,0.0,226.00439453125,1057.496826171875,0.5740534067153931,1,0,-1
71,207,1691.9481201171875,0.0,226.8726806640625,1050.6016845703125,0.5534289479255676,1,0,-1
72,207,1687.4930419921875,0.0,231.225830078125,1049.177490234375,0.535606324672699,1,0,-1
73,207,1682.1517333984375,0.0,236.5955810546875,1060.5025634765625,0.5506407618522644,1,0,-1
74,207,1679.593505859375,0.0,239.1805419921875,1005.3936767578125,0.5737707614898682,1,0,-1
75,207,1676.845458984375,0.0,241.9771728515625,1004.8790283203125,0.5718472003936768,1,0,-1
76,207,1670.3763427734375,0.0,248.40234375,994.0169677734375,0.609941303730011,1,0,-1
77,207,1667.0194091796875,0.0,251.7647705078125,1047.1595458984375,0.6198620796203613,1,0,-1
78,207,1663.9166259765625,0.012197029776871204,254.93115234375,1055.739990234375,0.6022733449935913,1,0,-1
79,207,1660.305908203125,0.02379288524389267,258.62451171875,1073.7191162109375,0.666232168674469,1,0,-1
80,207,1657.148193359375,0.08201859891414642,261.9168701171875,1079.91796875,0.6428797245025635,1,0,-1
81,207,1655.1802978515625,0.06907796859741211,263.996337890625,1079.930908203125,0.6696380972862244,1,0,-1
82,207,1653.6309814453125,0.10046137869358063,265.56103515625,1079.8995361328125,0.6547590494155884,1,0,-1
83,207,1649.914794921875,0.1268954575061798,269.3558349609375,1073.9537353515625,0.5815748572349548,1,0,-1
84,207,1645.738037109375,0.16990593075752258,273.560546875,1077.5218505859375,0.5305304527282715,1,0,-1
89,207,1624.651611328125,1.2396068572998047,293.7939453125,1074.60302734375,0.5081310272216797,1,0,-1
90,207,1621.0640869140625,1.0097851753234863,297.5814208984375,1068.3603515625,0.5185335874557495,1,0,-1
91,207,1619.5142822265625,0.9360544085502625,299.0255126953125,1071.8734130859375,0.5065268278121948,1,0,-1
92,207,1616.4949951171875,0.8765764832496643,302.0526123046875,1071.3404541015625,0.5080821514129639,1,0,-1
93,207,1612.0875244140625,0.8143901824951172,306.5260009765625,1076.718994140625,0.5378654599189758,1,0,-1
94,207,1610.143798828125,0.7435634136199951,308.540771484375,1078.7652587890625,0.5100452303886414,1,0,-1
96,207,1603.59423828125,0.7897599935531616,315.0189208984375,1079.210205078125,0.5211201310157776,1,0,-1
102,207,1569.28369140625,0.9169763326644897,348.987060546875,1079.0830078125,0.6011660695075989,1,0,-1
103,207,1564.2337646484375,0.524154007434845,354.4271240234375,1079.475830078125,0.5262237787246704,1,0,-1
104,207,1561.4208984375,0.40311989188194275,357.3035888671875,1079.596923828125,0.5719048380851746,1,0,-1
105,207,1556.1217041015625,0.3391205668449402,362.660888671875,1079.660888671875,0.5524486899375916,1,0,-1
106,207,1553.83935546875,0.2901284694671631,364.94482421875,1079.7098388671875,0.568547248840332,1,0,-1
107,207,1553.32275390625,0.23282794654369354,365.3326416015625,1079.7672119140625,0.6948644518852234,1,0,-1
108,207,1550.5345458984375,0.22009700536727905,368.06103515625,1079.7799072265625,0.7616575360298157,1,0,-1
109,207,1548.14208984375,0.21331465244293213,370.4700927734375,1079.7867431640625,0.6646504402160645,1,0,-1
129,207,1476.3779296875,0.25229209661483765,443.136474609375,1079.6380615234375,0.6793350577354431,1,0,-1
130,207,1468.24609375,0.23215895891189575,451.4136962890625,1079.767822265625,0.736303448677063,1,0,-1
131,207,1461.724853515625,0.24459782242774963,458.001953125,1079.75537109375,0.7494828104972839,1,0,-1
132,207,1456.8072509765625,0.23648203909397125,462.94580078125,1079.7635498046875,0.651814341545105,1,0,-1
133,207,1456.33984375,0.16530749201774597,463.3873291015625,1079.834716796875,0.5832860469818115,1,0,-1
134,207,1449.194091796875,0.146776020526886,470.475341796875,1079.853271484375,0.5876657962799072,1,0,-1
135,207,1447.937255859375,0.057023581117391586,471.7535400390625,1079.9429931640625,0.6913359761238098,1,0,-1
136,207,1447.76416015625,0.0,471.896728515625,1080.0,0.6929872035980225,1,0,-1
138,207,1437.1551513671875,0.0,481.777587890625,1080.0,0.6803057193756104,1,0,-1
139,207,1446.5255126953125,0.0,471.1695556640625,1079.95263671875,0.6562806367874146,1,0,-1
140,207,1439.3968505859375,0.0,478.6636962890625,1079.8665771484375,0.849913477897644,1,0,-1
141,207,1435.113037109375,0.0034358371049165726,483.1866455078125,1079.8345947265625,0.8112697005271912,1,0,-1
142,207,1430.0792236328125,0.0,488.355712890625,1079.861572265625,0.8299558758735657,1,0,-1
143,207,1423.8873291015625,0.008057746104896069,494.2457275390625,1079.7962646484375,0.8691498637199402,1,0,-1
144,207,1427.626953125,0.0,490.9581298828125,1079.8026123046875,0.8753864765167236,1,0,-1
145,207,1439.154052734375,0.0,477.33544921875,1078.21630859375,0.7854840755462646,1,0,-1
146,207,1418.27490234375,0.10747388005256653,500.0826416015625,1079.2225341796875,0.8652104139328003,1,0,-1
147,207,1405.6766357421875,0.07921817898750305,513.448486328125,1079.697509765625,0.8684529662132263,1,0,-1
148,207,1387.33740234375,0.10527294129133224,532.1099853515625,1079.894775390625,0.8319457769393921,1,0,-1
149,207,1377.75146484375,0.010499635711312294,541.3260498046875,1079.7271728515625,0.7739856243133545,1,0,-1
150,207,1370.5416259765625,0.0,548.414306640625,1079.3302001953125,0.7844014763832092,1,0,-1
151,207,1367.2398681640625,0.0,551.7744140625,1079.3692626953125,0.8883277773857117,1,0,-1
152,207,1365.320068359375,0.0,553.710205078125,1079.231201171875,0.8969659209251404,1,0,-1
153,207,1361.9752197265625,0.0,557.0013427734375,1079.8297119140625,0.7486089468002319,1,0,-1
154,207,1355.8511962890625,0.029956979677081108,562.4180908203125,1079.908935546875,0.6953772306442261,1,0,-1
155,207,1360.270751953125,0.0,558.6265869140625,1079.8251953125,0.5952296257019043,1,0,-1
156,207,1348.7122802734375,0.07022774964570999,570.2945556640625,1079.9298095703125,0.7299481630325317,1,0,-1
157,207,1345.159912109375,0.03770538792014122,573.6390380859375,1079.9622802734375,0.7689033150672913,1,0,-1
158,207,1343.0758056640625,0.013269503600895405,575.6248779296875,1079.9866943359375,0.5109556317329407,1,0,-1
160,207,1336.2330322265625,0.24427631497383118,580.0216064453125,1079.1187744140625,0.5266968011856079,1,0,-1
161,207,1338.0616455078125,0.18288706243038177,579.011474609375,1079.8125,0.6965382695198059,1,0,-1
162,207,1340.987060546875,0.1629028469324112,576.2705078125,1079.8370361328125,0.5345425009727478,1,0,-1
163,207,1344.819091796875,0.15286925435066223,572.544189453125,1079.84716796875,0.7135232090950012,1,0,-1
164,207,1343.8243408203125,0.5192943215370178,570.7421875,1078.032958984375,0.8275181651115417,1,0,-1
165,207,1327.476318359375,0.45968469977378845,588.43408203125,1079.3192138671875,0.8458717465400696,1,0,-1
166,207,1312.7484130859375,0.2988545894622803,604.7528076171875,1079.701171875,0.8611706495285034,1,0,-1
167,207,1307.4107666015625,0.5666058659553528,607.27734375,1078.2191162109375,0.8855502605438232,1,0,-1
168,207,1294.073974609375,0.3202384412288666,623.3907470703125,1079.6153564453125,0.9065732955932617,1,0,-1
169,207,1279.36083984375,0.1991342157125473,639.1435546875,1079.8009033203125,0.7758060097694397,1,0,-1
170,207,1274.843505859375,0.0966363400220871,643.6781005859375,1079.9033203125,0.7501089572906494,1,0,-1
171,207,1276.8916015625,0.271376371383667,638.5028076171875,1079.0819091796875,0.818489670753479,1,0,-1
172,207,1275.6046142578125,0.40314921736717224,638.6826171875,1078.304443359375,0.7554874420166016,1,0,-1
173,207,1274.7955322265625,0.10580804198980331,642.51806640625,1079.85546875,0.7760964632034302,1,0,-1
174,207,1271.493896484375,0.04586697742342949,645.9835205078125,1079.9541015625,0.778775691986084,1,0,-1
175,207,1270.776123046875,0.02205377072095871,647.50244140625,1079.9779052734375,0.7517743706703186,1,0,-1
176,207,1258.1431884765625,0.4096928834915161,657.740478515625,1079.1199951171875,0.7272331714630127,1,0,-1
177,207,1251.5966796875,0.45796769857406616,663.5579833984375,1078.830810546875,0.7558618187904358,1,0,-1
178,207,1248.122802734375,0.43578359484672546,666.368408203125,1078.8780517578125,0.6986507773399353,1,0,-1
179,207,1239.0169677734375,0.04464776813983917,679.281494140625,1079.955322265625,0.5067874789237976,1,0,-1
180,212,1.853531837463379,0.0,1483.839599609375,1079.2059326171875,0.8521536588668823,1,0,-1
181,212,0.21376042068004608,0.0,1480.72021484375,1080.0,0.7753474116325378,1,0,-1
182,212,0.0,0.0,1497.760498046875,1080.0,0.6537562608718872,1,0,-1
182,207,1225.7335205078125,0.3438495397567749,691.59130859375,1079.6561279296875,0.7686610817909241,1,0,-1
183,212,2.511866807937622,0.0,1486.72705078125,1078.9771728515625,0.7943100929260254,1,0,-1
183,207,1216.3209228515625,0.7221538424491882,698.091552734375,1078.8365478515625,0.7013842463493347,1,0,-1
184,212,3.983274221420288,0.0,1491.2015380859375,1079.1173095703125,0.8589962124824524,1,0,-1
184,207,1226.6844482421875,0.5089848041534424,687.060546875,1079.2984619140625,0.7464596629142761,1,0,-1
185,212,5.093023300170898,0.0,1488.0592041015625,1079.002197265625,0.783557116985321,1,0,-1
185,207,1218.334228515625,0.8137055039405823,694.7899169921875,1078.8980712890625,0.7357093691825867,1,0,-1
186,212,3.236633539199829,0.0,1464.442138671875,1079.2066650390625,0.6802095174789429,1,0,-1
186,207,1201.01025390625,0.8891689777374268,712.3421630859375,1079.000732421875,0.5594860911369324,1,0,-1
187,212,0.3013988435268402,0.0,1489.3372802734375,1080.0,0.5718165636062622,1,0,-1
187,207,1186.83203125,0.44656065106391907,729.8812255859375,1079.553466796875,0.527560830116272,1,0,-1
188,212,1.9109846353530884,0.0,1456.77294921875,1079.70751953125,0.7853706479072571,1,0,-1
188,207,1197.464111328125,0.47767141461372375,716.96630859375,1079.5223388671875,0.6302094459533691,1,0,-1
189,207,1193.30712890625,0.29772916436195374,723.802978515625,1079.7022705078125,0.5767012238502502,1,0,-1
190,207,1185.7684326171875,0.5820865035057068,729.844970703125,1079.41796875,0.6577643156051636,1,0,-1
191,207,1171.7734375,0.8574325442314148,742.8814697265625,1079.142578125,0.5101364254951477,1,0,-1
192,207,1176.811279296875,0.2583026885986328,741.1812744140625,1079.74169921875,0.720911979675293,1,0,-1
193,207,1163.322265625,0.5810434818267822,752.223388671875,1079.4189453125,0.5695114731788635,1,0,-1
196,212,2.605055809020996,0.0,1398.9229736328125,1080.0,0.804966926574707,1,0,-1
196,207,1129.8590087890625,1.1018389463424683,782.6429443359375,1078.898193359375,0.6200147867202759,1,0,-1
197,212,2.5163347721099854,0.0,1389.88427734375,1080.0,0.7589221000671387,1,0,-1
197,207,1138.501953125,0.6656724214553833,774.468505859375,1079.3343505859375,0.7174237966537476,1,0,-1
198,212,1.057922601699829,0.0,1419.3736572265625,1080.0,0.7633031010627747,1,0,-1
198,207,1126.1051025390625,0.5228098034858704,788.690673828125,1079.4771728515625,0.7819936275482178,1,0,-1
199,212,0.8882727026939392,0.0,1398.5963134765625,1080.0,0.8505553603172302,1,0,-1
199,207,1116.3729248046875,0.5771474838256836,798.215576171875,1079.4228515625,0.7601437568664551,1,0,-1
200,212,0.0,0.0,1379.5413818359375,1080.0,0.8439903259277344,1,0,-1
200,207,1145.7567138671875,0.0,769.9642333984375,1080.0,0.7875140309333801,1,0,-1
201,212,1.1468087434768677,0.0,1348.339599609375,1080.0,0.7845445275306702,1,0,-1
201,207,1142.8800048828125,0.3939201235771179,771.7188720703125,1079.6060791015625,0.6508481502532959,1,0,-1
202,212,0.0,0.0,1329.0703125,1080.0,0.8188740611076355,1,0,-1
203,212,0.0,0.0,1326.78076171875,1080.0,0.6718733310699463,1,0,-1
204,212,0.0,0.0,1341.379638671875,1080.0,0.5234391689300537,1,0,-1
207,212,0.4289866089820862,0.0,1306.0728759765625,1080.0,0.6333311796188354,1,0,-1
208,214,1128.8170166015625,203.52964782714844,105.16455078125,207.7838592529297,0.741069495677948,1,0,-1
210,212,2.0124151706695557,0.0,1283.543701171875,1080.0,0.6432605981826782,1,0,-1
211,212,3.2505624294281006,0.0,1274.43505859375,1080.0,0.6548864245414734,1,0,-1
212,212,0.6935531497001648,0.0,1258.6385498046875,1080.0,0.6650934815406799,1,0,-1
213,212,0.0,0.0,1228.4427490234375,1080.0,0.819997251033783,1,0,-1
214,212,0.0,0.0,1215.85400390625,1080.0,0.8434934616088867,1,0,-1
215,212,0.0,0.0,1200.1826171875,1080.0,0.7623068690299988,1,0,-1
216,212,0.0,0.0,1194.550537109375,1080.0,0.7725636959075928,1,0,-1
218,214,1039.7191162109375,247.83485412597656,124.3167724609375,195.65220642089844,0.712637186050415,1,0,-1
220,214,1035.82177734375,252.38128662109375,112.33642578125,205.31097412109375,0.7731419801712036,1,0,-1
227,207,981.47216796875,1.8154473304748535,938.430908203125,1078.1845703125,0.8841387629508972,1,0,-1
228,207,976.7977294921875,0.0,943.2022705078125,1080.0,0.8682078123092651,1,0,-1
230,214,972.0313720703125,299.9056701660156,105.6865234375,204.91851806640625,0.546974778175354,1,0,-1
231,207,968.3580932617188,0.0,951.6419067382812,1080.0,0.6459119915962219,1,0,-1
235,214,941.2765502929688,327.6816711425781,107.66546630859375,202.01486206054688,0.843785285949707,1,0,-1
237,214,930.4644775390625,335.2968444824219,106.5191650390625,198.03292846679688,0.7929943203926086,1,0,-1
238,214,922.9783325195312,343.7610168457031,107.50238037109375,201.38339233398438,0.572594404220581,1,0,-1
239,214,917.3302001953125,350.0047302246094,105.67120361328125,200.97970581054688,0.6493868231773376,1,0,-1
240,214,909.2860107421875,352.3709411621094,108.27178955078125,204.74697875976562,0.7892762422561646,1,0,-1
241,214,903.9868774414062,355.3374328613281,108.44427490234375,205.92294311523438,0.7867164611816406,1,0,-1
242,214,898.4781494140625,359.99334716796875,108.26531982421875,205.08258056640625,0.7012355923652649,1,0,-1
243,214,893.2711181640625,363.2546691894531,108.38995361328125,209.68167114257812,0.7999449372291565,1,0,-1
244,214,886.8817749023438,370.04315185546875,107.83837890625,208.71893310546875,0.801699697971344,1,0,-1
245,214,882.5782470703125,374.8959045410156,108.2188720703125,206.12509155273438,0.8126940131187439,1,0,-1
246,214,877.2838134765625,380.0306701660156,107.58984375,204.52603149414062,0.5613154768943787,1,0,-1
247,214,870.1830444335938,383.5425720214844,108.452880859375,211.53457641601562,0.8122305274009705,1,0,-1
248,214,863.5386352539062,390.5816955566406,111.54754638671875,209.47836303710938,0.5851348638534546,1,0,-1
249,214,857.4382934570312,395.16351318359375,110.9559326171875,205.9732666015625,0.7695916891098022,1,0,-1
250,214,851.877197265625,397.9943542480469,111.84112548828125,207.17929077148438,0.8286004662513733,1,0,-1
251,214,846.906005859375,401.807861328125,112.149169921875,203.565673828125,0.7996376156806946,1,0,-1
252,214,840.8585815429688,405.3821716308594,112.663330078125,212.41769409179688,0.8856589198112488,1,0,-1
253,214,836.0072631835938,410.9908142089844,110.7091064453125,210.74935913085938,0.8830394148826599,1,0,-1
254,214,830.2837524414062,416.6474609375,111.323974609375,210.2257080078125,0.8585310578346252,1,0,-1
255,214,822.5346069335938,422.641357421875,113.8896484375,199.887451171875,0.8481587171554565,1,0,-1
256,214,816.4118041992188,427.6884460449219,113.85833740234375,199.97860717773438,0.7024110555648804,1,0,-1
257,214,810.4627685546875,430.7048034667969,113.26947021484375,196.83377075195312,0.5998246669769287,1,0,-1
258,214,804.619384765625,436.3501892089844,113.8592529296875,203.19119262695312,0.8208781480789185,1,0,-1
259,214,799.1885375976562,441.0404968261719,113.5283203125,205.68728637695312,0.8394922614097595,1,0,-1
260,214,792.5823974609375,444.3859558105469,115.2060546875,207.11776733398438,0.8615530729293823,1,0,-1
261,214,787.1812744140625,448.4263000488281,114.97259521484375,206.77267456054688,0.8820884227752686,1,0,-1
262,214,781.6053466796875,450.9696960449219,115.01690673828125,211.50320434570312,0.8678311109542847,1,0,-1
263,214,774.8173217773438,457.1492004394531,116.521484375,209.16598510742188,0.8618090748786926,1,0,-1
264,214,767.6300048828125,460.9671325683594,117.06854248046875,207.25424194335938,0.8536539673805237,1,0,-1
265,214,760.2755126953125,462.5281066894531,119.541015625,207.15078735351562,0.8828818202018738,1,0,-1
266,214,756.1556396484375,464.16619873046875,117.42840576171875,210.82330322265625,0.8777498602867126,1,0,-1
267,214,751.0760498046875,465.2128601074219,116.056396484375,212.83602905273438,0.8443315625190735,1,0,-1
270,214,737.4420776367188,472.6590881347656,113.9107666015625,212.32730102539062,0.810446560382843,1,0,-1
272,214,723.582763671875,475.1193542480469,114.10467529296875,216.20632934570312,0.5110476016998291,1,0,-1
276,214,695.984130859375,482.7847900390625,120.50994873046875,217.096923828125,0.7116726636886597,1,0,-1
277,214,689.4602661132812,486.28973388671875,120.5738525390625,214.257568359375,0.7712541222572327,1,0,-1
278,214,682.447021484375,486.8818359375,120.4100341796875,212.15704345703125,0.8009001612663269,1,0,-1
279,214,675.61083984375,487.8318176269531,120.22186279296875,213.26528930664062,0.8136913776397705,1,0,-1
280,214,667.4471435546875,486.2673645019531,122.3826904296875,215.95370483398438,0.8219988942146301,1,0,-1
281,214,659.6223754882812,485.252685546875,123.39306640625,218.1719970703125,0.8256836533546448,1,0,-1
282,214,654.0927124023438,487.2899169921875,121.913818359375,218.5113525390625,0.8821327686309814,1,0,-1
283,214,646.530029296875,489.2079162597656,122.93438720703125,218.29617309570312,0.8801689147949219,1,0,-1
284,214,639.6460571289062,492.8743896484375,123.64263916015625,215.96826171875,0.8892573118209839,1,0,-1
285,214,631.3978881835938,496.33111572265625,124.60723876953125,217.4873046875,0.8815168738365173,1,0,-1
286,214,621.4525756835938,496.8221435546875,127.62725830078125,218.0076904296875,0.8793226480484009,1,0,-1
287,214,614.92236328125,497.33660888671875,126.2843017578125,216.48272705078125,0.8957292437553406,1,0,-1
288,214,607.8604125976562,499.0637512207031,126.04339599609375,217.18014526367188,0.8777652978897095,1,0,-1
289,214,599.77734375,498.6582946777344,126.48406982421875,219.58206176757812,0.8743850588798523,1,0,-1
290,214,592.8966064453125,499.08026123046875,125.69647216796875,216.57366943359375,0.8830921649932861,1,0,-1
291,214,584.6939697265625,501.6224365234375,126.263427734375,214.02520751953125,0.8939986228942871,1,0,-1
292,214,574.9257202148438,502.2562255859375,129.11602783203125,216.3343505859375,0.8907204866409302,1,0,-1
293,214,567.2802734375,500.37298583984375,128.1605224609375,220.51055908203125,0.8926605582237244,1,0,-1
294,214,559.3589477539062,500.5123291015625,128.32598876953125,218.94561767578125,0.8846349120140076,1,0,-1
295,214,551.1875,501.7382507324219,128.5223388671875,219.54965209960938,0.8372761607170105,1,0,-1
296,214,543.5673217773438,504.91748046875,129.0142822265625,216.82537841796875,0.8655037879943848,1,0,-1
297,214,533.3920288085938,508.3769836425781,131.09075927734375,213.58395385742188,0.8958684802055359,1,0,-1
298,214,522.9126586914062,509.216552734375,132.58612060546875,215.94232177734375,0.877714216709137,1,0,-1
299,214,514.0767211914062,509.697265625,131.97314453125,217.81585693359375,0.8923863172531128,1,0,-1
300,214,506.2464904785156,511.55535888671875,132.13504028320312,220.00286865234375,0.714574933052063,1,0,-1
301,214,497.8718566894531,513.9161987304688,130.62039184570312,220.05413818359375,0.7581614255905151,1,0,-1
302,214,486.8321838378906,513.8895263671875,132.81546020507812,222.8831787109375,0.8432615995407104,1,0,-1
303,214,475.8970947265625,514.9608764648438,134.87042236328125,228.4573974609375,0.8602316379547119,1,0,-1
304,214,466.184326171875,513.2249755859375,135.19061279296875,229.7501220703125,0.8676407933235168,1,0,-1
305,214,455.8863830566406,515.9262084960938,136.64114379882812,224.5167236328125,0.8758135437965393,1,0,-1
306,214,445.8009948730469,519.3331298828125,138.04660034179688,226.11785888671875,0.7953137755393982,1,0,-1
307,214,434.39959716796875,519.4544067382812,139.7545166015625,228.2808837890625,0.8080805540084839,1,0,-1
308,214,424.08056640625,519.3297729492188,139.62164306640625,230.544189453125,0.8661824464797974,1,0,-1
309,214,413.0089416503906,519.2533569335938,140.05972290039062,233.51763916015625,0.8526363968849182,1,0,-1
310,214,403.92431640625,518.1915893554688,139.51885986328125,233.70452880859375,0.692463755607605,1,0,-1
311,214,392.672607421875,518.4651489257812,140.990234375,234.45123291015625,0.8775138854980469,1,0,-1
312,214,380.6153564453125,518.0001831054688,145.01220703125,236.4105224609375,0.904141366481781,1,0,-1
313,214,370.4702453613281,518.3338012695312,146.92977905273438,235.49322509765625,0.8996204733848572,1,0,-1
314,214,361.2525329589844,522.6563720703125,146.25274658203125,229.23992919921875,0.8724355101585388,1,0,-1
315,214,352.1930847167969,523.0742797851562,144.87466430664062,227.5843505859375,0.8264904022216797,1,0,-1
316,214,341.73052978515625,523.5607299804688,146.505859375,227.51763916015625,0.8987190127372742,1,0,-1
317,214,330.7613525390625,523.4236450195312,148.8623046875,226.6353759765625,0.8989533185958862,1,0,-1
318,214,321.2879943847656,523.1033325195312,147.54446411132812,225.9404296875,0.9072564840316772,1,0,-1
319,214,313.2386779785156,522.3681640625,147.3948974609375,226.8218994140625,0.9114323258399963,1,0,-1
320,214,304.4848937988281,522.8095092773438,148.20858764648438,226.6400146484375,0.9024639129638672,1,0,-1
321,214,294.86676025390625,523.2040405273438,149.45156860351562,226.38262939453125,0.895343542098999,1,0,-1
322,214,284.6136474609375,519.9351806640625,149.83282470703125,230.361328125,0.8508437275886536,1,0,-1
323,214,275.5246276855469,520.1410522460938,150.82354736328125,227.90289306640625,0.9101737141609192,1,0,-1
324,214,267.1295471191406,520.5151977539062,150.83621215820312,227.44036865234375,0.916618287563324,1,0,-1
325,214,259.4840087890625,522.0552978515625,150.08383178710938,226.79571533203125,0.9048950672149658,1,0,-1
326,214,250.2648468017578,524.5008544921875,152.0420684814453,223.5706787109375,0.8911832571029663,1,0,-1
327,214,241.11572265625,521.9647216796875,152.67376708984375,226.817626953125,0.896988034248352,1,0,-1
328,214,231.13682556152344,526.2092895507812,153.75465393066406,221.762939453125,0.8998926877975464,1,0,-1
329,214,223.43675231933594,527.956787109375,151.53868103027344,221.04522705078125,0.9123985767364502,1,0,-1
330,214,216.2844696044922,531.5551147460938,150.23497009277344,218.2421875,0.9124330878257751,1,0,-1
331,214,207.7934112548828,536.2661743164062,152.0359344482422,215.762451171875,0.9130188226699829,1,0,-1
332,214,199.53274536132812,537.0388793945312,151.96417236328125,219.0010986328125,0.8995319604873657,1,0,-1
333,214,193.41246032714844,539.6522827148438,149.41847229003906,219.35528564453125,0.8641018271446228,1,0,-1
334,214,184.6322479248047,543.7277221679688,151.3877410888672,218.07257080078125,0.8857592940330505,1,0,-1
335,214,178.3404083251953,546.0007934570312,149.49110412597656,217.70703125,0.9013562202453613,1,0,-1
336,214,171.39759826660156,547.0784301757812,150.1658477783203,219.837890625,0.8957070112228394,1,0,-1
337,214,166.117431640625,551.4471435546875,149.0164794921875,217.2373046875,0.8608492016792297,1,0,-1
338,214,159.40850830078125,556.9558715820312,149.83294677734375,213.55938720703125,0.8976791501045227,1,0,-1
339,214,152.37033081054688,559.4705200195312,150.66567993164062,214.5638427734375,0.8725063800811768,1,0,-1
340,214,146.48597717285156,564.2825317382812,151.11717224121094,212.92926025390625,0.8422168493270874,1,0,-1
341,214,141.30970764160156,566.0056762695312,151.00450134277344,215.322509765625,0.8277950286865234,1,0,-1
342,214,137.8019256591797,564.9500122070312,149.30628967285156,222.23809814453125,0.8458903431892395,1,0,-1
343,214,134.0283966064453,571.1986083984375,149.71409606933594,218.1986083984375,0.8545891046524048,1,0,-1
344,214,130.580810546875,576.0675659179688,149.04312133789062,213.56304931640625,0.8867124915122986,1,0,-1
345,214,127.61133575439453,581.1926879882812,148.0611572265625,212.2147216796875,0.8894837498664856,1,0,-1
346,214,124.84516143798828,583.27001953125,147.17236328125,213.48590087890625,0.8848639726638794,1,0,-1
347,214,122.37779998779297,589.4774169921875,144.78656005859375,208.85662841796875,0.7042741775512695,1,0,-1
348,214,120.66793060302734,593.4116821289062,143.571533203125,207.231689453125,0.7881418466567993,1,0,-1
349,214,118.8719482421875,599.3784790039062,142.71572875976562,204.34027099609375,0.8145139813423157,1,0,-1
350,214,116.91313934326172,603.5823974609375,141.29580688476562,203.00189208984375,0.8769150376319885,1,0,-1
351,214,113.76470947265625,609.0311279296875,142.66680908203125,201.0347900390625,0.872317373752594,1,0,-1
352,214,110.21666717529297,608.0995483398438,143.63351440429688,205.41009521484375,0.8817197680473328,1,0,-1
353,214,107.86602020263672,611.3181762695312,142.34072875976562,204.9188232421875,0.8021888136863708,1,0,-1
354,214,104.19171142578125,610.5702514648438,140.43313598632812,208.1959228515625,0.8604752421379089,1,0,-1
355,214,101.25767517089844,617.1105346679688,140.08517456054688,204.116943359375,0.8292685151100159,1,0,-1
356,214,98.19610595703125,626.7599487304688,140.12100219726562,195.1077880859375,0.8069462180137634,1,0,-1
357,214,94.15522003173828,623.9990234375,139.2918701171875,198.9132080078125,0.7315340042114258,1,0,-1
358,214,89.76603698730469,628.0020141601562,139.6449737548828,198.593017578125,0.8413386940956116,1,0,-1
359,214,85.11598205566406,629.7385864257812,141.03933715820312,198.2718505859375,0.8364243507385254,1,0,-1
360,214,81.25794982910156,629.6762084960938,141.16233825683594,200.2000732421875,0.7865622639656067,1,0,-1
361,214,79.51329040527344,634.502685546875,139.40284729003906,197.7244873046875,0.8399166464805603,1,0,-1
362,214,76.16458892822266,638.1666259765625,137.31781005859375,194.2728271484375,0.8217534422874451,1,0,-1
363,214,73.16923522949219,640.804931640625,135.4495086669922,192.61883544921875,0.7859130501747131,1,0,-1
364,214,70.34085083007812,643.9224243164062,135.01031494140625,191.91717529296875,0.7702801823616028,1,0,-1
365,214,67.15007019042969,644.760009765625,135.06468200683594,192.75146484375,0.716651439666748,1,0,-1
366,214,62.973934173583984,647.1726684570312,135.0997314453125,190.28826904296875,0.6895620822906494,1,0,-1
367,214,58.17189407348633,651.421142578125,136.08937072753906,185.36309814453125,0.5951743721961975,1,0,-1
368,214,55.89066696166992,655.9236450195312,136.4624481201172,182.30535888671875,0.791135311126709,1,0,-1
369,214,54.25685501098633,658.447509765625,136.67323303222656,180.0216064453125,0.7887508869171143,1,0,-1
370,214,53.480735778808594,661.8258056640625,135.13998413085938,178.54205322265625,0.6907479763031006,1,0,-1
371,214,52.693565368652344,660.1743774414062,133.4156494140625,181.5450439453125,0.7241926193237305,1,0,-1
372,214,51.638763427734375,665.0799560546875,132.1011505126953,179.0201416015625,0.560329794883728,1,0,-1
373,214,50.891727447509766,671.3968505859375,131.58175659179688,176.24163818359375,0.710412323474884,1,0,-1
374,214,50.20258712768555,675.5244140625,131.4348602294922,176.40325927734375,0.740135669708252,1,0,-1
375,214,49.8336181640625,679.8342895507812,130.55357360839844,175.94049072265625,0.8014503717422485,1,0,-1
376,214,50.01234436035156,679.2991943359375,129.1922149658203,180.04412841796875,0.7482669949531555,1,0,-1
377,214,50.09278869628906,683.00048828125,127.76937866210938,180.36700439453125,0.7012957334518433,1,0,-1
378,214,48.99413299560547,690.4080200195312,126.2271957397461,176.79498291015625,0.6318485736846924,1,0,-1
380,214,44.82783889770508,703.1395874023438,125.46859741210938,174.04461669921875,0.804011881351471,1,0,-1
381,214,41.27044677734375,707.641845703125,127.47268676757812,174.591552734375,0.8072034120559692,1,0,-1
382,214,39.25846862792969,716.632080078125,126.83940124511719,171.0240478515625,0.8016572594642639,1,0,-1
383,214,37.46160125732422,719.1073608398438,125.78763580322266,174.5325927734375,0.8124008774757385,1,0,-1
384,214,35.61148452758789,724.9276123046875,125.03887939453125,174.5675048828125,0.8629523515701294,1,0,-1
385,214,35.06760787963867,729.6685180664062,123.93751525878906,176.31591796875,0.8629122972488403,1,0,-1
386,214,32.94990539550781,734.5989379882812,123.979736328125,178.44317626953125,0.8606768250465393,1,0,-1
387,214,30.141313552856445,744.9641723632812,122.6976318359375,175.686279296875,0.7528582215309143,1,0,-1
388,214,27.62633514404297,749.3253173828125,121.8369369506836,178.0291748046875,0.7134251594543457,1,0,-1
391,220,728.4775390625,253.82159423828125,134.40863037109375,167.29486083984375,0.5548836588859558,1,0,-1
391,214,18.96786117553711,770.4842529296875,123.43794250488281,175.48333740234375,0.7823498845100403,1,0,-1
392,214,15.435264587402344,777.46826171875,123.45891571044922,174.77960205078125,0.7221961617469788,1,0,-1
393,214,9.450793266296387,785.2576904296875,126.39883422851562,172.35211181640625,0.8122383952140808,1,0,-1
394,214,6.14545202255249,793.157470703125,126.5385971069336,167.07244873046875,0.7404955625534058,1,0,-1
395,214,2.7284486293792725,796.4600830078125,127.31804656982422,173.0557861328125,0.6362307071685791,1,0,-1
396,214,0.0,800.3881225585938,126.71903991699219,179.81890869140625,0.5418722033500671,1,0,-1
407,214,0.0,829.4943237304688,85.73088836669922,176.08099365234375,0.5742639899253845,1,0,-1
413,220,701.6951293945312,282.85406494140625,129.93280029296875,164.98773193359375,0.5503652691841125,1,0,-1
432,220,630.6321411132812,266.2088928222656,131.504638671875,187.97027587890625,0.5819860100746155,1,0,-1
441,220,619.49755859375,308.28521728515625,129.61346435546875,164.92324829101562,0.5567681789398193,1,0,-1
448,220,616.7918090820312,293.8941955566406,129.6788330078125,157.3848876953125,0.6944799423217773,1,0,-1
458,220,607.0265502929688,233.56263732910156,134.19097900390625,171.93800354003906,0.6849402785301208,1,0,-1
474,220,583.2778930664062,173.77174377441406,140.07672119140625,181.0531768798828,0.766909658908844,1,0,-1
475,220,581.3042602539062,168.642578125,141.0770263671875,187.01956176757812,0.6882067322731018,1,0,-1
476,220,579.147216796875,166.23374938964844,141.19781494140625,189.76658630371094,0.6990500092506409,1,0,-1
477,220,577.8089599609375,160.9610595703125,140.57623291015625,191.18145751953125,0.594075620174408,1,0,-1
478,220,576.3074340820312,164.73841857910156,140.1527099609375,186.6813507080078,0.668734073638916,1,0,-1
479,220,575.964599609375,169.26779174804688,140.880126953125,183.71539306640625,0.7257254719734192,1,0,-1
