123,101,1747.330322265625,0.3509330451488495,171.593994140625,935.8682861328125,0.5730968117713928,1,0,-1
124,101,1740.599609375,0.48646947741508484,177.8416748046875,1016.482177734375,0.5740508437156677,1,0,-1
125,101,1736.4765625,0.34791478514671326,182.3922119140625,1019.063720703125,0.5687183141708374,1,0,-1
126,101,1732.267822265625,0.22414620220661163,186.908447265625,1059.482177734375,0.5208365321159363,1,0,-1
127,101,1727.2310791015625,0.1572733074426651,192.16357421875,1050.3035888671875,0.506616473197937,1,0,-1
129,101,1718.00244140625,2.058561086654663,201.0792236328125,1063.4417724609375,0.5653806328773499,1,0,-1
130,101,1714.5028076171875,3.442953109741211,204.295654296875,1018.7919311523438,0.6010181307792664,1,0,-1
131,101,1708.5018310546875,3.628614902496338,210.255615234375,923.3076171875,0.6342569589614868,1,0,-1
132,101,1703.5709228515625,3.1139166355133057,215.2540283203125,923.5101928710938,0.5935855507850647,1,0,-1
133,101,1699.115234375,2.8066022396087646,219.8115234375,924.5451049804688,0.5884706974029541,1,0,-1
134,101,1694.62939453125,2.4745776653289795,224.4012451171875,928.3997802734375,0.5928390026092529,1,0,-1
135,101,1691.6392822265625,2.145278215408325,227.4263916015625,989.2025756835938,0.554236650466919,1,0,-1
136,101,1684.8216552734375,1.9692869186401367,234.30859375,1025.1795654296875,0.5876049399375916,1,0,-1
137,101,1679.978759765625,1.7525999546051025,239.1942138671875,1048.2314453125,0.5384660959243774,1,0,-1
138,101,1672.106201171875,1.5755668878555298,247.1336669921875,1070.3193359375,0.6041325926780701,1,0,-1
139,101,1667.4588623046875,1.3991923332214355,251.81591796875,1071.0264892578125,0.590447187423706,1,0,-1
140,101,1662.8441162109375,1.2037067413330078,256.4952392578125,1078.76904296875,0.6539062261581421,1,0,-1
141,101,1658.732666015625,1.0722899436950684,260.6585693359375,1078.927734375,0.6480466723442078,1,0,-1
142,101,1656.097900390625,0.9353204965591431,263.3765869140625,1079.064697265625,0.6273367404937744,1,0,-1
143,101,1652.29248046875,0.7835151553153992,267.1895751953125,1079.2164306640625,0.6228470206260681,1,0,-1
144,101,1645.2464599609375,0.6233233213424683,274.3057861328125,1079.376708984375,0.531681478023529,1,0,-1
145,101,1637.2757568359375,0.5015522241592407,282.3280029296875,1079.4984130859375,0.535274088382721,1,0,-1
147,101,1629.073974609375,0.9377846121788025,289.9693603515625,1079.062255859375,0.5353479981422424,1,0,-1
148,101,1625.1318359375,1.1777180433273315,293.5728759765625,1078.822265625,0.5814557671546936,1,0,-1
149,101,1621.2276611328125,1.2336231470108032,297.385009765625,1078.766357421875,0.599624752998352,1,0,-1
150,101,1613.7449951171875,1.2004061937332153,304.97216796875,1078.799560546875,0.6218515038490295,1,0,-1
151,101,1608.94091796875,1.1077057123184204,309.833251953125,1078.892333984375,0.631250262260437,1,0,-1
152,101,1604.5489501953125,0.9868231415748596,314.4114990234375,1079.01318359375,0.6296643018722534,1,0,-1
153,101,1601.1929931640625,0.8896458745002747,317.5233154296875,1079.1103515625,0.6212773323059082,1,0,-1
154,101,1598.2266845703125,0.76814204454422,320.564208984375,1079.2318115234375,0.5473086833953857,1,0,-1
155,101,1589.4412841796875,0.7043399214744568,329.535888671875,1079.295654296875,0.6164610981941223,1,0,-1
158,101,1573.33251953125,0.7755264639854431,345.1392822265625,1079.2244873046875,0.5977688431739807,1,0,-1
160,101,1566.4940185546875,0.6759328246116638,351.4713134765625,1079.3240966796875,0.5833108425140381,1,0,-1
161,101,1561.072509765625,0.5810610055923462,356.8262939453125,1079.4189453125,0.6434325575828552,1,0,-1
162,101,1557.3658447265625,0.5332018733024597,360.41162109375,1079.466796875,0.5508546829223633,1,0,-1
170,101,1535.211669921875,0.5354114174842834,382.7066650390625,1079.464599609375,0.6279086470603943,1,0,-1
171,101,1529.0311279296875,0.4305865466594696,389.299560546875,1079.5694580078125,0.6138983964920044,1,0,-1
172,101,1522.683837890625,0.4060136079788208,395.6334228515625,1079.593994140625,0.6047810316085815,1,0,-1
173,101,1518.6693115234375,0.35218510031700134,399.7750244140625,1079.6478271484375,0.7009769678115845,1,0,-1
174,101,1515.37744140625,0.3265914022922516,403.3038330078125,1079.6734619140625,0.5703731775283813,1,0,-1
175,101,1510.61865234375,0.2702541947364807,408.4296875,1079.729736328125,0.6436071395874023,1,0,-1
177,101,1495.710693359375,0.27666062116622925,423.354736328125,1079.6041259765625,0.5459343791007996,1,0,-1
178,101,1485.427001953125,0.2612881660461426,433.4951171875,1079.494140625,0.6040783524513245,1,0,-1
179,101,1481.62451171875,0.21653494238853455,437.2945556640625,1079.4361572265625,0.6548828482627869,1,0,-1
180,101,1473.5120849609375,0.1870957911014557,445.4647216796875,1079.43017578125,0.7167275547981262,1,0,-1
181,101,1467.5386962890625,0.1282735913991928,451.4935302734375,1079.5224609375,0.6516061425209045,1,0,-1
182,101,1461.1400146484375,0.08531384915113449,458.0693359375,1079.583984375,0.6826825141906738,1,0,-1
183,101,1457.315673828125,0.05973471701145172,462.007080078125,1079.6690673828125,0.6016236543655396,1,0,-1
184,101,1455.047607421875,0.031615424901247025,464.3587646484375,1079.6766357421875,0.6221888065338135,1,0,-1
185,101,1454.0765380859375,0.0,465.4876708984375,1079.716064453125,0.6394481062889099,1,0,-1
186,101,1453.4306640625,0.0,466.2540283203125,1079.744873046875,0.5853803157806396,1,0,-1
187,101,1453.674072265625,0.0,466.11962890625,1079.75927734375,0.5802658796310425,1,0,-1
188,101,1449.5865478515625,0.0,470.2882080078125,1079.7628173828125,0.6395348310470581,1,0,-1
189,101,1445.3216552734375,0.0,474.6572265625,1079.8262939453125,0.6323069930076599,1,0,-1
190,101,1444.0126953125,0.0,475.9873046875,1079.8634033203125,0.6860839128494263,1,0,-1
191,101,1441.350341796875,0.0,478.649658203125,1079.8966064453125,0.7341263890266418,1,0,-1
192,101,1433.4927978515625,0.0,486.5072021484375,1079.9471435546875,0.7557453513145447,1,0,-1
193,101,1429.53369140625,0.0,490.46630859375,1079.9539794921875,0.7469820380210876,1,0,-1
194,101,1427.1422119140625,0.0,492.7393798828125,1079.927978515625,0.7831385135650635,1,0,-1
195,101,1421.04345703125,0.0,498.736083984375,1079.966796875,0.7730969190597534,1,0,-1
196,101,1418.9822998046875,0.0,500.79296875,1079.9395751953125,0.8044995069503784,1,0,-1
197,101,1417.352294921875,0.0,502.4085693359375,1079.96875,0.8151769042015076,1,0,-1
198,101,1411.091552734375,0.0,508.6640625,1080.0,0.7593611478805542,1,0,-1
199,101,1405.033935546875,0.0,514.7882080078125,1080.0,0.7354118824005127,1,0,-1
200,101,1401.0037841796875,0.001062461524270475,518.802978515625,1079.9989013671875,0.7366453409194946,1,0,-1
201,101,1392.988037109375,0.07151363790035248,526.704833984375,1079.928466796875,0.7192684412002563,1,0,-1
202,101,1388.672119140625,0.08792034536600113,530.9859619140625,1079.912109375,0.7444101572036743,1,0,-1
203,101,1385.1021728515625,0.10680695623159409,534.40478515625,1079.8931884765625,0.7296928763389587,1,0,-1
204,101,1378.1790771484375,0.09024470299482346,541.266357421875,1079.9097900390625,0.7928851842880249,1,0,-1
205,101,1374.586181640625,0.09405770897865295,544.7236328125,1079.9058837890625,0.7552680373191833,1,0,-1
206,101,1370.8006591796875,0.0949302539229393,548.48046875,1079.905029296875,0.7787885069847107,1,0,-1
207,101,1366.2177734375,0.07433360069990158,552.9031982421875,1079.9256591796875,0.7655190229415894,1,0,-1
208,101,1365.1064453125,0.010032664984464645,553.981689453125,1079.989990234375,0.7647247314453125,1,0,-1
209,101,1362.1326904296875,0.0,557.0302734375,1079.88818359375,0.7991418242454529,1,0,-1
210,101,1359.5982666015625,0.0,559.544677734375,1079.807861328125,0.7858457565307617,1,0,-1
211,101,1359.350830078125,0.0,559.616455078125,1079.782470703125,0.7080591320991516,1,0,-1
212,101,1356.772705078125,0.0,562.4739990234375,1079.6719970703125,0.7659544944763184,1,0,-1
213,101,1354.243896484375,0.0,564.9176025390625,1079.7003173828125,0.7769483327865601,1,0,-1
214,101,1349.2315673828125,0.0,569.8675537109375,1079.76953125,0.7458938360214233,1,0,-1
215,101,1344.070556640625,0.0,575.1474609375,1079.771484375,0.7510844469070435,1,0,-1
216,101,1340.6580810546875,0.0,578.5792236328125,1079.8135986328125,0.7649118900299072,1,0,-1
217,101,1336.0360107421875,0.0,583.15576171875,1079.9117431640625,0.7573634386062622,1,0,-1
218,101,1332.30859375,0.0,586.912109375,1079.91015625,0.7869907021522522,1,0,-1
219,101,1324.5853271484375,0.0,595.26416015625,1079.8704833984375,0.7461205720901489,1,0,-1
220,101,1320.409912109375,0.0,599.590087890625,1079.8992919921875,0.7138891816139221,1,0,-1
221,101,1318.164306640625,0.0,601.835693359375,1079.9996337890625,0.7935136556625366,1,0,-1
222,101,1312.4361572265625,0.022571615874767303,607.5638427734375,1079.9774169921875,0.7850870490074158,1,0,-1
223,101,1309.0157470703125,0.11245696246623993,610.9842529296875,1079.8875732421875,0.7367715835571289,1,0,-1
224,101,1306.2518310546875,0.1773107498884201,613.7481689453125,1079.8226318359375,0.7641547322273254,1,0,-1
225,101,1300.262939453125,0.22625000774860382,619.737060546875,1079.7738037109375,0.7787634134292603,1,0,-1
226,101,1293.9564208984375,0.24603202939033508,626.0435791015625,1079.7540283203125,0.7054930329322815,1,0,-1
227,101,1290.642822265625,0.2722957730293274,629.357177734375,1079.7276611328125,0.7927262783050537,1,0,-1
228,101,1287.1954345703125,0.2725732922554016,632.8045654296875,1079.7274169921875,0.8188178539276123,1,0,-1
229,101,1280.9874267578125,0.28905895352363586,639.0125732421875,1079.7109375,0.8094159960746765,1,0,-1
230,101,1276.666748046875,0.2647465765476227,643.2720947265625,1079.7352294921875,0.8232494592666626,1,0,-1
231,101,1274.37646484375,0.2465137541294098,645.5054931640625,1079.7535400390625,0.8187322616577148,1,0,-1
232,101,1269.8240966796875,0.2426886409521103,650.0626220703125,1079.75732421875,0.7595483660697937,1,0,-1
233,101,1268.5533447265625,0.2042098492383957,651.35205078125,1079.7957763671875,0.8278048038482666,1,0,-1
234,101,1267.4862060546875,0.18354076147079468,652.3896484375,1079.81640625,0.7748149037361145,1,0,-1
235,101,1264.5673828125,0.13049709796905518,655.302978515625,1079.8695068359375,0.7589616179466248,1,0,-1
236,101,1262.4742431640625,0.09640752524137497,657.3251953125,1079.903564453125,0.8233209252357483,1,0,-1
237,101,1261.000732421875,0.06634027510881424,658.810302734375,1079.9337158203125,0.8175188302993774,1,0,-1
238,101,1256.5264892578125,0.03382888063788414,663.260009765625,1079.9661865234375,0.8419463038444519,1,0,-1
239,101,1254.7972412109375,0.024609072133898735,664.9552001953125,1079.975341796875,0.8516161441802979,1,0,-1
240,101,1251.2843017578125,0.015583377331495285,668.4599609375,1079.984375,0.8298725485801697,1,0,-1
241,101,1246.815185546875,0.0,673.0543212890625,1079.9901123046875,0.8396995067596436,1,0,-1
242,101,1244.6282958984375,0.0,675.172607421875,1079.9566650390625,0.827921450138092,1,0,-1
243,101,1239.0545654296875,0.0,680.67431640625,1079.944091796875,0.7694727778434753,1,0,-1
244,101,1232.373291015625,0.0,687.3115234375,1079.9610595703125,0.8426146507263184,1,0,-1
245,101,1228.894287109375,0.0,690.8570556640625,1079.95654296875,0.8209925293922424,1,0,-1
246,101,1224.05517578125,0.0,695.871337890625,1079.9578857421875,0.8237897157669067,1,0,-1
247,101,1220.8863525390625,0.0,699.06396484375,1079.94189453125,0.8645561933517456,1,0,-1
248,101,1218.130615234375,0.0,701.869384765625,1080.0,0.8695486783981323,1,0,-1
249,101,1214.7593994140625,0.0,705.2406005859375,1080.0,0.8599410653114319,1,0,-1
250,101,1211.1783447265625,0.0,708.8216552734375,1080.0,0.8831167817115784,1,0,-1
251,101,1204.9571533203125,0.0,715.0428466796875,1080.0,0.8907891511917114,1,0,-1
252,101,1199.2713623046875,0.0,720.7286376953125,1080.0,0.845573902130127,1,0,-1
253,101,1196.101806640625,0.0,723.898193359375,1079.9500732421875,0.8976894617080688,1,0,-1
254,101,1192.49365234375,0.0,727.50634765625,1079.922607421875,0.8560212254524231,1,0,-1
255,101,1188.4656982421875,0.0,731.5343017578125,1080.0,0.8396154642105103,1,0,-1
256,101,1186.939208984375,0.0,733.060791015625,1080.0,0.8403942584991455,1,0,-1
257,101,1185.50244140625,0.0,734.49755859375,1079.9298095703125,0.8876798152923584,1,0,-1
258,101,1181.465087890625,0.0,738.534912109375,1079.8973388671875,0.8837153911590576,1,0,-1
259,101,1177.726806640625,0.0,742.273193359375,1079.8616943359375,0.8412655591964722,1,0,-1
260,101,1175.984375,0.0,744.015625,1080.0,0.8388939499855042,1,0,-1
261,101,1175.1199951171875,0.0,744.8402099609375,1080.0,0.8001565337181091,1,0,-1
262,101,1174.252685546875,0.0,745.607177734375,1080.0,0.844704806804657,1,0,-1
263,101,1173.2042236328125,0.0,746.4869384765625,1080.0,0.8263353705406189,1,0,-1
264,101,1173.11865234375,0.0,746.533203125,1080.0,0.8811377882957458,1,0,-1
265,101,1169.263427734375,0.0,750.3212890625,1080.0,0.8642981052398682,1,0,-1
266,101,1163.53662109375,0.0,756.00390625,1080.0,0.8456303477287292,1,0,-1
267,101,1161.976318359375,0.00516056502237916,757.558349609375,1079.994873046875,0.8468399047851562,1,0,-1
268,101,1156.5240478515625,0.025880785658955574,762.9539794921875,1079.97412109375,0.7480704188346863,1,0,-1
269,101,1152.0111083984375,0.07577526569366455,767.434326171875,1079.9241943359375,0.8472621440887451,1,0,-1
270,101,1146.1571044921875,0.06874606758356094,773.140869140625,1079.9312744140625,0.7470483183860779,1,0,-1
271,101,1145.33642578125,0.09934511035680771,773.8792724609375,1079.900634765625,0.8417307734489441,1,0,-1
272,101,1141.00244140625,0.13268081843852997,778.3763427734375,1079.8673095703125,0.8871405124664307,1,0,-1
273,101,1136.7122802734375,0.10868535190820694,782.7684326171875,1079.891357421875,0.7955371737480164,1,0,-1
274,101,1132.2142333984375,0.1045285239815712,787.218994140625,1079.8955078125,0.7912307381629944,1,0,-1
275,101,1130.0875244140625,0.10270454734563828,789.470703125,1079.8973388671875,0.8282016515731812,1,0,-1
276,101,1125.8759765625,0.10763081163167953,793.7464599609375,1079.892333984375,0.8402729630470276,1,0,-1
277,101,1122.334228515625,0.08774349093437195,797.3948974609375,1079.9122314453125,0.8391266465187073,1,0,-1
278,101,1116.528564453125,0.08669473975896835,803.3353271484375,1079.913330078125,0.7822773456573486,1,0,-1
279,101,1109.8189697265625,0.12507161498069763,809.9930419921875,1079.8748779296875,0.8358859419822693,1,0,-1
280,101,1106.4468994140625,0.11617054045200348,813.488037109375,1079.8837890625,0.7685480117797852,1,0,-1
281,101,1102.5936279296875,0.12863188982009888,817.4063720703125,1079.871337890625,0.72812819480896,1,0,-1
282,101,1098.012451171875,0.14811010658740997,821.987548828125,1079.8519287109375,0.7579995393753052,1,0,-1
283,101,1095.77587890625,0.19245466589927673,824.22412109375,1079.8074951171875,0.7328801155090332,1,0,-1
284,101,1093.887451171875,0.16647523641586304,826.112548828125,1079.83349609375,0.6999039053916931,1,0,-1
285,101,1091.9615478515625,0.18869824707508087,828.0384521484375,1079.811279296875,0.7767748832702637,1,0,-1
286,101,1090.3267822265625,0.1406324952840805,829.6732177734375,1079.859375,0.7188224792480469,1,0,-1
287,101,1087.47412109375,0.15079352259635925,832.52587890625,1079.8492431640625,0.8646354079246521,1,0,-1
288,101,1083.4052734375,0.1095302626490593,836.5947265625,1079.8905029296875,0.8379392623901367,1,0,-1
289,101,1081.1728515625,0.06901174038648605,838.8271484375,1079.9310302734375,0.8013331890106201,1,0,-1
290,101,1083.4886474609375,0.00811937265098095,836.5113525390625,1079.9918212890625,0.6497566103935242,1,0,-1
291,101,1079.842529296875,0.007908527739346027,840.157470703125,1079.9920654296875,0.7559393644332886,1,0,-1
292,101,1077.1058349609375,0.0,842.684814453125,1080.0,0.6682552099227905,1,0,-1
293,101,1073.5096435546875,0.0,846.3978271484375,1080.0,0.7812982797622681,1,0,-1
294,101,1065.85693359375,0.0,854.03857421875,1080.0,0.7582776546478271,1,0,-1
295,101,1062.3853759765625,0.0,857.5067138671875,1080.0,0.8316707015037537,1,0,-1
296,101,1060.241455078125,0.0,859.689697265625,1080.0,0.7873299717903137,1,0,-1
297,101,1056.4705810546875,0.0,863.4769287109375,1080.0,0.8335340023040771,1,0,-1
298,101,1060.200927734375,0.0,859.75732421875,1080.0,0.7815669178962708,1,0,-1
299,101,1055.5482177734375,0.0,864.4517822265625,1080.0,0.8269681930541992,1,0,-1
300,101,1051.2872314453125,0.0,868.7127685546875,1080.0,0.8707470297813416,1,0,-1
301,101,1049.9224853515625,0.0,870.0775146484375,1080.0,0.7940137982368469,1,0,-1
302,101,1048.869384765625,0.0,871.130615234375,1080.0,0.8590901494026184,1,0,-1
303,101,1042.908935546875,0.0,877.091064453125,1079.9466552734375,0.8562881350517273,1,0,-1
304,101,1032.21484375,0.0,887.78515625,1079.9283447265625,0.6589811444282532,1,0,-1
305,101,1029.56591796875,0.0,890.43408203125,1079.970703125,0.7553972601890564,1,0,-1
306,101,1023.756103515625,0.0,896.243896484375,1079.9730224609375,0.6732828617095947,1,0,-1
307,101,1020.2249755859375,0.0,899.7750244140625,1080.0,0.8450856804847717,1,0,-1
308,101,1018.276123046875,0.0,901.723876953125,1080.0,0.8453545570373535,1,0,-1
309,101,1012.314697265625,0.0,907.685302734375,1079.91455078125,0.8470274806022644,1,0,-1
310,101,1005.1251220703125,0.0,914.8748779296875,1079.844970703125,0.8862821459770203,1,0,-1
311,101,1001.4876098632812,0.0,918.5123901367188,1079.9273681640625,0.8595096468925476,1,0,-1
312,101,997.0232543945312,0.0,922.9767456054688,1080.0,0.8514524102210999,1,0,-1
313,101,991.6688842773438,0.0,928.3311157226562,1080.0,0.8824045658111572,1,0,-1
314,101,989.069091796875,0.0,930.930908203125,1080.0,0.8555344939231873,1,0,-1
315,101,986.6948852539062,0.0,933.1821899414062,1080.0,0.8331885933876038,1,0,-1
316,101,983.88671875,0.0,936.11328125,1080.0,0.7580202221870422,1,0,-1
317,101,982.9978637695312,0.0,937.0021362304688,1080.0,0.7392200827598572,1,0,-1
318,101,983.0739135742188,0.0,936.6110229492188,1080.0,0.782615602016449,1,0,-1
319,101,976.0505981445312,0.0,943.5170288085938,1080.0,0.8339491486549377,1,0,-1
320,101,973.69189453125,0.0,945.8245849609375,1079.995361328125,0.8449546098709106,1,0,-1
321,101,972.9827880859375,0.0,946.455322265625,1080.0,0.8534440398216248,1,0,-1
322,101,971.4373168945312,0.0,948.0518188476562,1080.0,0.8512099981307983,1,0,-1
323,101,968.3271484375,0.0,950.8369140625,1079.970703125,0.8965821266174316,1,0,-1
324,101,968.3675537109375,0.0,951.0828857421875,1079.97998046875,0.8731927275657654,1,0,-1
325,101,965.9873046875,0.0,953.3802490234375,1080.0,0.8783286809921265,1,0,-1
326,101,959.2171020507812,0.0,959.9686889648438,1080.0,0.902982771396637,1,0,-1
327,101,956.44384765625,0.0,962.887939453125,1080.0,0.8885729908943176,1,0,-1
328,101,951.11865234375,0.0,968.2801513671875,1080.0,0.8418591022491455,1,0,-1
329,101,948.8704833984375,0.0,970.5447998046875,1080.0,0.8904006481170654,1,0,-1
330,101,944.77587890625,0.0,975.0147705078125,1080.0,0.7785046100616455,1,0,-1
332,101,921.7449951171875,0.0,997.7593994140625,1080.0,0.7999511957168579,1,0,-1
333,101,913.2949829101562,0.0,1005.9031372070312,1080.0,0.6048855185508728,1,0,-1
334,101,909.6241455078125,0.0,1009.632080078125,1080.0,0.7214574813842773,1,0,-1
335,101,908.2704467773438,0.0,1010.9603881835938,1080.0,0.8472074866294861,1,0,-1
336,101,906.026611328125,0.0,1013.333984375,1080.0,0.8790427446365356,1,0,-1
337,101,902.1641845703125,0.0,1017.2352294921875,1080.0,0.898060142993927,1,0,-1
338,101,900.205322265625,0.0,1019.22998046875,1080.0,0.9176033735275269,1,0,-1
339,101,898.8068237304688,0.0,1020.6356811523438,1080.0,0.8716162443161011,1,0,-1
340,101,894.4053344726562,0.0,1025.115478515625,1080.0,0.871224045753479,1,0,-1
341,101,895.4884643554688,0.0,1024.16845703125,1080.0,0.863335132598877,1,0,-1
342,101,891.2537841796875,0.0,1028.4912109375,1080.0,0.786532461643219,1,0,-1
343,101,882.31298828125,0.0,1037.44482421875,1080.0,0.6742377877235413,1,0,-1
344,101,877.0505981445312,0.0,1042.694091796875,1080.0,0.7808802723884583,1,0,-1
345,101,870.8394775390625,0.0,1048.9112548828125,1080.0,0.7529833316802979,1,0,-1
346,101,862.4035034179688,0.0,1057.41943359375,1080.0,0.7588591575622559,1,0,-1
347,101,861.7933349609375,0.0,1058.0535888671875,1080.0,0.8655301928520203,1,0,-1
348,101,852.7828369140625,0.0,1067.084228515625,1080.0,0.8298448920249939,1,0,-1
349,101,852.3651733398438,0.0,1067.553955078125,1080.0,0.8554658889770508,1,0,-1
350,101,852.1087036132812,0.0,1067.854248046875,1080.0,0.85312819480896,1,0,-1
351,101,848.1737670898438,0.0,1071.783203125,1080.0,0.7730469703674316,1,0,-1
352,101,845.4755249023438,0.0,1074.5244140625,1080.0,0.865689218044281,1,0,-1
353,101,845.0350952148438,0.0,1074.954833984375,1080.0,0.8257771134376526,1,0,-1
354,101,835.3926391601562,0.0,1084.607421875,1080.0,0.8178325295448303,1,0,-1
355,101,822.1469116210938,0.0,1097.85302734375,1080.0,0.6589237451553345,1,0,-1
356,101,810.0305786132812,0.0,1109.969482421875,1079.9649658203125,0.7148078680038452,1,0,-1
357,101,804.1054077148438,0.0,1115.89453125,1079.8590087890625,0.7699649930000305,1,0,-1
358,101,805.822998046875,0.0,1114.177001953125,1079.9345703125,0.7809129953384399,1,0,-1
359,101,803.806640625,0.0,1116.193359375,1079.974609375,0.7632160186767578,1,0,-1
360,101,803.6881713867188,0.0,1116.311767578125,1079.9345703125,0.7012792229652405,1,0,-1
361,101,796.4697265625,0.0,1123.5302734375,1079.9034423828125,0.8070220351219177,1,0,-1
362,101,798.4026489257812,0.0,1121.597412109375,1079.9620361328125,0.6703670024871826,1,0,-1
363,101,800.2033081054688,0.0,1119.796630859375,1079.7921142578125,0.512241542339325,1,0,-1
369,101,771.6248168945312,0.0,1148.30859375,1080.0,0.7046699523925781,1,0,-1
370,101,764.2244873046875,0.0,1155.650390625,1080.0,0.524071455001831,1,0,-1
371,101,762.6405029296875,0.0,1157.3594970703125,1080.0,0.7134002447128296,1,0,-1
372,101,757.878662109375,0.0,1162.0947265625,1080.0,0.8134172558784485,1,0,-1
373,101,757.4620361328125,0.0,1162.49072265625,1080.0,0.742760956287384,1,0,-1
374,101,756.8939208984375,0.0,1163.0137939453125,1080.0,0.8225847482681274,1,0,-1
377,101,717.1012573242188,0.0,1202.6953125,1080.0,0.5940086245536804,1,0,-1
378,101,710.730712890625,0.0,1209.0870361328125,1080.0,0.6333633065223694,1,0,-1
379,101,707.9598999023438,0.0,1211.8779296875,1080.0,0.8346319794654846,1,0,-1
380,101,705.6841430664062,0.0,1214.228759765625,1080.0,0.6378468871116638,1,0,-1
380,105,0.0,0.0,915.5939331054688,1080.0,0.6078159809112549,1,0,-1
381,101,704.2757568359375,0.0,1215.6558837890625,1080.0,0.644186794757843,1,0,-1
381,105,0.0,0.0,918.476806640625,1080.0,0.5798954963684082,1,0,-1
382,101,699.7188110351562,0.0,1220.28125,1080.0,0.79339200258255,1,0,-1
382,105,0.0,0.0,922.4930419921875,1080.0,0.5629751086235046,1,0,-1
401,105,0.0,0.0,809.1233520507812,1080.0,0.5509784817695618,1,0,-1
402,105,0.09990730881690979,0.17645318806171417,805.3469848632812,1079.823486328125,0.507548451423645,1,0,-1
410,105,0.0,0.0,763.9822998046875,1080.0,0.5434408783912659,1,0,-1
417,105,0.0,0.0,734.4994506835938,1080.0,0.5799977779388428,1,0,-1
418,105,0.0,0.0,717.9152221679688,1080.0,0.5271230340003967,1,0,-1
419,105,0.0,0.0,714.6941528320312,1080.0,0.5185141563415527,1,0,-1
433,105,0.0,0.0,630.9866333007812,1080.0,0.6939409375190735,1,0,-1
440,105,0.501811683177948,0.0,576.32421875,1080.0,0.6436334252357483,1,0,-1
447,105,2.5518274307250977,0.0,530.705078125,1080.0,0.6652106046676636,1,0,-1
453,105,0.7769832611083984,0.0,489.48968505859375,1080.0,0.517220139503479,1,0,-1
464,105,0.0,0.0,404.4566345214844,1080.0,0.5317437052726746,1,0,-1
466,105,0.0,0.0,386.8494567871094,1080.0,0.5155453681945801,1,0,-1
467,105,0.0,0.0,380.61212158203125,1080.0,0.6450519561767578,1,0,-1
468,105,0.0,0.0,377.3624267578125,1080.0,0.6227938532829285,1,0,-1
477,105,0.0,0.0,290.8954162597656,1080.0,0.5678237080574036,1,0,-1
478,105,0.0,0.0,279.05755615234375,1080.0,0.5407284498214722,1,0,-1
479,105,0.0,0.0,268.2783508300781,1080.0,0.6827322244644165,1,0,-1
480,105,0.0,0.0,261.4040222167969,1080.0,0.589238703250885,1,0,-1
481,105,0.0,27.698436737060547,252.08267211914062,1052.301513671875,0.6764535903930664,1,0,-1
482,105,0.0,33.481353759765625,240.5502471923828,1046.5186767578125,0.5981957316398621,1,0,-1
