129,844,0.6476642489433289,0.06373485177755356,146.37704467773438,538.6755981445312,0.5405889749526978,1,6,-1
452,846,1682.8675537109375,94.45870971679688,237.1324462890625,322.0424499511719,0.652194619178772,1,16,-1
453,846,1687.21533203125,94.65986633300781,232.78466796875,329.2578125,0.6679220199584961,1,16,-1
454,846,1689.7598876953125,93.1720962524414,230.2401123046875,320.0696105957031,0.6263970732688904,1,16,-1
455,846,1691.2613525390625,93.2318344116211,228.7386474609375,327.20880126953125,0.7220272421836853,1,16,-1
456,846,1694.31884765625,93.54753875732422,225.68115234375,327.51824951171875,0.7692928314208984,1,16,-1
457,846,1695.9478759765625,93.8054428100586,224.0521240234375,332.67852783203125,0.7392440438270569,1,16,-1
458,846,1700.3380126953125,94.17015075683594,219.3924560546875,338.543701171875,0.7283218502998352,1,16,-1
459,846,1706.26708984375,94.61946105957031,213.22802734375,341.3404541015625,0.7745007872581482,1,16,-1
460,846,1706.2752685546875,93.3548812866211,212.679931640625,350.8969421386719,0.7391569018363953,1,16,-1
461,846,1708.0220947265625,92.69709777832031,210.2078857421875,339.60284423828125,0.7075741291046143,1,16,-1
462,846,1708.4549560546875,90.80400085449219,209.50146484375,335.898681640625,0.7420812845230103,1,16,-1
463,846,1707.5712890625,87.99805450439453,209.554931640625,334.9870300292969,0.7326841950416565,1,16,-1
464,846,1700.977294921875,84.88813781738281,215.8621826171875,332.00579833984375,0.7569584846496582,1,16,-1
465,846,1695.7791748046875,82.09230041503906,221.5028076171875,341.84783935546875,0.7590880990028381,1,16,-1
466,846,1692.1171875,77.48111724853516,225.784423828125,351.62066650390625,0.7446836233139038,1,16,-1
467,846,1688.83203125,75.09434509277344,229.561767578125,343.82891845703125,0.6999648213386536,1,16,-1
468,846,1685.8599853515625,72.64379119873047,233.0655517578125,335.63751220703125,0.6476255059242249,1,16,-1
469,846,1681.75146484375,68.7770004272461,237.4912109375,345.029541015625,0.6903833746910095,1,16,-1
470,846,1680.6998291015625,63.40450668334961,238.88671875,347.25494384765625,0.7096423506736755,1,16,-1
471,846,1681.0146484375,60.53860092163086,238.6331787109375,355.161376953125,0.7031674385070801,1,16,-1
472,846,1681.4720458984375,58.27119445800781,238.1884765625,355.62249755859375,0.6817231178283691,1,16,-1
473,846,1680.3988037109375,53.94696807861328,239.4381103515625,359.44525146484375,0.6745206117630005,1,16,-1
474,846,1679.0484619140625,51.624107360839844,240.8731689453125,367.5093688964844,0.681700587272644,1,16,-1
475,846,1678.2120361328125,50.520896911621094,241.707275390625,359.5675354003906,0.6712945103645325,1,16,-1
476,846,1677.073486328125,46.09515380859375,242.926513671875,363.142822265625,0.5629482865333557,1,16,-1
477,846,1676.1600341796875,43.82782745361328,243.5318603515625,366.6943664550781,0.6861241459846497,1,16,-1
478,846,1675.419677734375,40.391910552978516,244.1175537109375,376.50909423828125,0.6271845102310181,1,16,-1
479,846,1673.24462890625,36.38517379760742,246.2777099609375,379.7747497558594,0.6535352468490601,1,16,-1
480,846,1671.982666015625,31.145658493041992,248.017333984375,392.6253662109375,0.5992238521575928,1,16,-1
481,846,1673.8350830078125,19.788389205932617,246.1649169921875,401.6611633300781,0.5108000040054321,1,16,-1
482,846,1673.7259521484375,20.531599044799805,246.2589111328125,402.147216796875,0.54188072681427,1,16,-1
