9,89,1008.4751586914062,423.524169921875,52.51837158203125,74.151611328125,0.5353022217750549,1,2,-1
11,89,975.6732788085938,425.103271484375,53.07135009765625,73.93234252929688,0.5896573066711426,1,2,-1
12,89,964.1345825195312,425.7820129394531,54.6873779296875,74.3958740234375,0.6198468208312988,1,2,-1
13,89,945.3535766601562,427.6971435546875,51.8944091796875,73.4849853515625,0.5391853451728821,1,2,-1
14,89,930.62744140625,429.252197265625,56.31396484375,74.30325317382812,0.6051796674728394,1,2,-1
15,89,913.0790405273438,430.38043212890625,52.7216796875,75.23165893554688,0.5987709760665894,1,2,-1
16,89,893.372314453125,432.18780517578125,55.025390625,73.83187866210938,0.5194498896598816,1,2,-1
17,89,877.5241088867188,433.6781005859375,54.62286376953125,74.22567749023438,0.526233434677124,1,2,-1
18,89,857.1104736328125,435.73468017578125,57.5211181640625,74.06658935546875,0.5323793292045593,1,2,-1
19,89,844.4859619140625,438.8305969238281,54.24542236328125,73.83468627929688,0.5876600742340088,1,2,-1
20,89,823.5284423828125,440.44122314453125,54.0003662109375,74.95556640625,0.5158495306968689,1,2,-1
21,89,810.3988647460938,443.501708984375,53.999755859375,75.1107177734375,0.6092910170555115,1,2,-1
22,89,787.7879028320312,447.3132019042969,53.443359375,74.64523315429688,0.5774418711662292,1,2,-1
23,89,774.8103637695312,449.1889343261719,54.53973388671875,74.00070190429688,0.6135692000389099,1,2,-1
24,89,752.36572265625,451.0083923339844,55.6724853515625,74.63711547851562,0.6351838111877441,1,2,-1
25,89,735.0126342773438,451.58087158203125,60.41387939453125,75.193115234375,0.5762034058570862,1,2,-1
26,89,717.1974487304688,451.5749816894531,57.81158447265625,77.11984252929688,0.6514581441879272,1,2,-1
27,89,696.1177368164062,454.5884094238281,60.89434814453125,75.80368041992188,0.5673002004623413,1,2,-1
28,89,680.130615234375,456.60845947265625,57.29730224609375,76.367431640625,0.6162315011024475,1,2,-1
29,89,657.3937377929688,458.9015197753906,56.0262451171875,76.30661010742188,0.5803053975105286,1,2,-1
30,89,643.4453735351562,461.1881103515625,57.04974365234375,75.74237060546875,0.6304687857627869,1,2,-1
31,89,620.6326904296875,462.1009216308594,57.0335693359375,76.56692504882812,0.6264402270317078,1,2,-1
32,89,604.6076049804688,462.264404296875,60.0252685546875,76.2076416015625,0.5674034357070923,1,2,-1
33,89,581.5372314453125,464.57958984375,58.65960693359375,75.76837158203125,0.5659908652305603,1,2,-1
35,89,541.9940795898438,467.4409484863281,62.12994384765625,76.23574829101562,0.5575479865074158,1,2,-1
39,89,465.8354797363281,468.7052001953125,60.621917724609375,75.64776611328125,0.5238968729972839,1,2,-1
40,89,440.41265869140625,467.694091796875,60.517669677734375,75.0657958984375,0.5060452818870544,1,2,-1
41,89,427.44439697265625,466.2370910644531,62.066131591796875,77.95864868164062,0.5112709999084473,1,2,-1
