20,1132,622.5769653320312,425.8692932128906,45.2027587890625,116.83493041992188,0.580941379070282,1,2,-1
21,1132,617.6551513671875,432.54449462890625,44.1397705078125,108.84423828125,0.6490615606307983,1,2,-1
22,1132,613.6815795898438,434.8553161621094,44.6778564453125,107.40579223632812,0.6133790612220764,1,2,-1
23,1132,609.6699829101562,434.3812561035156,44.426513671875,114.92044067382812,0.5045052766799927,1,2,-1
26,1132,601.5897216796875,441.8115234375,47.6641845703125,116.139404296875,0.5191128253936768,1,2,-1
28,1132,596.1474609375,449.845947265625,48.53509521484375,117.70196533203125,0.6393678188323975,1,2,-1
29,1132,596.974853515625,455.75164794921875,46.84356689453125,113.57000732421875,0.6166252493858337,1,2,-1
34,1132,592.5137329101562,480.2794494628906,43.47430419921875,107.47274780273438,0.5854182243347168,1,2,-1
35,1132,591.755126953125,482.7595520019531,42.45220947265625,111.08688354492188,0.6761305928230286,1,2,-1
36,1132,590.917724609375,484.4080505371094,42.5667724609375,112.14340209960938,0.5878629088401794,1,2,-1
37,1132,588.9158935546875,485.7643737792969,43.2823486328125,114.71701049804688,0.686201274394989,1,2,-1
38,1132,587.8538208007812,488.63720703125,43.508544921875,113.66375732421875,0.6437764763832092,1,2,-1
39,1132,586.3917846679688,489.61083984375,43.4576416015625,112.70416259765625,0.5189152359962463,1,2,-1
40,1132,583.289794921875,492.50628662109375,45.22760009765625,109.73187255859375,0.6283385753631592,1,2,-1
41,1132,581.6842651367188,492.29681396484375,45.18914794921875,110.92767333984375,0.5931608080863953,1,2,-1
42,1132,580.113525390625,489.30426025390625,46.17413330078125,113.34307861328125,0.5482689142227173,1,2,-1
43,1132,577.0498657226562,490.2164611816406,47.6578369140625,115.40274047851562,0.5691991448402405,1,2,-1
44,1132,575.7590942382812,487.00872802734375,47.3182373046875,116.5516357421875,0.629059910774231,1,2,-1
45,1132,574.8468627929688,486.1493225097656,46.74615478515625,116.43539428710938,0.7002436518669128,1,2,-1
46,1132,572.163330078125,486.1161193847656,45.79669189453125,115.19131469726562,0.5923239588737488,1,2,-1
47,1132,570.1024780273438,485.31170654296875,46.94317626953125,111.78448486328125,0.6128734350204468,1,2,-1
48,1132,569.0910034179688,484.5168151855469,44.93865966796875,111.76901245117188,0.6914780735969543,1,2,-1
49,1132,567.97900390625,482.3382568359375,45.2850341796875,112.70562744140625,0.6463741064071655,1,2,-1
50,1132,566.1777954101562,480.273681640625,45.35894775390625,115.47332763671875,0.6531569361686707,1,2,-1
51,1132,564.7435302734375,477.5567932128906,45.7275390625,115.13723754882812,0.6329925060272217,1,2,-1
52,1132,562.9920654296875,472.142333984375,46.37841796875,118.598388671875,0.6832529306411743,1,2,-1
53,1132,560.5907592773438,469.6614685058594,47.56964111328125,112.62417602539062,0.6301620602607727,1,2,-1
54,1132,558.8592529296875,467.64892578125,48.41082763671875,114.083984375,0.595970094203949,1,2,-1
55,1132,556.3873291015625,462.7681884765625,49.10455322265625,118.1085205078125,0.5394732356071472,1,2,-1
56,1132,555.9367065429688,460.14239501953125,49.83935546875,118.02545166015625,0.6818575263023376,1,2,-1
57,1132,553.8150024414062,454.9205017089844,50.448974609375,117.59725952148438,0.641217052936554,1,2,-1
58,1132,552.720703125,451.4235534667969,50.988037109375,117.24447631835938,0.6458069086074829,1,2,-1
59,1132,552.29296875,446.7862548828125,51.3375244140625,120.01934814453125,0.6812955737113953,1,2,-1
60,1132,550.9595336914062,443.4464111328125,52.07427978515625,122.44769287109375,0.6668867468833923,1,2,-1
61,1132,549.5791015625,441.84613037109375,52.14349365234375,118.7890625,0.7192902565002441,1,2,-1
62,1132,549.107177734375,440.0904846191406,52.42431640625,117.18563842773438,0.5200278759002686,1,2,-1
63,1132,546.4307861328125,434.3417663574219,53.41949462890625,122.21981811523438,0.5156853795051575,1,2,-1
64,1132,544.6622924804688,432.8026428222656,53.3807373046875,121.66909790039062,0.7238805294036865,1,2,-1
65,1132,544.11669921875,431.9344787597656,53.09368896484375,120.13192749023438,0.6956833600997925,1,2,-1
66,1132,542.8610229492188,428.6871643066406,53.1746826171875,121.38790893554688,0.7384235858917236,1,2,-1
67,1132,542.5103149414062,424.78643798828125,53.42041015625,123.84527587890625,0.7332094311714172,1,2,-1
68,1132,543.5718383789062,417.9533386230469,50.40740966796875,127.07284545898438,0.707833468914032,1,2,-1
69,1132,544.7821655273438,417.8617858886719,47.9947509765625,123.63449096679688,0.6992058753967285,1,2,-1
70,1132,543.7357177734375,416.5201416015625,47.1800537109375,119.5517578125,0.709674060344696,1,2,-1
71,1132,542.9495849609375,414.7304992675781,47.55743408203125,118.55166625976562,0.7249442338943481,1,2,-1
72,1132,542.2943115234375,411.8104248046875,47.21405029296875,120.72161865234375,0.6914332509040833,1,2,-1
73,1132,541.5353393554688,410.0318603515625,46.97003173828125,120.0693359375,0.7206091284751892,1,2,-1
74,1132,539.7860107421875,407.02166748046875,47.3829345703125,121.09271240234375,0.6751919984817505,1,2,-1
75,1132,537.7172241210938,404.2227783203125,48.82904052734375,124.2103271484375,0.6754947304725647,1,2,-1
76,1132,534.923828125,399.1392517089844,50.15887451171875,128.30758666992188,0.7006820440292358,1,2,-1
77,1132,533.8909301757812,398.157470703125,50.62542724609375,129.626708984375,0.6840223073959351,1,2,-1
78,1132,531.60693359375,398.9460754394531,53.3140869140625,128.87088012695312,0.7182577848434448,1,2,-1
79,1132,530.5963745117188,396.99566650390625,53.55352783203125,129.8707275390625,0.7056989073753357,1,2,-1
80,1132,530.1199340820312,397.1178283691406,53.72265625,128.50759887695312,0.737237811088562,1,2,-1
81,1132,529.2840576171875,394.67095947265625,53.64642333984375,129.83172607421875,0.7369930744171143,1,2,-1
82,1132,528.2435913085938,391.7358093261719,53.59478759765625,132.27127075195312,0.7504482865333557,1,2,-1
83,1132,527.6785888671875,391.407470703125,53.362060546875,132.28021240234375,0.7307689785957336,1,2,-1
84,1132,526.0475463867188,391.1653137207031,54.793212890625,131.79568481445312,0.7377943992614746,1,2,-1
85,1132,525.1317138671875,390.3664855957031,54.889892578125,131.25570678710938,0.727878749370575,1,2,-1
86,1132,525.0164794921875,389.4962158203125,53.94036865234375,131.139404296875,0.7076361775398254,1,2,-1
87,1132,524.9234008789062,388.1618347167969,52.933837890625,129.77999877929688,0.7277933359146118,1,2,-1
88,1132,522.7835693359375,386.5840148925781,54.12518310546875,134.71438598632812,0.7182552814483643,1,2,-1
89,1132,520.6279296875,385.15557861328125,55.56463623046875,138.58990478515625,0.7226187586784363,1,2,-1
90,1132,519.6905517578125,386.13934326171875,55.323486328125,137.52557373046875,0.7348030805587769,1,2,-1
91,1132,519.5989379882812,388.0303955078125,55.32073974609375,134.138427734375,0.7408574819564819,1,2,-1
92,1132,518.1705932617188,386.774658203125,54.65667724609375,136.15423583984375,0.7112460732460022,1,2,-1
93,1132,516.5623779296875,387.1806335449219,55.58135986328125,133.35964965820312,0.7374134063720703,1,2,-1
94,1132,513.5227661132812,386.28387451171875,54.857177734375,130.86175537109375,0.7244881987571716,1,2,-1
95,1132,508.6653747558594,383.2219543457031,57.889190673828125,133.28903198242188,0.7188542485237122,1,2,-1
96,1132,506.88629150390625,385.31805419921875,56.708740234375,130.86639404296875,0.7411668300628662,1,2,-1
97,1132,503.99371337890625,384.9597473144531,57.050048828125,128.90158081054688,0.7524970769882202,1,2,-1
98,1132,498.40216064453125,382.4265441894531,59.33941650390625,130.09518432617188,0.7656585574150085,1,2,-1
99,1132,494.731689453125,382.239013671875,57.91473388671875,132.5093994140625,0.7688303589820862,1,2,-1
100,1132,490.5957946777344,383.2220153808594,58.201629638671875,133.29660034179688,0.7346978187561035,1,2,-1
101,1132,484.38885498046875,380.4147644042969,59.8797607421875,137.58303833007812,0.7089160084724426,1,2,-1
102,1132,480.917236328125,380.0639953613281,61.01776123046875,138.41213989257812,0.7083004713058472,1,2,-1
103,1132,477.3114013671875,380.8063049316406,60.74822998046875,136.66989135742188,0.6943020224571228,1,2,-1
104,1132,474.927978515625,379.9249572753906,62.0247802734375,135.52603149414062,0.7110503315925598,1,2,-1
105,1132,470.64984130859375,377.91094970703125,62.12872314453125,138.5789794921875,0.7330347895622253,1,2,-1
106,1132,466.2122802734375,373.8462829589844,64.14447021484375,144.41079711914062,0.7116886973381042,1,2,-1
107,1132,462.7300109863281,370.73779296875,63.524810791015625,146.8779296875,0.7020881772041321,1,2,-1
108,1132,457.8147888183594,369.5277404785156,65.50558471679688,145.47238159179688,0.7015799283981323,1,2,-1
109,1132,455.53192138671875,369.6624755859375,64.5625,146.52655029296875,0.7095428109169006,1,2,-1
110,1132,453.7232666015625,370.42950439453125,63.19439697265625,144.19854736328125,0.6802223920822144,1,2,-1
111,1132,451.7248840332031,372.2386779785156,63.746551513671875,141.34652709960938,0.646391749382019,1,2,-1
112,1132,447.8572998046875,369.6427001953125,65.02490234375,142.31427001953125,0.6836071610450745,1,2,-1
113,1132,445.2325134277344,368.18511962890625,65.42507934570312,143.35305786132812,0.7025388479232788,1,2,-1
114,1132,441.3192443847656,366.65301513671875,66.48092651367188,145.96319580078125,0.6913032531738281,1,2,-1
115,1132,439.201904296875,363.705810546875,67.26010131835938,150.2559814453125,0.6736493110656738,1,2,-1
116,1132,435.734619140625,362.0841369628906,68.09921264648438,151.18417358398438,0.6510149836540222,1,2,-1
117,1132,431.39190673828125,358.25653076171875,71.22900390625,155.39984130859375,0.6469230055809021,1,2,-1
118,1132,429.3095703125,356.92474365234375,71.28207397460938,155.2730712890625,0.6748464107513428,1,2,-1
119,1132,427.763916015625,357.0857849121094,69.77731323242188,154.3975830078125,0.6542502045631409,1,2,-1
120,1132,426.10992431640625,357.203369140625,70.09765625,153.64102172851562,0.5983695387840271,1,2,-1
126,1132,409.1108093261719,345.3575134277344,76.7706298828125,161.11123657226562,0.5445504784584045,1,2,-1
127,1132,407.0392150878906,343.038818359375,76.1282958984375,161.15725708007812,0.6250951290130615,1,2,-1
128,1132,402.56939697265625,338.1869812011719,79.6307373046875,165.97518920898438,0.6009746789932251,1,2,-1
129,1132,401.22222900390625,336.6621398925781,79.74014282226562,164.50933837890625,0.6383755207061768,1,2,-1
130,1132,400.3105163574219,334.9067077636719,78.85498046875,165.08810424804688,0.6577108502388,1,2,-1
131,1132,399.1129150390625,333.3971252441406,78.4815673828125,163.29473876953125,0.6391386389732361,1,2,-1
132,1132,396.8718566894531,331.6312255859375,78.351318359375,162.52322387695312,0.5547870993614197,1,2,-1
136,1132,385.1951904296875,319.9413757324219,79.7222900390625,170.80380249023438,0.5306362509727478,1,2,-1
137,1132,379.7086181640625,315.9067077636719,84.18814086914062,174.40484619140625,0.5140117406845093,1,2,-1
138,1132,376.4454650878906,312.1055908203125,85.19223022460938,177.009033203125,0.5741690993309021,1,2,-1
139,1132,376.09381103515625,311.6903991699219,83.42645263671875,175.57666015625,0.5653709173202515,1,2,-1
140,1132,374.72821044921875,310.4969177246094,82.45529174804688,175.5548095703125,0.6314578652381897,1,2,-1
141,1132,371.7357177734375,308.505615234375,83.6602783203125,177.21194458007812,0.5941293239593506,1,2,-1
142,1132,368.34173583984375,307.731201171875,84.96661376953125,175.44146728515625,0.5846940875053406,1,2,-1
143,1132,366.0614318847656,306.8805236816406,83.9996337890625,173.07626342773438,0.5141046643257141,1,2,-1
158,1132,311.3223571777344,270.49163818359375,98.28933715820312,182.10958862304688,0.5235366821289062,1,2,-1
181,1132,199.7342987060547,180.62648010253906,137.1035919189453,234.15098571777344,0.5958329439163208,1,13,-1
184,1132,178.90216064453125,170.80313110351562,142.44805908203125,239.92987060546875,0.5812373757362366,1,13,-1
189,1132,148.83798217773438,152.64585876464844,151.53427124023438,247.9157257080078,0.6438230276107788,1,13,-1
204,1132,33.420711517333984,88.58589935302734,186.79345703125,281.19305419921875,0.6663831472396851,1,13,-1
205,1132,23.193941116333008,83.67298126220703,193.76353454589844,282.9883728027344,0.5344913005828857,1,13,-1
