2,506,440.42315673828125,0.7609056234359741,498.3507080078125,615.3583374023438,0.8425025939941406,1,6,-1
3,506,439.4570617675781,1.2032818794250488,501.7936706542969,611.40625,0.8261520266532898,1,6,-1
4,506,436.556640625,0.0,506.83575439453125,605.1691284179688,0.8456048369407654,1,6,-1
5,506,431.45245361328125,0.0,514.3121337890625,613.0938720703125,0.8499022126197815,1,6,-1
6,506,430.7541198730469,1.7503573894500732,516.83837890625,614.2477416992188,0.8548389077186584,1,6,-1
7,506,422.9959716796875,0.18668653070926666,522.962890625,614.6242065429688,0.8649142384529114,1,6,-1
8,506,417.8299255371094,0.0,526.9832763671875,615.5648193359375,0.8629331588745117,1,6,-1
9,506,417.75701904296875,0.0,528.6165161132812,617.8515014648438,0.8627001643180847,1,6,-1
10,506,415.0859680175781,0.0,532.168212890625,614.55078125,0.8675001263618469,1,6,-1
11,506,413.822021484375,0.0,533.77197265625,614.9691162109375,0.8674114942550659,1,6,-1
12,506,411.8757629394531,0.0,537.1246337890625,616.437744140625,0.8714665174484253,1,6,-1
13,506,411.9530029296875,0.0,537.7574462890625,612.0264892578125,0.8705765008926392,1,6,-1
14,506,410.9732360839844,0.0,540.4456787109375,609.6734619140625,0.8711313605308533,1,6,-1
15,506,407.83453369140625,0.3828895390033722,544.3150634765625,611.6679077148438,0.8699514865875244,1,6,-1
16,506,404.281005859375,0.018203694373369217,547.645263671875,613.6024780273438,0.8684898614883423,1,6,-1
17,506,401.1021423339844,1.4399904012680054,551.5277099609375,611.2730102539062,0.8675487041473389,1,6,-1
18,506,398.702880859375,0.03057262860238552,553.453125,609.2314453125,0.8717133402824402,1,6,-1
19,506,393.4971618652344,0.0,557.789794921875,606.4072265625,0.8642953038215637,1,6,-1
20,506,392.16473388671875,0.0,556.8338012695312,605.7920532226562,0.8660903573036194,1,6,-1
21,506,388.8248291015625,0.0,558.8511352539062,603.3953857421875,0.8704882264137268,1,6,-1
22,506,388.767822265625,0.0,558.8343505859375,609.8013916015625,0.8681879043579102,1,6,-1
23,506,386.3273010253906,0.0,560.160400390625,605.6463623046875,0.8736395239830017,1,6,-1
24,506,386.69195556640625,0.0,559.2727661132812,599.4861450195312,0.8728539943695068,1,6,-1
25,506,385.560791015625,0.0,559.0845336914062,595.2279052734375,0.8664038777351379,1,6,-1
26,506,383.7391662597656,0.42748740315437317,560.212646484375,592.4620971679688,0.862328827381134,1,6,-1
27,506,384.5899353027344,0.0,557.7567138671875,581.6174926757812,0.8654196858406067,1,6,-1
28,506,382.6336364746094,1.4520349502563477,558.822998046875,578.027099609375,0.876007080078125,1,6,-1
29,506,380.64874267578125,0.0,561.3822631835938,574.2952270507812,0.8738899827003479,1,6,-1
30,506,378.5597229003906,0.0,564.1263427734375,575.21337890625,0.873821496963501,1,6,-1
31,506,378.2117004394531,0.0,563.3656005859375,572.8300170898438,0.8702225089073181,1,6,-1
32,506,376.6854248046875,0.0,565.0142211914062,566.1078491210938,0.8842948079109192,1,6,-1
33,506,373.9007263183594,0.0,566.706787109375,569.6464233398438,0.8817063570022583,1,6,-1
34,506,373.0221252441406,0.0,567.84228515625,572.907958984375,0.8776977062225342,1,6,-1
35,506,373.1874694824219,0.0,567.6502685546875,569.7290649414062,0.8745130300521851,1,6,-1
36,506,373.33770751953125,0.0,567.3603515625,565.1246948242188,0.8744043707847595,1,6,-1
37,506,372.30889892578125,0.0,567.7388916015625,565.7932739257812,0.8693165183067322,1,6,-1
38,506,372.023193359375,1.0785537958145142,566.8024291992188,565.9791870117188,0.8682103753089905,1,6,-1
39,506,371.50933837890625,0.6784471869468689,567.8472900390625,559.5244140625,0.8683326244354248,1,6,-1
40,506,371.63275146484375,0.0,568.215087890625,554.7393188476562,0.8666866421699524,1,6,-1
41,506,372.3702697753906,0.6691610813140869,565.2117919921875,541.3132934570312,0.8719722032546997,1,6,-1
42,506,373.17340087890625,0.0,564.3406372070312,538.1802978515625,0.8745860457420349,1,6,-1
43,506,374.24102783203125,0.0,563.4189453125,534.6400756835938,0.8672110438346863,1,6,-1
44,506,375.6402893066406,0.0,561.42138671875,524.7257080078125,0.869742214679718,1,6,-1
45,506,376.60467529296875,0.0,562.0003051757812,531.4925537109375,0.8720629215240479,1,6,-1
46,506,375.8391418457031,0.0,562.609375,528.3947143554688,0.8774717450141907,1,6,-1
47,506,373.9156188964844,0.2246350198984146,564.9219970703125,534.1812744140625,0.8810998201370239,1,6,-1
48,506,372.88262939453125,0.19882254302501678,565.9058227539062,529.8533935546875,0.8748317956924438,1,6,-1
49,506,374.1592712402344,0.4827619791030884,564.8541259765625,523.49560546875,0.8624743223190308,1,6,-1
50,506,373.1804504394531,0.0,566.4197998046875,518.06396484375,0.8694354295730591,1,6,-1
51,506,371.17230224609375,0.0,568.8702392578125,517.9085693359375,0.8708972930908203,1,6,-1
52,506,369.9779052734375,0.670862078666687,570.8394165039062,520.24560546875,0.8660599589347839,1,6,-1
53,506,366.2239990234375,0.0,573.6630859375,518.93798828125,0.8704156279563904,1,6,-1
54,506,364.35430908203125,0.16571465134620667,575.4147338867188,514.3601684570312,0.8770177364349365,1,6,-1
55,506,363.04864501953125,0.23438188433647156,576.4315185546875,512.5906982421875,0.84442138671875,1,6,-1
56,506,361.3335266113281,0.16008295118808746,578.6407470703125,510.2760314941406,0.8391607403755188,1,6,-1
57,506,362.33648681640625,0.0,576.4518432617188,504.691162109375,0.8615090847015381,1,6,-1
58,506,363.9285583496094,1.8609539270401,575.130126953125,500.8192138671875,0.8661836981773376,1,6,-1
59,506,359.8675842285156,0.7599294185638428,580.2236328125,504.4417419433594,0.824970543384552,1,6,-1
60,506,360.2193908691406,0.553758442401886,580.3076171875,504.72454833984375,0.8503657579421997,1,6,-1
61,506,359.7754211425781,0.0,581.9774169921875,502.58740234375,0.8275035619735718,1,6,-1
62,506,356.3714599609375,0.0,586.1368408203125,502.0803527832031,0.8297293186187744,1,6,-1
63,506,355.0194396972656,0.0,588.77783203125,504.0392150878906,0.813085675239563,1,6,-1
64,506,353.41357421875,0.0,591.0669555664062,503.7939758300781,0.8051053881645203,1,6,-1
65,506,349.2774353027344,0.0,595.341064453125,498.1112976074219,0.785960853099823,1,6,-1
66,506,346.0845031738281,0.0,598.9241943359375,494.59564208984375,0.7809092998504639,1,6,-1
67,506,338.85333251953125,0.0,607.3101196289062,496.98187255859375,0.7959587574005127,1,6,-1
68,506,330.51416015625,0.8829361796379089,615.5765991210938,489.4857177734375,0.757600724697113,1,6,-1
69,506,323.9122314453125,0.9318584203720093,621.759033203125,483.6061706542969,0.7642091512680054,1,6,-1
70,506,314.55487060546875,1.019808053970337,631.3387451171875,484.98162841796875,0.7351444959640503,1,6,-1
71,506,306.9755554199219,0.29513388872146606,638.5926513671875,488.409912109375,0.6991443037986755,1,6,-1
72,506,301.7982482910156,1.1351375579833984,644.0347900390625,491.046630859375,0.6878679990768433,1,6,-1
73,506,295.1583251953125,0.6524860858917236,647.5453491210938,480.8447570800781,0.6951408386230469,1,6,-1
74,506,285.634765625,0.4675908088684082,655.4213256835938,482.1092529296875,0.7002019882202148,1,6,-1
76,506,261.03289794921875,0.7038386464118958,677.1807250976562,488.4820861816406,0.6765952706336975,1,6,-1
77,506,249.35934448242188,0.0,688.2861328125,495.93524169921875,0.581437349319458,1,6,-1
78,506,236.42080688476562,0.0,700.002197265625,501.6590270996094,0.6546493768692017,1,6,-1
79,506,228.3516845703125,0.11262176930904388,707.4070434570312,510.2440185546875,0.6455724239349365,1,6,-1
80,506,213.95037841796875,1.3560283184051514,718.7445678710938,517.5093383789062,0.5604309439659119,1,6,-1
81,506,203.3946075439453,0.6235134601593018,726.1444091796875,516.6527709960938,0.5931661128997803,1,6,-1
82,506,189.5108184814453,1.010114073753357,738.7142333984375,515.89501953125,0.5259278416633606,1,6,-1
100,508,759.328369140625,727.25927734375,55.49566650390625,99.258544921875,0.5681986808776855,1,2,-1
101,508,758.413330078125,730.5533447265625,55.0423583984375,99.52813720703125,0.6137017607688904,1,2,-1
102,508,756.9795532226562,734.5177612304688,55.6148681640625,98.78179931640625,0.6491236686706543,1,2,-1
103,508,755.9684448242188,737.5670166015625,55.44091796875,96.26397705078125,0.5790308713912964,1,2,-1
104,508,754.709716796875,740.0001220703125,54.0701904296875,96.29547119140625,0.5742154717445374,1,2,-1
105,508,752.122802734375,740.6618041992188,55.32879638671875,97.93792724609375,0.6103454828262329,1,2,-1
106,508,751.423095703125,743.0381469726562,50.74566650390625,97.49969482421875,0.5315494537353516,1,2,-1
107,508,749.3458862304688,745.00927734375,47.0142822265625,97.0008544921875,0.6294992566108704,1,2,-1
108,508,746.4354858398438,745.7174682617188,46.750732421875,97.90765380859375,0.6202782392501831,1,2,-1
109,508,743.2681884765625,748.8269653320312,46.90325927734375,94.9508056640625,0.6174173355102539,1,2,-1
110,508,740.1683349609375,749.0164184570312,46.13226318359375,95.97357177734375,0.6156898736953735,1,2,-1
111,508,735.1786499023438,750.1387329101562,47.239501953125,94.439208984375,0.5624368190765381,1,2,-1
113,508,723.2094116210938,752.7015380859375,46.40435791015625,95.3660888671875,0.5068169236183167,1,2,-1
118,508,694.5383911132812,760.4385375976562,48.5308837890625,101.86749267578125,0.5224860310554504,1,2,-1
119,508,690.3494262695312,765.0744018554688,46.5322265625,99.7567138671875,0.5178406834602356,1,2,-1
128,510,613.357666015625,138.01025390625,66.05584716796875,105.59054565429688,0.6312695741653442,1,6,-1
130,510,607.1248779296875,125.42671203613281,65.65625,106.07585144042969,0.7362645268440247,1,6,-1
132,510,598.8947143554688,107.42151641845703,68.173583984375,116.2430648803711,0.5921477675437927,1,6,-1
139,510,574.6195678710938,88.8951644897461,57.3658447265625,110.49622344970703,0.6021561622619629,1,6,-1
153,510,485.2383728027344,2.277305841445923,86.03842163085938,113.58622741699219,0.5928781628608704,1,6,-1
155,510,471.70843505859375,0.0,87.16082763671875,91.31353759765625,0.6055576205253601,1,11,-1
156,510,468.484619140625,0.0,85.9462890625,83.75579833984375,0.5692681670188904,1,11,-1
157,510,458.5179138183594,0.0,97.18948364257812,76.51138305664062,0.5375658273696899,1,11,-1
