45,1061,1695.369140625,0.5291282534599304,222.913330078125,778.254150390625,0.6163634657859802,1,6,-1
46,1061,1693.3670654296875,0.7752552628517151,224.6884765625,784.8881225585938,0.5966156125068665,1,6,-1
47,1061,1690.66455078125,0.5274558663368225,227.535888671875,789.2505493164062,0.6193269491195679,1,6,-1
48,1061,1687.560302734375,0.36154136061668396,230.733642578125,794.5845947265625,0.6427695751190186,1,6,-1
49,1061,1685.1517333984375,0.24433733522891998,233.169189453125,796.2566528320312,0.6722026467323303,1,6,-1
50,1061,1683.5345458984375,0.18915975093841553,234.8133544921875,802.8536376953125,0.6590622067451477,1,6,-1
51,1061,1682.502197265625,0.12376005947589874,235.8759765625,810.0957641601562,0.6713796257972717,1,6,-1
52,1061,1681.79052734375,0.012918360531330109,236.6522216796875,816.5033569335938,0.6691858172416687,1,6,-1
53,1061,1680.5096435546875,0.0,237.90869140625,821.0294189453125,0.6595970392227173,1,6,-1
54,1061,1679.1619873046875,0.0,239.31298828125,816.5626831054688,0.7016374468803406,1,6,-1
55,1061,1677.7637939453125,0.0,240.6517333984375,819.3267211914062,0.6795694231987,1,6,-1
56,1061,1676.56640625,0.0,241.83740234375,826.5337524414062,0.6234583854675293,1,6,-1
57,1061,1676.0692138671875,0.0,242.41650390625,829.346435546875,0.5972590446472168,1,6,-1
58,1061,1675.8360595703125,0.0,242.66943359375,830.0448608398438,0.6370944976806641,1,6,-1
59,1061,1676.0892333984375,0.0,242.675048828125,831.9356689453125,0.6079368591308594,1,6,-1
60,1061,1677.5594482421875,0.0,241.74658203125,833.0879516601562,0.5756136178970337,1,6,-1
61,1061,1680.53466796875,0.0,239.0716552734375,832.248291015625,0.5924834609031677,1,6,-1
62,1061,1682.5322265625,0.0,236.8919677734375,832.7738037109375,0.5792232751846313,1,6,-1
63,1061,1683.47607421875,0.0,235.6766357421875,835.4503784179688,0.5608329176902771,1,6,-1
64,1061,1683.9571533203125,0.0,234.8992919921875,838.6997680664062,0.5827136635780334,1,6,-1
65,1061,1684.4224853515625,0.0,234.2862548828125,842.7411499023438,0.5473341345787048,1,6,-1
66,1061,1684.64990234375,0.0,233.792724609375,844.3921508789062,0.5860845446586609,1,6,-1
67,1061,1684.8133544921875,0.0,233.328125,844.353515625,0.6000275015830994,1,6,-1
68,1061,1684.4373779296875,0.0,233.3055419921875,848.822021484375,0.610651433467865,1,6,-1
69,1061,1683.5350341796875,0.0,233.9329833984375,851.8682861328125,0.5973448157310486,1,6,-1
70,1061,1682.30419921875,0.0,234.8604736328125,851.11865234375,0.6243076324462891,1,6,-1
71,1061,1680.5980224609375,0.0,236.374755859375,856.938232421875,0.6030434370040894,1,6,-1
72,1061,1678.23779296875,0.0,238.5181884765625,864.490966796875,0.6289802193641663,1,6,-1
73,1061,1675.4661865234375,0.0,241.1693115234375,865.0647583007812,0.6422392725944519,1,6,-1
74,1061,1672.737548828125,0.0,243.6143798828125,870.0953979492188,0.683590292930603,1,6,-1
75,1061,1670.106689453125,0.0,245.7989501953125,876.2128295898438,0.6605216860771179,1,6,-1
76,1061,1666.060546875,0.0,248.7840576171875,884.731201171875,0.7186453342437744,1,6,-1
77,1061,1662.6837158203125,0.0,250.5953369140625,888.8992309570312,0.7529131770133972,1,6,-1
78,1061,1658.651123046875,0.0,250.2777099609375,897.1069946289062,0.7735071778297424,1,6,-1
79,1061,1654.8529052734375,0.0007239678525365889,251.5,900.2999877929688,0.7979924082756042,1,6,-1
80,1061,1651.395263671875,0.0641404315829277,252.469482421875,903.6744995117188,0.7841678261756897,1,6,-1
81,1061,1648.76806640625,0.06402216851711273,252.6741943359375,908.9814453125,0.7734785079956055,1,6,-1
82,1061,1646.4512939453125,0.10619080811738968,258.61962890625,909.4619750976562,0.7526252865791321,1,6,-1
83,1061,1642.2655029296875,0.12535984814167023,263.0633544921875,912.1893920898438,0.746130645275116,1,6,-1
84,1061,1638.66552734375,0.1530746966600418,264.832275390625,916.40478515625,0.7125340700149536,1,6,-1
85,1061,1635.7451171875,0.15403728187084198,265.369384765625,921.3759765625,0.6666305065155029,1,6,-1
86,1061,1631.637939453125,0.18888096511363983,265.4410400390625,925.2266845703125,0.6592194437980652,1,6,-1
87,1061,1626.6119384765625,0.20835161209106445,267.9779052734375,929.9242553710938,0.6175691485404968,1,6,-1
88,1061,1622.304443359375,0.7240111827850342,268.3084716796875,934.182861328125,0.567790687084198,1,6,-1
89,1061,1616.678466796875,0.41727831959724426,268.0609130859375,942.6087646484375,0.5632796883583069,1,6,-1
90,1061,1611.552978515625,0.27624985575675964,266.7784423828125,951.533935546875,0.5517789125442505,1,6,-1
91,1061,1608.4815673828125,0.2075856775045395,265.380859375,960.689697265625,0.544102668762207,1,6,-1
95,1061,1593.752685546875,3.0039501190185547,267.97216796875,1012.0918579101562,0.508098840713501,1,6,-1
105,1061,1556.2652587890625,1.7214220762252808,269.750732421875,1077.5679931640625,0.5481414198875427,1,6,-1
106,1061,1552.3492431640625,1.0818402767181396,263.8050537109375,1078.918212890625,0.5682411789894104,1,6,-1
107,1061,1548.38525390625,0.8593592643737793,265.4818115234375,1079.140625,0.5194894075393677,1,6,-1
130,1061,1458.0430908203125,5.226406097412109,293.4317626953125,1074.7735595703125,0.5021538734436035,1,6,-1
335,1062,173.66073608398438,531.4139404296875,278.1245422363281,548.5860595703125,0.5228794813156128,1,0,-1
358,1062,77.56143951416016,621.65283203125,266.25225830078125,458.34716796875,0.5009067058563232,1,0,-1
359,1062,73.779541015625,624.1454467773438,266.5811767578125,455.43988037109375,0.5082226395606995,1,0,-1
360,1062,69.05628967285156,626.4445190429688,267.75390625,452.84173583984375,0.517220139503479,1,0,-1
