106,112,313.9349365234375,158.36334228515625,75.76089477539062,92.30735778808594,0.6101150512695312,1,21,-1
108,112,312.96160888671875,155.78549194335938,72.93875122070312,89.0545654296875,0.5927743315696716,1,21,-1
135,112,279.3110046386719,114.88488006591797,80.38693237304688,89.7892074584961,0.6407634019851685,1,21,-1
136,112,277.027099609375,114.06270599365234,82.22433471679688,91.8739242553711,0.5872200131416321,1,21,-1
180,114,939.380859375,867.7129516601562,98.7315673828125,208.68157958984375,0.5781183838844299,1,23,-1
181,114,937.6803588867188,872.2588500976562,98.44012451171875,204.45367431640625,0.6382269263267517,1,23,-1
182,114,935.5845336914062,874.0526123046875,98.44793701171875,202.2149658203125,0.6209480166435242,1,23,-1
183,114,933.4348754882812,877.962646484375,98.75384521484375,198.616943359375,0.6004608869552612,1,23,-1
184,114,930.4329833984375,882.2767333984375,102.8057861328125,194.646240234375,0.6395687460899353,1,23,-1
185,114,928.7929077148438,885.6754760742188,103.29034423828125,191.14398193359375,0.5497680902481079,1,23,-1
186,114,930.5913696289062,887.784912109375,100.20355224609375,188.9205322265625,0.598889172077179,1,23,-1
187,114,928.3455810546875,889.3630981445312,102.5255126953125,186.65582275390625,0.5236853957176208,1,23,-1
188,114,925.938720703125,891.7964477539062,103.2772216796875,184.70147705078125,0.6172386407852173,1,23,-1
189,114,924.9883422851562,893.6744384765625,101.09051513671875,182.52734375,0.6482965350151062,1,23,-1
190,114,922.4532470703125,896.1138305664062,102.6187744140625,180.43670654296875,0.5173479914665222,1,23,-1
192,114,920.355712890625,899.9855346679688,100.64520263671875,177.49847412109375,0.5192434787750244,1,23,-1
193,114,920.8676147460938,901.965087890625,96.72991943359375,175.66064453125,0.6130834221839905,1,23,-1
194,114,919.759033203125,905.1113891601562,96.013916015625,172.77386474609375,0.5075851678848267,1,23,-1
197,114,917.0103149414062,909.0651245117188,87.58807373046875,170.38458251953125,0.5108920931816101,1,23,-1
199,114,915.1407470703125,912.7796630859375,79.6688232421875,166.31982421875,0.5560224652290344,1,23,-1
200,116,912.7908935546875,915.3148803710938,78.15826416015625,163.18267822265625,0.6150102019309998,1,23,-1
200,114,912.1072998046875,914.2682495117188,78.90155029296875,162.33355712890625,0.6645185947418213,1,23,-1
201,116,908.6874389648438,918.6803588867188,79.8388671875,160.91754150390625,0.5503178238868713,1,23,-1
201,114,909.5382690429688,917.7633666992188,78.52154541015625,157.99395751953125,0.6520653367042542,1,23,-1
204,117,22.96580696105957,5.306680202484131,150.67689514160156,166.88473510742188,0.7104174494743347,1,21,-1
205,117,15.92340087890625,4.400623798370361,150.46324157714844,168.1812286376953,0.5991626381874084,1,21,-1
206,117,3.4760494232177734,2.2968833446502686,151.26065063476562,166.23764038085938,0.5293645858764648,1,21,-1
206,118,906.4606323242188,325.0384216308594,114.26092529296875,146.64877319335938,0.5968969464302063,1,21,-1
206,114,899.956298828125,925.8641357421875,75.15533447265625,148.4774169921875,0.564437747001648,1,23,-1
207,117,1.8878042697906494,5.011781215667725,150.51473999023438,163.21470642089844,0.8231412172317505,1,21,-1
207,118,903.640625,323.6031188964844,115.205322265625,146.91424560546875,0.7303406000137329,1,21,-1
207,114,893.228759765625,927.268310546875,77.34326171875,146.68798828125,0.6388790607452393,1,23,-1
208,117,6.624849319458008,4.011439800262451,139.5728759765625,155.4271240234375,0.8572344183921814,1,21,-1
208,118,903.8585205078125,320.353515625,112.6976318359375,149.07730102539062,0.5849390625953674,1,21,-1
208,114,892.0652465820312,929.35986328125,73.590087890625,144.8994140625,0.7015156149864197,1,23,-1
209,117,4.4047393798828125,5.424519062042236,137.1490478515625,155.3374786376953,0.8555641770362854,1,21,-1
209,118,902.1752319335938,320.6184387207031,107.91644287109375,149.681884765625,0.6649340987205505,1,21,-1
209,114,891.791259765625,930.5001220703125,69.82861328125,142.398681640625,0.6893821954727173,1,23,-1
210,114,888.0369262695312,932.9591064453125,69.97369384765625,140.50146484375,0.7277782559394836,1,23,-1
211,114,885.474853515625,933.7594604492188,68.93780517578125,138.01422119140625,0.5911074280738831,1,23,-1
212,114,883.3740234375,935.1189575195312,68.56341552734375,137.29168701171875,0.5602958798408508,1,23,-1
213,114,881.0989990234375,935.4097900390625,68.6146240234375,136.682861328125,0.6856605410575867,1,23,-1
214,114,879.6439819335938,937.2964477539062,67.15118408203125,133.59832763671875,0.6812049150466919,1,23,-1
214,119,0.0,735.72119140625,80.94859313964844,115.03155517578125,0.5451651215553284,1,21,-1
216,114,870.36279296875,940.2667236328125,71.36553955078125,130.610107421875,0.7227246761322021,1,23,-1
217,114,868.855224609375,942.0692138671875,70.03717041015625,128.29345703125,0.5557010769844055,1,23,-1
218,114,867.746337890625,943.4599609375,69.56988525390625,125.53662109375,0.5946225523948669,1,23,-1
221,114,865.7354736328125,950.6596069335938,67.63458251953125,122.51556396484375,0.6905720829963684,1,23,-1
222,114,865.0552978515625,953.2532958984375,67.3203125,120.7061767578125,0.7703667879104614,1,23,-1
223,114,864.2536010742188,956.2883911132812,66.5794677734375,118.71929931640625,0.7300286889076233,1,23,-1
224,114,861.1822509765625,958.527587890625,69.7974853515625,116.7279052734375,0.6787729263305664,1,23,-1
225,114,859.6162109375,958.4376220703125,70.65167236328125,118.0091552734375,0.7121766805648804,1,23,-1
226,114,857.9016723632812,960.7670288085938,71.642822265625,116.39141845703125,0.7334063649177551,1,23,-1
226,118,854.8392944335938,305.755615234375,124.67626953125,143.82955932617188,0.5038685202598572,1,21,-1
227,114,856.6830444335938,962.0573120117188,72.7298583984375,114.67132568359375,0.6324334144592285,1,23,-1
228,114,853.524658203125,963.980224609375,74.90875244140625,113.216796875,0.6645141243934631,1,23,-1
229,114,851.9990844726562,966.49462890625,75.23236083984375,111.1900634765625,0.6164069175720215,1,23,-1
231,118,850.4358520507812,300.4268798828125,122.01043701171875,150.81390380859375,0.5050550103187561,1,21,-1
231,114,847.2201538085938,971.6278686523438,75.0406494140625,106.37530517578125,0.609992504119873,1,23,-1
232,114,845.9662475585938,973.4808349609375,74.67059326171875,103.905517578125,0.508435845375061,1,23,-1
237,118,846.1492309570312,305.070068359375,123.525146484375,145.81912231445312,0.5275149941444397,1,21,-1
238,118,845.0437622070312,305.8084411621094,127.03521728515625,144.98809814453125,0.5744668245315552,1,21,-1
240,118,844.733154296875,307.13671875,129.09466552734375,143.09906005859375,0.5272428393363953,1,21,-1
241,118,846.4769897460938,307.3408203125,125.80120849609375,142.90774536132812,0.6558564305305481,1,21,-1
242,118,847.52490234375,309.92401123046875,125.7701416015625,139.4150390625,0.7004314064979553,1,21,-1
243,118,848.0679321289062,310.0757141113281,126.92510986328125,139.03506469726562,0.6566795110702515,1,21,-1
243,120,849.4430541992188,311.0290222167969,123.394775390625,136.271728515625,0.5653843283653259,1,21,-1
244,118,848.0775756835938,305.7532653808594,128.12811279296875,142.87799072265625,0.7781462669372559,1,21,-1
245,118,849.4569702148438,302.7196044921875,128.4744873046875,145.48345947265625,0.7631359100341797,1,21,-1
246,118,850.8798828125,298.255859375,128.07525634765625,150.26068115234375,0.7749553322792053,1,21,-1
247,118,852.958251953125,295.2085876464844,128.01397705078125,153.1783447265625,0.6737380027770996,1,21,-1
248,118,854.400390625,291.0388488769531,127.81903076171875,155.96224975585938,0.692562997341156,1,21,-1
249,118,854.2618408203125,284.7427673339844,128.57928466796875,160.47061157226562,0.7723861336708069,1,21,-1
250,118,854.8756713867188,279.09027099609375,128.867431640625,165.68124389648438,0.6844940781593323,1,21,-1
251,118,855.3416748046875,275.9251708984375,128.611572265625,168.48483276367188,0.552972137928009,1,21,-1
252,118,858.1824340820312,273.7452697753906,126.53173828125,168.05374145507812,0.515472948551178,1,21,-1
253,118,859.966064453125,272.8323059082031,126.06280517578125,166.14617919921875,0.6000929474830627,1,21,-1
254,118,861.34521484375,272.5794372558594,124.8707275390625,163.16494750976562,0.741102933883667,1,21,-1
255,118,862.1084594726562,271.64093017578125,123.67083740234375,159.4261474609375,0.8194390535354614,1,21,-1
256,118,862.2296142578125,272.0800476074219,124.80511474609375,155.66571044921875,0.7961114645004272,1,21,-1
257,118,861.5237426757812,271.4183654785156,125.65423583984375,153.28854370117188,0.6846423745155334,1,21,-1
259,118,862.1215209960938,261.4732971191406,128.9923095703125,155.19296264648438,0.6460246443748474,1,21,-1
260,118,864.4146728515625,257.3133544921875,129.203369140625,156.05316162109375,0.7354642748832703,1,21,-1
261,118,865.7039184570312,254.68199157714844,129.208251953125,154.3074188232422,0.6593368053436279,1,21,-1
262,118,868.192626953125,251.0039520263672,128.32623291015625,153.01377868652344,0.8433930277824402,1,21,-1
263,118,867.7881469726562,246.9956817626953,131.12481689453125,154.15272521972656,0.6833740472793579,1,21,-1
264,118,868.5374145507812,244.67837524414062,132.5985107421875,152.98345947265625,0.5838932991027832,1,21,-1
265,118,869.2301025390625,239.11683654785156,132.09234619140625,154.39927673339844,0.744814395904541,1,21,-1
266,118,869.7329711914062,235.74168395996094,131.33343505859375,152.2251434326172,0.7354874610900879,1,21,-1
267,118,872.0244750976562,231.01455688476562,131.3319091796875,150.9111328125,0.7247211337089539,1,21,-1
268,118,873.6839599609375,225.3358612060547,130.1153564453125,151.96971130371094,0.5689222812652588,1,21,-1
271,123,849.8756103515625,1007.4159545898438,81.85296630859375,71.78900146484375,0.5204861164093018,1,23,-1
272,123,849.9158935546875,1007.1475219726562,82.1707763671875,72.12799072265625,0.5308880805969238,1,23,-1
273,123,851.4652099609375,1007.226318359375,82.54364013671875,72.6318359375,0.5196210741996765,1,23,-1
274,123,852.5126953125,1007.6992797851562,83.62353515625,72.30072021484375,0.5022108554840088,1,23,-1
274,118,879.994384765625,184.03375244140625,133.2362060546875,169.60382080078125,0.5113140940666199,1,21,-1
275,118,880.7598876953125,181.6912841796875,132.34576416015625,169.99481201171875,0.6208041310310364,1,21,-1
276,118,881.1690063476562,183.63775634765625,132.73870849609375,167.28173828125,0.6774740219116211,1,21,-1
276,124,881.74853515625,405.43170166015625,137.22003173828125,157.69720458984375,0.6026134490966797,1,21,-1
277,118,882.98779296875,181.83238220214844,133.30865478515625,167.4688262939453,0.614047110080719,1,21,-1
278,118,881.8184814453125,181.68043518066406,135.37652587890625,165.7749786376953,0.5242053270339966,1,21,-1
279,118,881.384033203125,184.25579833984375,135.894287109375,161.67132568359375,0.6232351660728455,1,21,-1
280,118,880.4102172851562,184.87403869628906,136.02520751953125,160.95802307128906,0.6511274576187134,1,21,-1
281,118,880.6394653320312,185.3079376220703,135.03533935546875,159.47523498535156,0.721404492855072,1,21,-1
281,124,885.0180053710938,397.8685607910156,138.23455810546875,161.65542602539062,0.5129720568656921,1,21,-1
282,118,880.1434326171875,185.6820526123047,134.93072509765625,158.27052307128906,0.7349256873130798,1,21,-1
282,124,883.763427734375,397.44866943359375,139.6551513671875,162.18798828125,0.6617944240570068,1,21,-1
283,118,880.5325927734375,185.5081329345703,133.37445068359375,158.72560119628906,0.7715891599655151,1,21,-1
283,124,882.6171264648438,398.34503173828125,140.70416259765625,161.76348876953125,0.6452829837799072,1,21,-1
284,118,877.7571411132812,187.4980926513672,137.0177001953125,157.7443389892578,0.7637523412704468,1,21,-1
285,118,876.7531127929688,189.55865478515625,138.0875244140625,158.0977783203125,0.794504702091217,1,21,-1
285,124,881.691162109375,399.6689453125,141.4429931640625,164.84735107421875,0.6123798489570618,1,21,-1
286,118,876.3419189453125,191.55221557617188,138.26171875,157.48397827148438,0.7485682964324951,1,21,-1
286,124,881.5927124023438,400.9388427734375,140.509765625,164.5714111328125,0.6484019756317139,1,21,-1
287,118,875.4721069335938,191.88580322265625,137.15216064453125,158.49642944335938,0.663793683052063,1,21,-1
289,124,878.2372436523438,405.1546325683594,142.05712890625,167.16384887695312,0.6246308088302612,1,21,-1
289,118,871.90380859375,187.45654296875,139.4215087890625,163.38662719726562,0.7466245889663696,1,21,-1
294,118,866.8040771484375,184.99072265625,144.01593017578125,173.76205444335938,0.6357720494270325,1,21,-1
295,118,866.9769287109375,188.9332733154297,141.136474609375,173.5074920654297,0.5724228620529175,1,21,-1
296,118,865.7039184570312,191.4794464111328,141.58160400390625,174.33665466308594,0.6344754695892334,1,21,-1
296,124,877.5172119140625,425.72320556640625,144.31231689453125,166.780517578125,0.6225207448005676,1,21,-1
297,118,865.9871215820312,195.31788635253906,141.7684326171875,173.93238830566406,0.6872449517250061,1,21,-1
297,124,878.4149780273438,429.2923583984375,143.29022216796875,167.36981201171875,0.6499456763267517,1,21,-1
298,124,878.2885131835938,431.5606994628906,141.411865234375,169.91836547851562,0.7002490162849426,1,21,-1
299,118,866.5007934570312,208.76536560058594,139.638916015625,165.68785095214844,0.6789509057998657,1,21,-1
300,118,867.4942626953125,215.01190185546875,138.27508544921875,162.70425415039062,0.5902186036109924,1,21,-1
301,118,866.9487915039062,221.44143676757812,139.546875,159.42227172851562,0.8031463027000427,1,21,-1
301,124,880.0181274414062,441.890869140625,143.2158203125,171.82843017578125,0.5063332319259644,1,21,-1
302,118,867.1285400390625,226.5399932861328,139.51348876953125,159.08290100097656,0.8549018502235413,1,21,-1
303,118,866.1719970703125,232.11038208007812,141.656494140625,158.99114990234375,0.7243701815605164,1,21,-1
304,118,868.0746459960938,235.4332275390625,141.427734375,162.385498046875,0.6761105060577393,1,21,-1
305,118,868.43701171875,237.48281860351562,142.51708984375,164.976806640625,0.6162752509117126,1,21,-1
306,118,870.4107055664062,239.45639038085938,139.46173095703125,166.46990966796875,0.6347182393074036,1,21,-1
307,118,870.338623046875,239.8109588623047,140.89208984375,170.60450744628906,0.6689930558204651,1,21,-1
308,118,870.6558837890625,240.61241149902344,141.76611328125,172.79188537597656,0.7625475525856018,1,21,-1
308,124,884.2819213867188,471.52410888671875,146.47113037109375,176.92034912109375,0.7531158924102783,1,21,-1
309,118,870.1082153320312,241.83010864257812,142.82757568359375,174.9107666015625,0.644856333732605,1,21,-1
309,124,884.0211181640625,476.0341796875,148.134765625,177.1419677734375,0.6868231296539307,1,21,-1
310,118,869.5270385742188,243.10694885253906,144.8748779296875,177.20936584472656,0.6777217388153076,1,21,-1
310,124,883.787841796875,478.9207763671875,147.4432373046875,177.90234375,0.762874960899353,1,21,-1
311,118,868.8866577148438,243.66192626953125,145.3897705078125,180.442626953125,0.6167246103286743,1,21,-1
311,124,882.4967041015625,482.23101806640625,147.5360107421875,177.36199951171875,0.7458299994468689,1,21,-1
312,118,868.7086181640625,250.1735076904297,146.91815185546875,175.73231506347656,0.5713062882423401,1,21,-1
312,124,883.8311767578125,486.0663757324219,144.985107421875,176.16610717773438,0.6242544054985046,1,21,-1
313,118,869.498046875,254.71263122558594,145.55401611328125,171.88087463378906,0.7014577388763428,1,21,-1
313,124,884.5514526367188,489.144775390625,144.98406982421875,176.9068603515625,0.778375506401062,1,21,-1
313,125,887.3047485351562,489.4326477050781,141.68609619140625,176.38198852539062,0.5642867684364319,1,21,-1
314,118,866.9723510742188,259.7316589355469,147.31427001953125,167.61270141601562,0.8136695027351379,1,21,-1
315,118,864.2069702148438,261.64447021484375,150.44097900390625,168.65676879882812,0.7878958582878113,1,21,-1
315,124,882.3135986328125,494.2603454589844,145.2332763671875,179.46450805664062,0.7015888690948486,1,21,-1
316,118,865.5437622070312,264.6061096191406,148.72869873046875,168.20916748046875,0.7689311504364014,1,21,-1
316,124,879.2817993164062,495.0268859863281,148.60260009765625,180.03897094726562,0.8051846623420715,1,21,-1
317,118,863.2568359375,263.6961364746094,148.81158447265625,168.60458374023438,0.7081224918365479,1,21,-1
317,124,877.6385498046875,495.58746337890625,151.08203125,180.12359619140625,0.7116299867630005,1,21,-1
318,118,862.579833984375,263.68310546875,148.9449462890625,170.2542724609375,0.7343810200691223,1,21,-1
