75,106,266.36029052734375,482.5330810546875,51.93524169921875,77.04541015625,0.7140432596206665,1,6,-1
78,106,253.2360382080078,471.1688232421875,54.81684875488281,79.2083740234375,0.6428122520446777,1,6,-1
79,106,250.9422149658203,467.06231689453125,53.63172912597656,80.95416259765625,0.6484785079956055,1,6,-1
80,106,246.2784881591797,463.32745361328125,53.51481628417969,80.65679931640625,0.608193039894104,1,6,-1
81,106,242.68734741210938,460.8080139160156,53.558746337890625,79.20486450195312,0.6196355819702148,1,6,-1
82,106,237.831787109375,457.9376220703125,53.85748291015625,80.84033203125,0.6171406507492065,1,6,-1
83,106,233.90614318847656,454.98828125,54.56028747558594,80.9898681640625,0.5816992521286011,1,6,-1
85,106,226.60653686523438,449.1964416503906,55.2618408203125,81.15139770507812,0.5221162438392639,1,6,-1
86,106,222.08740234375,446.6634216308594,55.42950439453125,81.73355102539062,0.7312025427818298,1,6,-1
87,106,217.8648223876953,443.62030029296875,55.66218566894531,81.5303955078125,0.7432197332382202,1,6,-1
88,106,214.14739990234375,441.2076721191406,55.80157470703125,81.57345581054688,0.6677342653274536,1,6,-1
90,106,206.1424102783203,439.14471435546875,56.73219299316406,84.4959716796875,0.7283918857574463,1,6,-1
91,106,202.55628967285156,438.7732849121094,56.50727844238281,85.59701538085938,0.607127845287323,1,6,-1
92,106,199.37710571289062,438.232421875,56.441741943359375,86.44781494140625,0.7465361952781677,1,6,-1
93,106,196.89883422851562,437.8703308105469,56.75630187988281,86.96310424804688,0.7734019160270691,1,6,-1
94,106,195.99879455566406,438.18902587890625,56.79750061035156,87.0255126953125,0.7000393867492676,1,6,-1
95,106,194.39353942871094,438.473876953125,56.948028564453125,86.2403564453125,0.7019431591033936,1,6,-1
96,106,193.5106201171875,439.529052734375,57.02619934082031,84.66796875,0.6721740961074829,1,6,-1
97,106,193.52206420898438,440.39312744140625,57.022674560546875,85.07501220703125,0.6547052264213562,1,6,-1
98,106,194.7613067626953,441.2864074707031,57.30232238769531,86.60946655273438,0.6788673400878906,1,6,-1
99,106,196.30718994140625,442.53143310546875,56.837890625,87.56512451171875,0.6065096259117126,1,6,-1
100,106,197.10231018066406,443.4002685546875,57.010009765625,88.3687744140625,0.6718827486038208,1,6,-1
101,106,197.77978515625,445.0878601074219,57.09919738769531,88.54507446289062,0.6921252608299255,1,6,-1
104,106,196.3219757080078,450.1712951660156,56.97209167480469,87.81393432617188,0.5924363732337952,1,6,-1
105,106,195.09783935546875,451.8118896484375,57.55622863769531,87.52349853515625,0.6087812185287476,1,6,-1
107,106,192.1147003173828,455.4733581542969,57.834808349609375,86.90017700195312,0.6613101363182068,1,6,-1
108,106,190.32192993164062,457.26763916015625,58.406524658203125,86.29150390625,0.6323790550231934,1,6,-1
109,106,188.8533172607422,458.7657470703125,58.640380859375,85.74737548828125,0.5802754163742065,1,6,-1
110,106,187.13690185546875,459.70318603515625,60.16737365722656,86.89007568359375,0.665989100933075,1,6,-1
111,106,187.65005493164062,460.85003662109375,59.92314147949219,87.3397216796875,0.7298824191093445,1,6,-1
112,106,188.1237030029297,462.0187683105469,59.917633056640625,86.88607788085938,0.7194675207138062,1,6,-1
113,106,189.55335998535156,463.92864990234375,59.811981201171875,89.29608154296875,0.661257803440094,1,6,-1
114,106,191.6299285888672,466.33447265625,59.25642395019531,88.24737548828125,0.7268889546394348,1,6,-1
115,106,194.70127868652344,469.33868408203125,57.83154296875,88.142578125,0.5224075317382812,1,6,-1
117,106,196.42005920410156,473.92706298828125,58.4840087890625,89.01458740234375,0.6308215260505676,1,6,-1
118,106,196.63677978515625,475.8587341308594,58.65687561035156,89.70706176757812,0.6241362690925598,1,6,-1
119,106,196.58468627929688,477.87310791015625,58.65132141113281,89.83062744140625,0.6687317490577698,1,6,-1
120,106,195.83827209472656,479.31689453125,58.24690246582031,89.751708984375,0.5603076219558716,1,6,-1
121,106,195.36468505859375,480.96331787109375,57.58631896972656,89.66473388671875,0.6766489148139954,1,6,-1
122,106,193.6648406982422,483.0609130859375,58.47642517089844,88.86016845703125,0.5257341265678406,1,6,-1
123,106,193.39596557617188,484.2256774902344,58.6802978515625,89.76174926757812,0.6073338985443115,1,6,-1
124,106,193.84353637695312,485.7496337890625,58.92437744140625,90.66888427734375,0.6503903269767761,1,6,-1
125,106,195.0352020263672,486.40478515625,58.78208923339844,91.3155517578125,0.727232038974762,1,6,-1
126,106,195.39076232910156,487.6089782714844,59.475189208984375,92.36947631835938,0.7160945534706116,1,6,-1
127,106,196.34768676757812,489.04400634765625,59.74591064453125,92.66961669921875,0.6930004358291626,1,6,-1
128,106,197.45643615722656,490.3458557128906,59.58070373535156,92.94180297851562,0.625251054763794,1,6,-1
129,106,197.68618774414062,491.7422180175781,60.264251708984375,93.01644897460938,0.6282135844230652,1,6,-1
130,106,198.44595336914062,493.85546875,59.393463134765625,92.82806396484375,0.5635178089141846,1,6,-1
131,106,198.4610137939453,496.2007751464844,59.52290344238281,92.41055297851562,0.6654978394508362,1,6,-1
132,106,197.61138916015625,498.06689453125,60.273162841796875,93.3818359375,0.7206791639328003,1,6,-1
132,108,577.5634765625,306.0905456542969,109.1429443359375,121.3175048828125,0.7075108885765076,1,6,-1
133,106,196.97889709472656,500.00201416015625,60.45732116699219,93.5794677734375,0.7669780254364014,1,6,-1
133,108,578.3453369140625,308.47332763671875,109.4742431640625,121.1741943359375,0.5824818015098572,1,6,-1
134,106,196.03289794921875,501.8897399902344,60.309967041015625,92.78292846679688,0.7450963854789734,1,6,-1
134,108,579.6376342773438,309.82257080078125,108.2366943359375,120.50888061523438,0.6073475480079651,1,6,-1
135,106,195.00917053222656,503.57659912109375,60.90203857421875,93.06768798828125,0.735467255115509,1,6,-1
135,108,579.6337280273438,311.891357421875,108.14337158203125,119.74002075195312,0.7313326001167297,1,6,-1
136,106,193.07827758789062,505.4785461425781,61.02525329589844,92.27529907226562,0.6016433835029602,1,6,-1
137,106,191.38739013671875,507.4095764160156,61.146881103515625,90.62008666992188,0.6264411211013794,1,6,-1
137,108,579.0610961914062,314.01226806640625,110.06512451171875,121.39456176757812,0.5571051239967346,1,6,-1
138,106,188.9270477294922,508.88232421875,62.904327392578125,92.31134033203125,0.664975106716156,1,6,-1
139,106,187.24948120117188,509.6883544921875,63.45915222167969,92.97357177734375,0.7321229577064514,1,6,-1
140,106,185.41741943359375,510.35931396484375,64.33245849609375,94.3731689453125,0.7857855558395386,1,6,-1
141,106,183.75320434570312,511.25634765625,64.25019836425781,94.583251953125,0.7980089783668518,1,6,-1
141,108,578.9642944335938,317.33056640625,111.1983642578125,123.00592041015625,0.6187635064125061,1,6,-1
142,106,182.71728515625,511.8504333496094,63.97735595703125,95.47348022460938,0.8160485625267029,1,6,-1
142,108,578.6810913085938,317.6441955566406,111.88116455078125,123.21368408203125,0.6833464503288269,1,6,-1
143,106,181.56459045410156,513.01611328125,63.231201171875,95.42572021484375,0.7089675664901733,1,6,-1
144,106,179.70297241210938,513.864013671875,62.825653076171875,95.722900390625,0.5944804549217224,1,6,-1
145,106,178.2241668701172,514.6513061523438,62.28814697265625,95.8427734375,0.5653575658798218,1,6,-1
149,106,168.90054321289062,516.2318725585938,65.24333190917969,96.88323974609375,0.7028418779373169,1,6,-1
150,106,167.38690185546875,516.535400390625,64.68685913085938,95.58697509765625,0.6484846472740173,1,6,-1
151,106,163.5574188232422,516.3729248046875,66.06121826171875,95.56829833984375,0.5142716765403748,1,6,-1
152,106,161.13522338867188,516.4124145507812,66.53462219238281,97.30316162109375,0.5920692682266235,1,6,-1
153,106,158.57667541503906,516.0233154296875,66.43540954589844,98.54095458984375,0.5658983588218689,1,6,-1
154,106,157.02943420410156,515.6961059570312,65.71826171875,98.65185546875,0.7972979545593262,1,6,-1
155,106,154.41659545898438,514.9691162109375,65.59600830078125,97.0179443359375,0.7341659069061279,1,6,-1
156,106,152.00265502929688,514.0474853515625,65.27218627929688,97.80487060546875,0.6639830470085144,1,6,-1
158,106,145.96636962890625,512.5028686523438,67.45884704589844,99.125732421875,0.6949388980865479,1,6,-1
159,106,142.9034881591797,511.9125061035156,68.32347106933594,98.78884887695312,0.7276970148086548,1,6,-1
160,106,138.90342712402344,511.601806640625,68.92221069335938,99.4024658203125,0.6338269114494324,1,6,-1
161,106,135.79656982421875,511.4334411621094,68.61422729492188,99.64920043945312,0.7133676409721375,1,6,-1
162,106,132.30685424804688,511.28076171875,69.20635986328125,100.75665283203125,0.7705310583114624,1,6,-1
163,106,129.20350646972656,511.1068115234375,68.96781921386719,101.14422607421875,0.6831575632095337,1,6,-1
164,106,126.21627807617188,510.9187316894531,68.18948364257812,102.42672729492188,0.5653261542320251,1,6,-1
168,106,112.33002471923828,511.1893005371094,70.6795883178711,102.12185668945312,0.6757150888442993,1,6,-1
169,106,108.57278442382812,511.271728515625,71.75947570800781,103.33636474609375,0.722766101360321,1,6,-1
170,106,105.86257934570312,511.1647644042969,71.63221740722656,104.33792114257812,0.7753472924232483,1,6,-1
171,106,102.0394058227539,510.4957580566406,72.1136703491211,105.05569458007812,0.720835268497467,1,6,-1
172,106,98.8470458984375,510.6498718261719,71.44856262207031,105.20907592773438,0.6365149021148682,1,6,-1
174,108,555.3919067382812,312.5867614746094,117.8795166015625,123.56869506835938,0.5554729104042053,1,6,-1
174,106,91.07618713378906,509.89483642578125,73.05252075195312,105.6802978515625,0.6964077353477478,1,6,-1
175,111,86.25711822509766,509.8758850097656,74.50817108154297,108.86599731445312,0.5624715089797974,1,6,-1
175,106,86.56474304199219,509.8508605957031,74.14991760253906,105.91079711914062,0.5615721940994263,1,6,-1
176,111,83.94293212890625,509.38873291015625,74.15689086914062,109.38812255859375,0.6892857551574707,1,6,-1
176,106,83.78721618652344,509.4320373535156,73.91107177734375,107.63168334960938,0.6240163445472717,1,6,-1
178,106,77.21943664550781,508.9170837402344,74.13966369628906,109.78469848632812,0.567122220993042,1,6,-1
179,106,73.45098876953125,509.2580261230469,73.70941162109375,109.02139282226562,0.5046607255935669,1,6,-1
180,106,69.6819839477539,509.2352600097656,74.6069564819336,110.22415161132812,0.6473598480224609,1,6,-1
181,106,66.05631256103516,509.1581115722656,75.66316986083984,111.33712768554688,0.7411319017410278,1,6,-1
182,113,549.1531982421875,309.6876220703125,119.11383056640625,127.728515625,0.5778673887252808,1,6,-1
183,113,548.70068359375,308.8245544433594,119.41748046875,126.9393310546875,0.6429013609886169,1,6,-1
184,106,54.25174331665039,507.40924072265625,78.10560607910156,112.396240234375,0.6995920538902283,1,6,-1
185,106,51.08407974243164,506.5009765625,79.20452880859375,112.851806640625,0.7587904930114746,1,6,-1
186,106,46.38201904296875,505.95404052734375,80.10848236083984,113.047119140625,0.7336783409118652,1,6,-1
186,115,47.68448257446289,506.2314453125,78.23638916015625,109.89691162109375,0.5822180509567261,1,6,-1
187,106,42.087257385253906,504.806884765625,81.14828491210938,113.7369384765625,0.8209609985351562,1,6,-1
188,106,39.49183654785156,503.3369140625,80.5053482055664,113.9669189453125,0.8402063846588135,1,6,-1
189,106,35.13106918334961,501.8046569824219,81.94992065429688,115.19485473632812,0.8035686016082764,1,6,-1
190,106,32.8978385925293,500.3876953125,81.40711975097656,115.6884765625,0.8131213784217834,1,6,-1
191,106,29.985620498657227,499.30950927734375,80.6961898803711,116.0401611328125,0.8273861408233643,1,6,-1
192,106,27.715152740478516,498.6759338378906,80.18934631347656,116.27847290039062,0.8922439217567444,1,6,-1
193,106,23.8822021484375,497.8124084472656,81.26581573486328,116.17514038085938,0.8858836889266968,1,6,-1
194,106,20.080810546875,496.8174743652344,82.57890319824219,116.53512573242188,0.8841944932937622,1,6,-1
195,106,15.74606990814209,495.95452880859375,83.52588653564453,116.3348388671875,0.8322247862815857,1,6,-1
196,106,11.443061828613281,495.3990173339844,85.44435119628906,117.64242553710938,0.8574978113174438,1,6,-1
197,106,5.15234375,495.3915710449219,88.16899108886719,117.82455444335938,0.6218199133872986,1,6,-1
198,106,1.4283016920089722,495.2438049316406,88.78410339355469,118.31539916992188,0.5680742263793945,1,6,-1
199,106,0.0,494.5303649902344,87.38568878173828,118.60751342773438,0.5585085153579712,1,12,-1
208,106,0.0,476.8693542480469,60.38887023925781,125.30825805664062,0.7582434415817261,1,6,-1
209,106,0.3039083778858185,474.1650390625,57.11405944824219,124.25244140625,0.603641152381897,1,6,-1
215,113,546.6005859375,269.0914611816406,126.7264404296875,138.20538330078125,0.6079641580581665,1,6,-1
215,106,0.0,454.5263366699219,39.45255661010742,102.33914184570312,0.5177491903305054,1,6,-1
216,113,546.8896484375,267.31842041015625,125.72991943359375,138.07635498046875,0.6631208062171936,1,6,-1
216,106,0.0,452.6899719238281,35.3502311706543,97.49270629882812,0.648984432220459,1,6,-1
217,106,0.0,450.268310546875,31.95062828063965,94.0091552734375,0.6785483360290527,1,6,-1
218,106,0.0,448.20703125,29.23003578186035,90.41229248046875,0.661608874797821,1,6,-1
219,106,0.0,447.9600524902344,25.913604736328125,81.59262084960938,0.630096971988678,1,6,-1
220,106,0.0,446.20086669921875,21.531728744506836,71.366455078125,0.5760168433189392,1,6,-1
