88,155,435.48968505859375,2.1437034606933594,161.16741943359375,140.5827178955078,0.5153607726097107,1,0,-1
89,155,435.5286560058594,1.8101814985275269,160.38894653320312,141.66453552246094,0.5264241099357605,1,0,-1
91,155,434.8915710449219,2.3503684997558594,161.49911499023438,141.8248291015625,0.5354788303375244,1,0,-1
92,155,433.2591857910156,1.9734853506088257,161.48886108398438,141.945068359375,0.557023286819458,1,0,-1
94,155,432.23431396484375,1.4601181745529175,161.37060546875,142.1667022705078,0.6530189514160156,1,0,-1
96,155,429.529052734375,1.1859982013702393,162.56195068359375,138.20391845703125,0.6935321688652039,1,0,-1
97,155,428.46484375,1.076235055923462,161.30694580078125,136.64801025390625,0.5495041608810425,1,0,-1
98,155,428.00604248046875,0.4906035363674164,160.7919921875,137.52455139160156,0.5344381332397461,1,0,-1
99,155,427.7865905761719,0.3865782618522644,161.21853637695312,133.89007568359375,0.7081607580184937,1,0,-1
100,155,426.9416809082031,0.08340461552143097,161.40872192382812,130.1160430908203,0.6582300066947937,1,0,-1
102,155,426.86932373046875,0.5976899862289429,162.83642578125,132.1500701904297,0.5669732689857483,1,0,-1
143,156,1.0019116401672363,0.15329599380493164,264.4396667480469,1079.6837158203125,0.6848657131195068,1,0,-1
144,156,1.1359918117523193,0.1321646124124527,270.5866394042969,1079.592529296875,0.6614359021186829,1,0,-1
145,156,0.9236111640930176,0.24296709895133972,277.3456726074219,1079.6988525390625,0.7387186288833618,1,0,-1
146,156,0.573911190032959,0.0,284.0389404296875,1079.917724609375,0.758143961429596,1,0,-1
147,156,0.34333041310310364,0.04309334233403206,289.2510070800781,1079.9569091796875,0.7731290459632874,1,0,-1
148,156,0.0,0.19543369114398956,294.4107360839844,1079.8045654296875,0.7103403210639954,1,0,-1
149,156,0.4460732936859131,0.16453588008880615,300.16864013671875,1079.6268310546875,0.7272268533706665,1,0,-1
150,156,0.10057766735553741,0.30537742376327515,306.9197082519531,1079.694580078125,0.7561903595924377,1,0,-1
151,156,0.0,0.2835707366466522,315.3309326171875,1079.7164306640625,0.6252561211585999,1,0,-1
152,156,0.0,0.5420100092887878,320.65911865234375,1079.4580078125,0.6801235675811768,1,0,-1
153,156,0.2878640592098236,0.5152083039283752,326.952880859375,1079.3087158203125,0.7758957147598267,1,0,-1
154,156,0.0,0.4728325307369232,331.11480712890625,1079.5272216796875,0.8197042942047119,1,0,-1
155,156,0.4712969958782196,0.492801308631897,340.2525939941406,1078.885986328125,0.6307761669158936,1,0,-1
156,156,0.0,0.13689716160297394,349.94207763671875,1079.8524169921875,0.5878975987434387,1,0,-1
157,156,0.9557081460952759,0.5217417478561401,356.3226013183594,1078.102294921875,0.8301653265953064,1,0,-1
158,156,1.9587205648422241,0.851384699344635,361.0509033203125,1076.8582763671875,0.8697623014450073,1,0,-1
159,156,1.516857385635376,0.695834219455719,366.9021301269531,1077.384033203125,0.8699451684951782,1,0,-1
160,156,1.724147081375122,0.8073497414588928,371.7838439941406,1076.8392333984375,0.8582234382629395,1,0,-1
161,156,2.288877248764038,0.9310991764068604,376.6699523925781,1076.314697265625,0.9054946303367615,1,0,-1
162,156,2.1488938331604004,0.7836893200874329,380.6141357421875,1076.7978515625,0.9060812592506409,1,0,-1
163,156,2.1671676635742188,0.8668525218963623,384.60577392578125,1076.6033935546875,0.8955892324447632,1,0,-1
164,156,2.0973846912384033,0.9730734825134277,389.2408142089844,1076.599365234375,0.8989905118942261,1,0,-1
165,156,1.766182541847229,0.9745485782623291,394.98382568359375,1076.746337890625,0.9016466736793518,1,0,-1
166,156,1.7186368703842163,1.0619502067565918,400.4468994140625,1076.7420654296875,0.9044424891471863,1,0,-1
167,156,1.5763912200927734,1.1330175399780273,404.8815002441406,1077.1099853515625,0.9043184518814087,1,0,-1
168,156,1.5887302160263062,1.3078683614730835,410.5256652832031,1077.02734375,0.9106782674789429,1,0,-1
169,156,1.3808884620666504,1.383286952972412,416.4541320800781,1077.460693359375,0.901608407497406,1,0,-1
170,156,1.476434588432312,1.543125867843628,420.9813232421875,1077.2564697265625,0.8845163583755493,1,0,-1
171,156,1.0301508903503418,1.2616350650787354,424.5783386230469,1078.7384033203125,0.8155821561813354,1,0,-1
173,156,7.500609397888184,2.620978832244873,443.53289794921875,1077.3790283203125,0.7895620465278625,1,0,-1
174,156,9.961990356445312,6.100149631500244,447.43511962890625,1073.89990234375,0.8162493705749512,1,0,-1
175,156,13.589315414428711,3.9085309505462646,450.41986083984375,1076.0914306640625,0.6908251643180847,1,0,-1
177,156,36.0968132019043,3.90047287940979,433.7286376953125,1075.060791015625,0.8505380153656006,1,0,-1
178,156,44.43162536621094,2.506490468978882,426.06817626953125,1077.4935302734375,0.8717994093894958,1,0,-1
179,156,40.386810302734375,1.5986570119857788,430.9916687011719,1078.4013671875,0.8574652075767517,1,0,-1
180,156,21.672670364379883,1.6012592315673828,452.6900329589844,1077.7103271484375,0.8499895334243774,1,0,-1
181,156,16.689346313476562,1.0033775568008423,456.75347900390625,1078.99658203125,0.7817590236663818,1,0,-1
182,156,17.033628463745117,1.6266521215438843,457.4307556152344,1078.23046875,0.7584772706031799,1,0,-1
183,156,34.84819793701172,1.7126787900924683,437.42193603515625,1078.287353515625,0.772676944732666,1,0,-1
184,156,29.45500373840332,1.9256080389022827,444.43853759765625,1077.921630859375,0.7973240613937378,1,0,-1
185,156,25.533842086791992,1.4538711309432983,447.9126892089844,1078.546142578125,0.7624712586402893,1,0,-1
186,156,42.168880462646484,2.392639398574829,432.6513977050781,1077.389404296875,0.8442630767822266,1,0,-1
187,156,45.60159683227539,1.6766443252563477,428.9044189453125,1078.3233642578125,0.8520969152450562,1,0,-1
188,156,52.52901840209961,1.949981689453125,423.71942138671875,1077.3746337890625,0.6939870119094849,1,0,-1
189,156,54.8736457824707,1.4846599102020264,421.50689697265625,1078.515380859375,0.6575701832771301,1,0,-1
190,156,54.787986755371094,1.0398908853530884,422.7796936035156,1078.9600830078125,0.656149685382843,1,0,-1
192,156,53.97620391845703,1.6845107078552246,428.5678405761719,1077.2076416015625,0.616106390953064,1,0,-1
193,156,33.40705108642578,1.3951290845870972,452.79852294921875,1076.6851806640625,0.5890811681747437,1,0,-1
194,156,45.63282012939453,1.9540929794311523,443.2998962402344,1075.29296875,0.5217075943946838,1,0,-1
195,156,53.072776794433594,1.8709931373596191,439.35382080078125,1075.1668701171875,0.5894166827201843,1,0,-1
196,156,32.0923957824707,1.082138180732727,462.7150573730469,1075.9315185546875,0.5265716314315796,1,0,-1
198,156,23.107192993164062,1.29661226272583,479.42828369140625,1075.0399169921875,0.5822644829750061,1,0,-1
199,156,19.22838592529297,1.3786091804504395,487.1644592285156,1075.095458984375,0.5502724051475525,1,0,-1
224,156,188.94248962402344,0.6067259907722473,464.4970703125,1078.199951171875,0.7244821190834045,1,0,-1
225,156,120.85952758789062,3.3358542919158936,544.4046630859375,1075.2838134765625,0.6003232598304749,1,0,-1
226,156,116.54556274414062,3.713632583618164,552.3934326171875,1075.718994140625,0.5254725217819214,1,0,-1
256,158,680.0476684570312,43.33986282348633,130.28607177734375,307.3575134277344,0.770889163017273,1,0,-1
259,158,693.1203002929688,39.43675231933594,138.46258544921875,310.1650390625,0.5538776516914368,1,0,-1
260,158,695.97265625,46.96710968017578,141.47674560546875,304.3923645019531,0.513719916343689,1,0,-1
263,158,717.6810913085938,42.81857681274414,139.71929931640625,324.0540771484375,0.688957691192627,1,0,-1
270,158,777.9940185546875,135.2682647705078,125.23583984375,255.97242736816406,0.6397500038146973,1,0,-1
271,158,783.50048828125,147.84385681152344,125.76092529296875,249.0428924560547,0.7284294366836548,1,0,-1
272,158,788.843505859375,150.0613555908203,129.41290283203125,249.0305938720703,0.6583537459373474,1,0,-1
274,158,804.543212890625,155.34286499023438,128.90765380859375,245.00299072265625,0.7907983660697937,1,0,-1
275,158,814.8386840820312,155.9490966796875,124.87225341796875,246.56158447265625,0.639326810836792,1,0,-1
276,158,820.3318481445312,158.27645874023438,126.456787109375,245.86181640625,0.8205847144126892,1,0,-1
277,158,826.4462890625,161.98211669921875,127.94000244140625,246.94439697265625,0.8452092409133911,1,0,-1
278,158,831.9650268554688,165.3619842529297,128.828125,248.83595275878906,0.7204680442810059,1,0,-1
279,158,837.855712890625,169.5027313232422,131.376220703125,249.8052520751953,0.7443826794624329,1,0,-1
280,158,844.7972412109375,174.20887756347656,132.66937255859375,246.27976989746094,0.8379279375076294,1,0,-1
282,158,858.4486083984375,174.22317504882812,133.3214111328125,249.53814697265625,0.5983057618141174,1,0,-1
283,158,866.4774169921875,176.0883026123047,131.9857177734375,245.66197204589844,0.8511601686477661,1,0,-1
284,158,872.5660400390625,179.22450256347656,131.0928955078125,249.00563049316406,0.8700897097587585,1,0,-1
285,158,877.7704467773438,179.1627960205078,133.28338623046875,253.99485778808594,0.7983048558235168,1,0,-1
286,158,882.6901245117188,182.65748596191406,135.5164794921875,258.49267578125,0.7287945747375488,1,0,-1
287,158,890.2643432617188,186.18869018554688,135.02838134765625,256.6258544921875,0.772984504699707,1,0,-1
288,158,896.6815185546875,191.201904296875,134.15478515625,253.18618774414062,0.8038907647132874,1,0,-1
289,158,903.336669921875,191.25302124023438,133.44873046875,257.2320861816406,0.801307201385498,1,0,-1
290,158,910.885498046875,193.44154357910156,132.0574951171875,256.932861328125,0.8848100304603577,1,0,-1
291,158,916.3798828125,195.57029724121094,133.0528564453125,254.2618865966797,0.8973613977432251,1,0,-1
292,158,921.5120239257812,198.86380004882812,134.25946044921875,254.55712890625,0.8893161416053772,1,0,-1
293,158,926.992919921875,203.01724243164062,136.7305908203125,258.9615478515625,0.8592992424964905,1,0,-1
294,158,931.3974609375,205.9922332763672,139.346435546875,260.06256103515625,0.8917908072471619,1,0,-1
295,158,937.959228515625,209.71385192871094,139.25732421875,262.38116455078125,0.9006364345550537,1,0,-1
296,158,946.5399169921875,213.75979614257812,136.51171875,257.17987060546875,0.8871400356292725,1,0,-1
297,158,953.2634887695312,217.25279235839844,136.76824951171875,253.9754180908203,0.9056189656257629,1,0,-1
298,158,959.9349365234375,218.4364013671875,136.7244873046875,256.7425842285156,0.9087306261062622,1,0,-1
299,158,965.7864990234375,224.0919647216797,136.042724609375,255.60484313964844,0.927933394908905,1,0,-1
300,158,970.4781494140625,228.80831909179688,138.3099365234375,264.6064453125,0.9088159203529358,1,0,-1
301,158,976.431396484375,233.06292724609375,138.2547607421875,264.6115417480469,0.898352861404419,1,0,-1
302,158,983.5626220703125,238.6663818359375,137.4129638671875,260.37469482421875,0.8872766494750977,1,0,-1
303,158,990.5317993164062,245.00718688964844,135.43780517578125,250.80857849121094,0.745517909526825,1,0,-1
304,158,995.233642578125,250.14010620117188,137.0648193359375,261.1780700683594,0.7897369265556335,1,0,-1
305,158,1000.581787109375,255.61993408203125,137.483154296875,260.63787841796875,0.8640320301055908,1,0,-1
306,158,1006.78369140625,259.4153747558594,137.6009521484375,256.7396545410156,0.9084384441375732,1,0,-1
307,158,1012.4554443359375,266.4019470214844,136.100341796875,253.13125610351562,0.9250293374061584,1,0,-1
308,158,1016.9151611328125,273.9598693847656,137.731689453125,254.66958618164062,0.9098645448684692,1,0,-1
309,158,1021.0836791992188,280.68896484375,138.74371337890625,259.122802734375,0.9017271399497986,1,0,-1
310,158,1026.1412353515625,286.42962646484375,140.1639404296875,256.01068115234375,0.9032642841339111,1,0,-1
311,158,1032.7593994140625,294.8456115722656,139.74658203125,249.92941284179688,0.9217129349708557,1,0,-1
312,158,1038.6436767578125,299.18060302734375,137.9371337890625,246.11492919921875,0.9086530804634094,1,0,-1
313,158,1045.9251708984375,305.4233703613281,135.641845703125,251.22866821289062,0.9027834534645081,1,0,-1
314,158,1050.3651123046875,312.57342529296875,135.7490234375,246.40313720703125,0.9192543029785156,1,0,-1
315,158,1055.826904296875,320.8147277832031,135.122314453125,241.24588012695312,0.9323083758354187,1,0,-1
316,158,1060.7440185546875,327.9304504394531,133.6846923828125,240.19009399414062,0.9296926856040955,1,0,-1
317,158,1064.4417724609375,332.844482421875,134.544677734375,246.00933837890625,0.9063002467155457,1,0,-1
318,158,1068.087158203125,341.2080383300781,136.1993408203125,246.71414184570312,0.9077461957931519,1,0,-1
319,158,1072.4676513671875,346.9634704589844,135.951904296875,240.29415893554688,0.9142335057258606,1,0,-1
320,158,1078.3004150390625,354.7177429199219,134.669189453125,240.02413940429688,0.7830842733383179,1,0,-1
321,158,1082.63232421875,365.05633544921875,135.44580078125,232.927490234375,0.8859761953353882,1,0,-1
322,158,1088.1690673828125,372.12646484375,133.8701171875,235.18621826171875,0.899357795715332,1,0,-1
323,158,1093.4801025390625,376.92169189453125,132.36669921875,231.74700927734375,0.846467137336731,1,0,-1
324,158,1098.1583251953125,388.2403259277344,131.31982421875,224.39315795898438,0.8336614370346069,1,0,-1
325,158,1102.5802001953125,392.2797546386719,130.9315185546875,232.53317260742188,0.8926361203193665,1,0,-1
326,158,1107.1090087890625,399.21240234375,129.5093994140625,232.720947265625,0.8981370329856873,1,0,-1
327,158,1111.38720703125,404.3533935546875,130.1104736328125,235.90625,0.9197928309440613,1,0,-1
328,158,1114.9892578125,413.1113586425781,128.599609375,229.09786987304688,0.9250537753105164,1,0,-1
329,158,1117.2857666015625,418.1134948730469,128.072509765625,232.11404418945312,0.9320529699325562,1,0,-1
330,158,1120.8714599609375,425.499267578125,127.0062255859375,232.9503173828125,0.9339272379875183,1,0,-1
331,158,1126.471923828125,436.43426513671875,126.5606689453125,225.45440673828125,0.8862261176109314,1,0,-1
332,158,1130.8035888671875,444.0974426269531,127.93310546875,224.28121948242188,0.7434067726135254,1,0,-1
333,158,1136.407470703125,448.4944152832031,127.6165771484375,229.88186645507812,0.7897651195526123,1,0,-1
334,158,1142.81787109375,459.3103332519531,127.0997314453125,225.83987426757812,0.9378858804702759,1,0,-1
335,158,1149.6591796875,464.48529052734375,126.1832275390625,222.92327880859375,0.9275547862052917,1,0,-1
336,158,1154.89501953125,470.7897644042969,126.304931640625,223.37985229492188,0.9155759811401367,1,0,-1
337,158,1160.24853515625,482.2231140136719,127.65234375,226.09774780273438,0.9063688516616821,1,0,-1
338,158,1166.3031005859375,487.2074890136719,126.943603515625,227.77615356445312,0.9093945026397705,1,0,-1
339,158,1171.9266357421875,494.21307373046875,129.167724609375,228.378173828125,0.6558598875999451,1,0,-1
340,158,1178.932861328125,500.9487609863281,129.8856201171875,222.13186645507812,0.8677353262901306,1,0,-1
341,158,1187.7470703125,510.92913818359375,128.0374755859375,222.8597412109375,0.9328898191452026,1,0,-1
342,158,1195.238037109375,517.9288940429688,127.2451171875,219.28106689453125,0.9181724190711975,1,0,-1
342,163,771.3947143554688,169.046875,155.133056640625,175.17047119140625,0.5117997527122498,1,0,-1
343,158,1203.1312255859375,521.0035400390625,127.877685546875,219.04345703125,0.9300020337104797,1,0,-1
344,158,1210.876220703125,530.8238525390625,127.0130615234375,215.595458984375,0.9272053837776184,1,0,-1
344,163,776.0641479492188,176.50563049316406,153.04571533203125,179.58973693847656,0.8649649024009705,1,0,-1
345,158,1217.255859375,535.5421142578125,128.6085205078125,221.443115234375,0.908767580986023,1,0,-1
346,158,1226.3922119140625,541.5606689453125,128.5592041015625,215.2283935546875,0.9057083129882812,1,0,-1
347,158,1235.4837646484375,544.843017578125,127.4986572265625,218.0787353515625,0.9154337048530579,1,0,-1
348,158,1242.7589111328125,548.4020385742188,128.048095703125,220.15545654296875,0.9028537273406982,1,0,-1
349,158,1251.49462890625,553.5275268554688,128.690185546875,214.832275390625,0.9245500564575195,1,0,-1
350,158,1259.28857421875,558.3246459960938,128.234130859375,219.4576416015625,0.9257397055625916,1,0,-1
351,158,1266.7603759765625,560.8093872070312,130.2633056640625,220.90582275390625,0.9310270547866821,1,0,-1
352,158,1276.201904296875,564.4476318359375,129.84814453125,218.42181396484375,0.9259834289550781,1,0,-1
352,163,793.5261840820312,176.95794677734375,153.574951171875,184.83843994140625,0.57414710521698,1,0,-1
353,158,1284.9486083984375,565.7446899414062,129.528564453125,211.94183349609375,0.9259148240089417,1,0,-1
354,158,1294.9093017578125,569.0404052734375,128.2923583984375,213.86480712890625,0.9252877831459045,1,0,-1
355,158,1303.7418212890625,570.0186767578125,128.906005859375,215.97137451171875,0.9238035082817078,1,0,-1
356,158,1311.1790771484375,571.1419067382812,131.3758544921875,218.448486328125,0.8968613743782043,1,0,-1
357,158,1319.9541015625,577.2965698242188,133.2139892578125,212.1910400390625,0.8854531049728394,1,0,-1
358,158,1331.4412841796875,579.296875,129.8970947265625,210.87030029296875,0.9202985763549805,1,0,-1
358,163,808.7633056640625,173.70843505859375,154.5013427734375,181.39706420898438,0.6066966652870178,1,0,-1
359,158,1340.1558837890625,580.7810668945312,129.7164306640625,208.8419189453125,0.9037485122680664,1,0,-1
360,158,1348.410888671875,583.1038818359375,130.0823974609375,205.33990478515625,0.9284704327583313,1,0,-1
361,158,1357.2462158203125,584.3580322265625,130.4031982421875,213.02264404296875,0.9032366275787354,1,0,-1
361,163,817.845458984375,172.33883666992188,154.74102783203125,181.9993896484375,0.8273141384124756,1,0,-1
362,158,1366.8214111328125,584.2825927734375,131.990234375,217.2664794921875,0.8999631404876709,1,0,-1
363,158,1376.478271484375,585.784423828125,132.142822265625,213.654052734375,0.9208050966262817,1,0,-1
363,163,823.5222778320312,167.9192352294922,154.88134765625,188.5923309326172,0.6103255152702332,1,0,-1
364,158,1385.050537109375,587.4014892578125,130.9222412109375,214.11767578125,0.9129018187522888,1,0,-1
364,163,826.1683959960938,169.60972595214844,154.05889892578125,185.0828094482422,0.7781993746757507,1,0,-1
365,158,1392.922119140625,589.5108642578125,131.7489013671875,214.41973876953125,0.9159407019615173,1,0,-1
366,158,1400.88623046875,594.0505981445312,132.638916015625,213.29962158203125,0.9090887308120728,1,0,-1
367,158,1408.916015625,593.6133422851562,135.468994140625,216.63848876953125,0.9123236536979675,1,0,-1
368,158,1417.003173828125,598.7589721679688,136.7137451171875,215.53289794921875,0.9227755069732666,1,0,-1
369,158,1426.3052978515625,604.6116943359375,134.1392822265625,210.031982421875,0.9354345798492432,1,0,-1
369,163,838.4318237304688,171.25079345703125,152.281005859375,183.11026000976562,0.6929296851158142,1,0,-1
370,158,1434.4954833984375,606.2272338867188,135.1846923828125,213.05389404296875,0.9266183376312256,1,0,-1
371,158,1442.596923828125,606.011962890625,135.8697509765625,221.5416259765625,0.9224365949630737,1,0,-1
371,163,843.6023559570312,171.00735473632812,151.4080810546875,180.48040771484375,0.7045944333076477,1,0,-1
372,158,1449.9532470703125,608.3117065429688,135.950439453125,222.886474609375,0.9263491034507751,1,0,-1
373,158,1456.9898681640625,614.984619140625,137.8944091796875,217.8125,0.9167652130126953,1,0,-1
374,158,1464.23583984375,615.7495727539062,138.84375,219.051025390625,0.9244097471237183,1,0,-1
375,158,1473.9669189453125,622.9434814453125,135.1925048828125,212.96527099609375,0.9033322334289551,1,0,-1
375,163,852.8474731445312,172.7257537841797,154.05810546875,185.5818634033203,0.5596677660942078,1,0,-1
376,158,1480.885498046875,628.4437255859375,136.1546630859375,208.56341552734375,0.9102739691734314,1,0,-1
377,158,1487.8946533203125,629.2982177734375,138.14208984375,212.00848388671875,0.9258478879928589,1,0,-1
378,158,1495.1971435546875,635.0476684570312,137.6939697265625,215.6732177734375,0.9019568562507629,1,0,-1
379,158,1502.480712890625,638.4589233398438,139.1478271484375,213.19189453125,0.9127076268196106,1,0,-1
379,163,865.4287719726562,174.2176513671875,153.1439208984375,183.04373168945312,0.6818458437919617,1,0,-1
380,158,1510.42724609375,640.2739868164062,139.777099609375,213.88665771484375,0.9187690615653992,1,0,-1
380,163,868.5541381835938,177.1951904296875,151.28021240234375,177.8341064453125,0.8004708290100098,1,0,-1
381,158,1518.1661376953125,641.245849609375,138.27783203125,216.32330322265625,0.9327405691146851,1,0,-1
381,163,871.743896484375,175.89515686035156,151.363037109375,183.9242401123047,0.5726349949836731,1,0,-1
382,158,1525.27734375,645.0083618164062,138.5489501953125,215.9769287109375,0.9244537353515625,1,0,-1
383,158,1532.5357666015625,648.7371215820312,138.815185546875,213.7828369140625,0.9240702390670776,1,0,-1
384,158,1539.685302734375,651.3198852539062,139.10302734375,219.41510009765625,0.916694164276123,1,0,-1
385,158,1544.628173828125,653.7748413085938,142.113037109375,224.0665283203125,0.9229750037193298,1,0,-1
386,158,1548.1636962890625,656.9302368164062,143.48486328125,223.304443359375,0.9066767692565918,1,0,-1
387,158,1553.376953125,658.7721557617188,141.8330078125,222.61566162109375,0.9247121810913086,1,0,-1
387,163,883.3116455078125,179.79376220703125,152.4752197265625,178.3956298828125,0.7249680161476135,1,0,-1
388,158,1556.8284912109375,665.9306640625,141.60986328125,218.29608154296875,0.9259166121482849,1,0,-1
389,158,1559.6654052734375,672.26953125,141.218017578125,212.2567138671875,0.90955650806427,1,0,-1
389,163,885.2182006835938,176.63177490234375,151.58892822265625,187.57003784179688,0.6130599975585938,1,0,-1
390,158,1563.2628173828125,677.27294921875,139.8701171875,216.3131103515625,0.8846192359924316,1,0,-1
390,163,884.9345092773438,176.76817321777344,152.24688720703125,187.1894989013672,0.9026361703872681,1,0,-1
391,158,1566.055419921875,681.9678344726562,138.61474609375,217.06982421875,0.9171971678733826,1,0,-1
391,163,885.297119140625,179.0771484375,151.659912109375,185.6270751953125,0.8648458123207092,1,0,-1
392,158,1568.805908203125,685.4110717773438,139.477294921875,217.767822265625,0.9169958829879761,1,0,-1
392,163,886.527099609375,179.34567260742188,151.6346435546875,190.547119140625,0.8199438452720642,1,0,-1
393,158,1571.6064453125,689.6455078125,138.3619384765625,218.1986083984375,0.9271727204322815,1,0,-1
393,163,887.1455688476562,185.05548095703125,152.21075439453125,189.8646240234375,0.6569591760635376,1,0,-1
394,158,1574.1522216796875,696.7568359375,139.7147216796875,225.0535888671875,0.916745662689209,1,0,-1
394,163,887.875244140625,186.1416778564453,153.0635986328125,189.99839782714844,0.7673524618148804,1,0,-1
395,158,1576.07275390625,700.7122802734375,140.052978515625,226.48046875,0.9233778715133667,1,0,-1
395,163,888.7590942382812,187.1893768310547,151.91058349609375,189.21238708496094,0.6633567214012146,1,0,-1
396,158,1578.380126953125,705.9989013671875,140.5885009765625,225.02532958984375,0.9244807362556458,1,0,-1
396,163,889.8172607421875,189.29965209960938,151.5035400390625,184.971435546875,0.8594262599945068,1,0,-1
397,158,1581.5802001953125,714.0391845703125,140.7276611328125,219.1170654296875,0.9274874925613403,1,0,-1
397,163,890.6187744140625,194.96401977539062,150.85302734375,180.59649658203125,0.8865373730659485,1,0,-1
398,158,1583.681640625,723.1190795898438,139.71142578125,220.8160400390625,0.9139877557754517,1,0,-1
398,163,890.6802978515625,198.39149475097656,151.1351318359375,178.19081115722656,0.8494791388511658,1,0,-1
399,158,1585.608154296875,730.5476684570312,140.2147216796875,220.97772216796875,0.9022412896156311,1,0,-1
399,163,891.226806640625,196.439453125,150.859130859375,182.54876708984375,0.8316980600357056,1,0,-1
400,158,1588.1201171875,736.625732421875,139.7271728515625,219.64056396484375,0.9071510434150696,1,0,-1
400,163,892.0662841796875,200.5601043701172,151.384033203125,180.1643829345703,0.8733412623405457,1,0,-1
401,158,1590.556640625,744.9310302734375,141.3787841796875,226.0296630859375,0.8674680590629578,1,0,-1
401,163,893.3087158203125,202.4931640625,150.447265625,182.07473754882812,0.8682070374488831,1,0,-1
402,158,1593.0377197265625,751.0648193359375,141.3182373046875,224.1766357421875,0.8972047567367554,1,0,-1
402,163,894.4041748046875,205.59591674804688,149.892333984375,183.47738647460938,0.8341296911239624,1,0,-1
403,158,1594.9644775390625,757.716064453125,141.1549072265625,220.34942626953125,0.9095525145530701,1,0,-1
403,163,894.7113647460938,208.42462158203125,149.79095458984375,185.3975830078125,0.7899697422981262,1,0,-1
404,158,1596.403564453125,768.426513671875,141.0008544921875,219.296875,0.896778404712677,1,0,-1
404,163,894.9749755859375,211.33973693847656,149.6845703125,186.28273010253906,0.7679414749145508,1,0,-1
405,158,1596.6422119140625,776.0335083007812,142.4522705078125,226.66912841796875,0.8817970156669617,1,0,-1
405,163,894.7522583007812,215.5496826171875,150.59344482421875,182.0711669921875,0.6271012425422668,1,0,-1
406,158,1598.302734375,783.0377807617188,141.8402099609375,234.578125,0.8762503266334534,1,0,-1
407,158,1599.5059814453125,790.8840942382812,140.3829345703125,233.87908935546875,0.8767105937004089,1,0,-1
408,158,1600.2982177734375,798.668212890625,139.9180908203125,224.87786865234375,0.9104706048965454,1,0,-1
409,158,1600.7890625,806.589111328125,140.3902587890625,224.3280029296875,0.9032532572746277,1,0,-1
410,158,1601.53466796875,816.4412231445312,141.365478515625,226.32720947265625,0.8989973664283752,1,0,-1
411,158,1602.493408203125,825.2117309570312,142.5089111328125,226.03424072265625,0.9114194512367249,1,0,-1
412,158,1604.080810546875,832.5132446289062,142.29541015625,234.10113525390625,0.9150581359863281,1,0,-1
412,163,892.841796875,235.74880981445312,148.9847412109375,174.02499389648438,0.6783113479614258,1,0,-1
413,158,1605.8463134765625,841.5473022460938,141.343505859375,231.37640380859375,0.9246317744255066,1,0,-1
413,163,892.932373046875,242.3408966064453,148.7666015625,175.15956115722656,0.6273422241210938,1,0,-1
414,158,1607.8990478515625,848.998779296875,140.9564208984375,229.702880859375,0.9417216777801514,1,0,-1
414,163,891.884033203125,246.7007293701172,149.67626953125,174.46754455566406,0.7219375371932983,1,0,-1
415,158,1610.92578125,856.9347534179688,140.253173828125,223.06524658203125,0.9413677453994751,1,0,-1
415,163,892.9644165039062,250.37876892089844,149.35662841796875,173.90745544433594,0.6007642149925232,1,0,-1
416,158,1614.14599609375,866.5301513671875,139.700927734375,213.4698486328125,0.9297818541526794,1,0,-1
416,163,893.521728515625,255.42454528808594,149.1778564453125,170.85032653808594,0.7945978045463562,1,0,-1
417,158,1618.392578125,874.8685302734375,140.24755859375,205.1314697265625,0.9138229489326477,1,0,-1
417,163,893.8081665039062,259.91455078125,149.27740478515625,175.08120727539062,0.8446511626243591,1,0,-1
418,158,1620.9964599609375,882.0982055664062,141.6673583984375,197.90179443359375,0.9168432950973511,1,0,-1
419,158,1625.0333251953125,890.14208984375,141.953125,189.85791015625,0.9241433143615723,1,0,-1
420,158,1629.577392578125,896.3635864257812,141.611328125,183.63641357421875,0.9219919443130493,1,0,-1
421,158,1633.1612548828125,903.1853637695312,141.6036376953125,176.81463623046875,0.9282274842262268,1,0,-1
422,158,1637.4931640625,913.4758911132812,142.55908203125,166.52410888671875,0.8824285864830017,1,0,-1
423,158,1643.0347900390625,920.6170654296875,141.5086669921875,159.3829345703125,0.9001632928848267,1,0,-1
424,158,1647.701416015625,924.716064453125,142.0474853515625,155.283935546875,0.9046112895011902,1,0,-1
425,158,1652.8839111328125,928.1192626953125,141.5087890625,151.820068359375,0.9136850237846375,1,0,-1
425,163,901.8402099609375,274.4473571777344,150.071533203125,181.14639282226562,0.7543355822563171,1,0,-1
426,158,1657.81591796875,934.1267700195312,141.74169921875,145.51080322265625,0.9167668223381042,1,0,-1
427,158,1662.91064453125,943.82470703125,141.7864990234375,135.617431640625,0.9185133576393127,1,0,-1
428,158,1668.6641845703125,946.9388427734375,141.322021484375,132.3306884765625,0.921578049659729,1,0,-1
429,158,1673.922119140625,948.0166015625,142.7672119140625,130.828857421875,0.9279458522796631,1,0,-1
430,158,1678.015380859375,950.1278686523438,143.3128662109375,128.53216552734375,0.9256521463394165,1,0,-1
431,158,1682.37841796875,952.8115844726562,143.3197021484375,125.88641357421875,0.921654999256134,1,0,-1
432,158,1687.929443359375,954.0226440429688,142.3084716796875,124.70391845703125,0.917166531085968,1,0,-1
432,163,912.0279541015625,273.1168212890625,150.4154052734375,174.80758666992188,0.7955524921417236,1,0,-1
433,158,1693.4962158203125,955.5831909179688,142.03564453125,123.17877197265625,0.9209539890289307,1,0,-1
433,163,911.9931640625,270.9692687988281,153.068603515625,177.45489501953125,0.6064258813858032,1,0,-1
434,158,1699.1580810546875,956.3505859375,141.384033203125,122.449951171875,0.9183812141418457,1,0,-1
435,158,1705.099609375,958.57763671875,142.552978515625,120.2669677734375,0.9232640266418457,1,0,-1
436,158,1710.4100341796875,961.0237426757812,149.71240234375,117.94281005859375,0.8730752468109131,1,0,-1
437,158,1716.4630126953125,962.6041870117188,149.467529296875,116.31463623046875,0.9126036167144775,1,0,-1
438,158,1722.96484375,965.782470703125,148.3883056640625,113.2994384765625,0.8883309960365295,1,0,-1
439,158,1728.0111083984375,968.0498046875,150.466064453125,111.329345703125,0.853948712348938,1,0,-1
440,158,1734.255126953125,969.94189453125,150.5924072265625,109.6668701171875,0.8592154383659363,1,0,-1
441,158,1741.6121826171875,969.6932983398438,150.170166015625,109.39959716796875,0.9007449746131897,1,0,-1
442,158,1746.9959716796875,971.6505126953125,155.8330078125,107.5169677734375,0.8959917426109314,1,0,-1
443,158,1754.1905517578125,972.1209106445312,158.5390625,107.60137939453125,0.8617069721221924,1,0,-1
444,158,1762.165771484375,968.5618896484375,157.3419189453125,110.7276611328125,0.8336330652236938,1,0,-1
445,158,1769.7093505859375,971.8113403320312,150.2906494140625,106.94964599609375,0.8204114437103271,1,0,-1
446,158,1775.591064453125,978.9030151367188,144.408935546875,99.89715576171875,0.8202244639396667,1,0,-1
447,158,1782.0350341796875,982.6056518554688,137.9649658203125,96.03363037109375,0.8099977970123291,1,0,-1
448,158,1790.0086669921875,983.8458862304688,129.9913330078125,95.13031005859375,0.7941582798957825,1,0,-1
449,158,1797.4608154296875,986.9925537109375,122.5391845703125,91.813232421875,0.6992459893226624,1,0,-1
450,158,1804.6566162109375,990.7994995117188,115.3433837890625,88.53814697265625,0.6040043234825134,1,0,-1
451,158,1814.22314453125,991.6709594726562,105.77685546875,87.24017333984375,0.5494201183319092,1,0,-1
458,163,983.7843627929688,249.51087951660156,150.93536376953125,179.5641632080078,0.671640157699585,1,0,-1
459,163,986.3844604492188,247.73892211914062,151.10736083984375,184.60794067382812,0.7169126272201538,1,0,-1
460,163,988.3617553710938,249.49005126953125,149.65240478515625,181.38290405273438,0.7892265915870667,1,0,-1
461,163,989.1478881835938,252.22903442382812,149.44329833984375,175.6732177734375,0.548271894454956,1,0,-1
462,163,989.0558471679688,252.92599487304688,147.95416259765625,176.71734619140625,0.7671507596969604,1,0,-1
470,163,967.4049682617188,257.3367614746094,153.33990478515625,187.37710571289062,0.5028747320175171,1,0,-1
