2,308,1269.05908203125,597.7559204101562,82.248291015625,91.0645751953125,0.7786079049110413,1,21,-1
3,308,1273.0499267578125,600.3048095703125,81.7584228515625,91.545654296875,0.6989595293998718,1,21,-1
4,308,1276.5887451171875,603.0531005859375,81.7777099609375,91.99652099609375,0.7183740735054016,1,21,-1
6,308,1280.5010986328125,604.8289184570312,84.0596923828125,94.74169921875,0.5492335557937622,1,21,-1
7,308,1282.9163818359375,610.02587890625,82.2928466796875,91.58477783203125,0.5821918249130249,1,21,-1
8,308,1283.035400390625,610.5982666015625,82.9259033203125,92.59271240234375,0.8014389872550964,1,21,-1
9,308,1284.9969482421875,614.0140380859375,82.8936767578125,90.8416748046875,0.7671284675598145,1,21,-1
10,308,1286.10791015625,615.0800170898438,82.2662353515625,90.96612548828125,0.7806826233863831,1,21,-1
10,309,430.8841552734375,1.6977401971817017,506.176025390625,587.2642822265625,0.7367528676986694,1,9,-1
11,308,1288.032470703125,615.037109375,81.9503173828125,90.94580078125,0.6982470154762268,1,21,-1
11,309,427.6238708496094,1.0988831520080566,510.2456970214844,585.9071044921875,0.6088477373123169,1,9,-1
12,308,1288.8671875,614.469482421875,85.189697265625,92.16815185546875,0.7852611541748047,1,21,-1
13,308,1290.66943359375,614.2386474609375,85.82373046875,92.22235107421875,0.8301132917404175,1,21,-1
14,308,1291.5137939453125,614.2059936523438,86.939208984375,91.8416748046875,0.8110641837120056,1,21,-1
14,309,422.3562316894531,1.724299430847168,520.5123291015625,586.2108764648438,0.5101282000541687,1,9,-1
15,308,1291.8690185546875,612.2552490234375,88.355224609375,92.524658203125,0.7511470317840576,1,21,-1
15,309,424.0856628417969,2.887810468673706,519.9945068359375,583.8800659179688,0.6327742338180542,1,9,-1
16,308,1293.6005859375,611.87353515625,86.533447265625,91.4923095703125,0.661925196647644,1,21,-1
16,309,420.58367919921875,2.309385061264038,523.5485229492188,583.8208618164062,0.6226803064346313,1,9,-1
18,308,1294.65673828125,609.1564331054688,86.745361328125,91.18487548828125,0.7283596396446228,1,21,-1
19,308,1293.9560546875,604.2276000976562,86.9478759765625,92.9300537109375,0.6652204990386963,1,21,-1
20,308,1293.6024169921875,601.9700927734375,88.3055419921875,93.26666259765625,0.8430031538009644,1,21,-1
21,308,1293.5291748046875,598.4345092773438,87.1961669921875,93.258544921875,0.857151448726654,1,21,-1
22,308,1292.8763427734375,594.7772827148438,87.50927734375,95.65325927734375,0.8111519813537598,1,21,-1
23,308,1292.4407958984375,593.6613159179688,87.9635009765625,94.821044921875,0.7837867140769958,1,21,-1
24,308,1291.39501953125,592.8600463867188,87.460205078125,95.04833984375,0.828892707824707,1,21,-1
25,308,1288.58740234375,591.1663818359375,88.63134765625,94.3812255859375,0.8228696584701538,1,21,-1
26,308,1288.917236328125,590.8754272460938,87.35498046875,93.3751220703125,0.8446284532546997,1,21,-1
27,308,1288.1790771484375,588.382568359375,85.58447265625,94.65118408203125,0.7794956564903259,1,21,-1
29,308,1287.3797607421875,582.3280029296875,85.4398193359375,97.10479736328125,0.6531444191932678,1,21,-1
30,308,1287.5760498046875,578.26123046875,84.2445068359375,98.5955810546875,0.7015587687492371,1,21,-1
31,309,392.1728820800781,1.6878126859664917,540.2628173828125,553.2431030273438,0.5842153429985046,1,9,-1
32,308,1287.6488037109375,576.17529296875,84.733642578125,96.04412841796875,0.6955273151397705,1,21,-1
33,308,1286.9364013671875,571.88720703125,88.167236328125,97.4326171875,0.7509218454360962,1,21,-1
33,309,387.99212646484375,0.728675365447998,544.1643676757812,551.5580444335938,0.5059592723846436,1,9,-1
34,308,1288.2891845703125,570.88720703125,87.0455322265625,96.99853515625,0.8407889604568481,1,21,-1
35,308,1288.699462890625,569.4956665039062,88.2694091796875,96.8670654296875,0.8401293754577637,1,21,-1
36,308,1287.922119140625,567.3136596679688,88.8297119140625,96.67193603515625,0.8166236281394958,1,21,-1
37,308,1287.3323974609375,565.9810180664062,90.1983642578125,96.684814453125,0.8453646302223206,1,21,-1
38,308,1288.914306640625,565.6207275390625,90.0208740234375,94.9879150390625,0.8353742957115173,1,21,-1
39,308,1289.3125,562.4097900390625,91.5528564453125,95.4052734375,0.7770103216171265,1,21,-1
39,309,384.763671875,1.3752728700637817,544.9331665039062,539.1424560546875,0.531552791595459,1,9,-1
40,308,1289.530517578125,559.7800903320312,92.86669921875,96.84234619140625,0.7056847810745239,1,21,-1
40,309,383.8531799316406,1.116929531097412,545.1705322265625,535.8477783203125,0.5809330344200134,1,9,-1
41,308,1290.930908203125,558.2788696289062,91.87158203125,96.66436767578125,0.7882280945777893,1,21,-1
41,309,385.0954284667969,2.326397180557251,543.283447265625,528.6373291015625,0.5595340132713318,1,9,-1
42,308,1290.6156005859375,556.951416015625,93.3709716796875,96.9332275390625,0.7707144618034363,1,21,-1
42,309,386.87261962890625,0.7659755945205688,541.9503784179688,525.6060791015625,0.5367009043693542,1,9,-1
43,308,1291.8818359375,552.8797607421875,91.6064453125,98.3214111328125,0.7596935033798218,1,21,-1
44,308,1292.7681884765625,549.9201049804688,91.9632568359375,98.76995849609375,0.856541097164154,1,21,-1
45,308,1293.984130859375,547.4666137695312,91.1124267578125,99.48046875,0.8329591155052185,1,21,-1
46,308,1294.1871337890625,546.7691040039062,90.8790283203125,98.564697265625,0.8726394772529602,1,21,-1
47,308,1293.9005126953125,544.0160522460938,93.4068603515625,99.2025146484375,0.8506388068199158,1,21,-1
48,308,1295.3487548828125,543.6729125976562,92.6475830078125,97.4595947265625,0.8296055793762207,1,21,-1
49,308,1297.2864990234375,542.038818359375,91.87353515625,98.1600341796875,0.8136053681373596,1,21,-1
50,308,1296.90478515625,538.1646728515625,93.2452392578125,100.20269775390625,0.6912517547607422,1,21,-1
51,308,1297.650634765625,537.1371459960938,92.47119140625,99.78302001953125,0.8728480935096741,1,21,-1
52,308,1296.899658203125,533.5673828125,94.3248291015625,102.593017578125,0.5293059349060059,1,21,-1
53,308,1297.8363037109375,532.9692993164062,94.4935302734375,102.13641357421875,0.707831084728241,1,21,-1
55,308,1299.1063232421875,532.0835571289062,94.4180908203125,100.9298095703125,0.6746569871902466,1,21,-1
56,308,1300.5111083984375,532.6558227539062,93.747802734375,99.74017333984375,0.647877037525177,1,21,-1
57,308,1301.5107421875,528.7794799804688,92.8013916015625,99.28082275390625,0.6442257761955261,1,21,-1
62,308,1310.55419921875,519.4925537109375,96.76171875,105.46160888671875,0.7532825469970703,1,21,-1
63,308,1312.9044189453125,515.2852172851562,97.636474609375,107.9151611328125,0.5922049283981323,1,21,-1
64,308,1314.4185791015625,515.2891845703125,98.30224609375,107.42315673828125,0.8157474994659424,1,21,-1
65,308,1316.3475341796875,515.0913696289062,100.0489501953125,107.7852783203125,0.7763033509254456,1,21,-1
66,308,1317.9981689453125,513.022216796875,100.4122314453125,109.80169677734375,0.8191416263580322,1,21,-1
67,308,1320.3013916015625,514.4635620117188,99.8759765625,107.6168212890625,0.8010959625244141,1,21,-1
68,308,1321.7069091796875,514.7659301757812,100.71044921875,106.74652099609375,0.500220537185669,1,21,-1
69,308,1323.4029541015625,514.0680541992188,101.4613037109375,107.3955078125,0.685291051864624,1,21,-1
70,308,1324.8294677734375,514.7750854492188,101.267822265625,106.4188232421875,0.720608115196228,1,21,-1
71,308,1325.966552734375,514.6013793945312,100.8553466796875,107.04461669921875,0.7678363919258118,1,21,-1
72,308,1326.755859375,514.5260009765625,100.572998046875,107.4986572265625,0.7876337170600891,1,21,-1
73,308,1326.5665283203125,513.6703491210938,102.0621337890625,108.3533935546875,0.753420889377594,1,21,-1
74,308,1326.323974609375,512.3109130859375,102.3153076171875,109.81988525390625,0.648293673992157,1,21,-1
75,308,1326.317626953125,513.4546508789062,102.04638671875,109.12896728515625,0.657537579536438,1,21,-1
76,308,1325.491943359375,515.1266479492188,103.2066650390625,107.8701171875,0.609546422958374,1,21,-1
77,308,1324.396728515625,516.1810913085938,103.7061767578125,107.1890869140625,0.6784717440605164,1,21,-1
78,308,1324.33154296875,516.5413208007812,103.1412353515625,108.44879150390625,0.7023554444313049,1,21,-1
79,308,1323.867431640625,516.9805908203125,103.3302001953125,108.9964599609375,0.5608895421028137,1,21,-1
85,308,1315.0152587890625,518.5001220703125,103.2862548828125,115.6734619140625,0.7680915594100952,1,21,-1
86,308,1312.5677490234375,518.2794799804688,103.4659423828125,117.0653076171875,0.7939481139183044,1,21,-1
87,308,1310.524658203125,520.4820556640625,104.3642578125,117.263916015625,0.7274741530418396,1,21,-1
89,308,1305.6505126953125,520.8654174804688,104.225341796875,116.65582275390625,0.7007644176483154,1,21,-1
90,308,1303.6944580078125,521.9569702148438,104.017578125,107.586669921875,0.6598132848739624,1,21,-1
91,308,1301.2271728515625,532.8629150390625,105.39599609375,105.32196044921875,0.6397334337234497,1,21,-1
92,308,1299.298095703125,530.4174194335938,106.1326904296875,111.994140625,0.7298563122749329,1,21,-1
93,308,1298.0716552734375,530.489013671875,105.47216796875,114.2257080078125,0.7246764302253723,1,21,-1
94,308,1295.43896484375,530.5455932617188,106.2366943359375,116.47900390625,0.7525821328163147,1,21,-1
95,308,1292.7213134765625,528.7835083007812,107.6014404296875,111.704345703125,0.7393036484718323,1,21,-1
96,308,1292.3546142578125,528.3543701171875,107.4632568359375,108.52667236328125,0.700482189655304,1,21,-1
97,308,1291.4930419921875,529.93896484375,109.17041015625,107.33349609375,0.5476245284080505,1,21,-1
98,308,1291.094970703125,530.8815307617188,110.5546875,106.21771240234375,0.612751305103302,1,21,-1
99,308,1291.6634521484375,529.4990234375,109.2423095703125,107.23931884765625,0.6767277717590332,1,21,-1
100,308,1291.9344482421875,530.243408203125,110.3468017578125,105.20843505859375,0.5940454006195068,1,21,-1
101,308,1294.3499755859375,529.7677612304688,108.3076171875,97.78118896484375,0.6371251940727234,1,21,-1
102,308,1296.5126953125,530.5145263671875,107.596435546875,98.60302734375,0.5109338164329529,1,21,-1
107,308,1303.2698974609375,530.7487182617188,110.6279296875,126.8985595703125,0.6804158687591553,1,21,-1
108,308,1303.6368408203125,531.3536376953125,110.1776123046875,128.6888427734375,0.7196453809738159,1,21,-1
109,308,1303.7027587890625,531.2297973632812,110.974609375,130.48419189453125,0.6575388312339783,1,21,-1
110,308,1303.3023681640625,530.6232299804688,111.8135986328125,131.402099609375,0.7016805410385132,1,21,-1
111,308,1302.640380859375,531.9035034179688,111.2763671875,130.50994873046875,0.7683569192886353,1,21,-1
113,308,1294.620361328125,532.4259033203125,114.65234375,129.0478515625,0.6675611138343811,1,21,-1
114,308,1290.676513671875,531.4505004882812,115.255615234375,129.25885009765625,0.6105725169181824,1,21,-1
116,308,1286.53515625,532.5865478515625,114.9892578125,130.16180419921875,0.6245652437210083,1,21,-1
117,308,1284.3497314453125,534.1338500976562,115.306396484375,130.67962646484375,0.7521651387214661,1,21,-1
118,308,1282.1873779296875,535.9335327148438,115.544189453125,130.7125244140625,0.7563130855560303,1,21,-1
119,308,1280.5631103515625,537.0068359375,116.682861328125,129.9266357421875,0.7533800601959229,1,21,-1
120,308,1279.8255615234375,537.341064453125,115.93359375,129.52374267578125,0.559518039226532,1,21,-1
121,308,1279.3502197265625,538.6605834960938,116.369873046875,122.86767578125,0.541357696056366,1,21,-1
122,308,1278.5399169921875,538.483642578125,115.623291015625,127.2113037109375,0.6534447073936462,1,21,-1
126,308,1278.1263427734375,537.77099609375,118.3570556640625,136.55712890625,0.5534796118736267,1,21,-1
127,308,1277.8048095703125,536.5093383789062,119.271484375,138.30267333984375,0.517101526260376,1,21,-1
129,308,1278.279296875,535.34033203125,121.2645263671875,139.53411865234375,0.5692520141601562,1,21,-1
130,308,1278.384765625,533.876708984375,121.488525390625,140.33001708984375,0.7423111796379089,1,21,-1
131,308,1278.2364501953125,532.734375,121.333740234375,140.40509033203125,0.693828821182251,1,21,-1
132,308,1278.6019287109375,531.9332885742188,121.1556396484375,140.27947998046875,0.6454364061355591,1,21,-1
133,308,1278.98681640625,529.8501586914062,121.2762451171875,141.31536865234375,0.7355934381484985,1,21,-1
134,308,1278.8052978515625,527.8263549804688,121.160888671875,142.80938720703125,0.5293401479721069,1,21,-1
135,308,1278.6397705078125,525.9396362304688,120.0172119140625,143.77996826171875,0.6150894165039062,1,21,-1
148,308,1273.5211181640625,485.1687927246094,121.2503662109375,148.96841430664062,0.6455802917480469,1,21,-1
149,308,1270.831787109375,482.0378112792969,121.5413818359375,149.69271850585938,0.591802716255188,1,21,-1
150,308,1270.4261474609375,478.68963623046875,117.4046630859375,116.99969482421875,0.5361905097961426,1,21,-1
150,313,1633.0048828125,988.6993408203125,71.5120849609375,89.48681640625,0.5563682913780212,1,23,-1
151,308,1271.915771484375,474.4758605957031,113.425048828125,101.43899536132812,0.5680543184280396,1,21,-1
151,313,1632.0941162109375,986.6893920898438,72.457275390625,91.53240966796875,0.6143811345100403,1,23,-1
152,313,1630.1519775390625,984.531005859375,74.8094482421875,93.772216796875,0.6243883967399597,1,23,-1
153,313,1628.0386962890625,983.1710815429688,76.58544921875,94.86578369140625,0.6131250858306885,1,23,-1
154,313,1626.1400146484375,981.5103759765625,78.5994873046875,96.482177734375,0.6340925097465515,1,23,-1
155,313,1624.0625,979.9945678710938,81.296630859375,97.90704345703125,0.6628211736679077,1,23,-1
156,313,1625.14697265625,977.1068115234375,81.1182861328125,100.321044921875,0.6461194753646851,1,23,-1
157,313,1624.6365966796875,973.9884643554688,82.8709716796875,103.55694580078125,0.6924764513969421,1,23,-1
158,313,1622.0244140625,970.7861938476562,85.79541015625,106.43682861328125,0.6482280492782593,1,23,-1
159,313,1621.91845703125,969.2540893554688,85.9742431640625,108.70135498046875,0.6096677780151367,1,23,-1
159,308,1255.734130859375,437.3908996582031,125.041259765625,149.82028198242188,0.739274263381958,1,21,-1
160,313,1625.470458984375,966.533447265625,83.541259765625,111.396484375,0.5858919620513916,1,23,-1
160,308,1253.6201171875,432.29656982421875,127.22021484375,153.68280029296875,0.7230297923088074,1,21,-1
161,313,1628.3529052734375,965.8884887695312,81.167724609375,112.33868408203125,0.576987087726593,1,23,-1
161,308,1251.8851318359375,428.85296630859375,127.7454833984375,154.924072265625,0.7792494893074036,1,21,-1
162,313,1629.4935302734375,966.3416137695312,81.7423095703125,112.57757568359375,0.560638427734375,1,23,-1
162,308,1249.5179443359375,426.191162109375,129.629150390625,156.16436767578125,0.7847263216972351,1,21,-1
163,308,1247.3309326171875,424.3539123535156,131.3109130859375,155.56143188476562,0.6258332133293152,1,21,-1
163,314,462.4102478027344,707.981201171875,106.33682250976562,127.71331787109375,0.5951598882675171,1,21,-1
164,308,1244.8541259765625,423.7139587402344,131.140380859375,154.63583374023438,0.7057204246520996,1,21,-1
165,308,1243.752197265625,422.2005920410156,131.2781982421875,155.25906372070312,0.6845026016235352,1,21,-1
166,308,1242.8228759765625,421.3736572265625,131.5938720703125,154.90838623046875,0.7837666273117065,1,21,-1
166,313,1640.954345703125,971.2799072265625,84.3468017578125,108.5814208984375,0.666123628616333,1,23,-1
167,308,1242.4652099609375,420.24267578125,131.3365478515625,155.9368896484375,0.643543541431427,1,21,-1
167,313,1647.66552734375,974.340087890625,80.09228515625,105.111083984375,0.6970977187156677,1,23,-1
168,308,1242.1090087890625,419.66058349609375,130.7685546875,156.3751220703125,0.6412041187286377,1,21,-1
168,313,1651.62744140625,978.2450561523438,78.6248779296875,101.59063720703125,0.6241371631622314,1,23,-1
169,308,1241.3636474609375,419.8276062011719,131.6920166015625,156.78829956054688,0.6750830411911011,1,21,-1
169,313,1656.4134521484375,981.6203002929688,77.5794677734375,98.37237548828125,0.6188730597496033,1,23,-1
170,308,1241.7520751953125,419.7216796875,131.78466796875,157.79620361328125,0.587999701499939,1,21,-1
171,308,1242.153564453125,419.70953369140625,131.818603515625,158.20452880859375,0.6766484975814819,1,21,-1
172,308,1242.1201171875,420.1390686035156,131.849365234375,157.66970825195312,0.7460127472877502,1,21,-1
172,313,1671.239501953125,996.3819580078125,80.090576171875,83.6180419921875,0.777464747428894,1,23,-1
173,308,1242.12548828125,420.1559753417969,133.1739501953125,158.75936889648438,0.6961372494697571,1,21,-1
173,313,1677.42138671875,1002.3517456054688,78.5550537109375,77.64825439453125,0.703596830368042,1,23,-1
174,308,1242.5267333984375,421.205078125,133.7069091796875,160.08245849609375,0.7572662830352783,1,21,-1
174,313,1681.718505859375,1007.8743896484375,81.3807373046875,71.98095703125,0.7335057258605957,1,23,-1
175,308,1242.872314453125,421.8848876953125,134.2265625,161.997314453125,0.8030619025230408,1,21,-1
176,308,1242.5994873046875,423.2635803222656,136.1378173828125,162.29769897460938,0.8243457078933716,1,21,-1
177,308,1243.836669921875,425.0267028808594,135.8079833984375,161.40359497070312,0.8344656825065613,1,21,-1
178,308,1243.8551025390625,426.24261474609375,135.6129150390625,161.97265625,0.8221812844276428,1,21,-1
179,308,1244.04248046875,427.369140625,136.2628173828125,161.8770751953125,0.8400185704231262,1,21,-1
180,308,1243.8551025390625,428.92132568359375,137.9305419921875,161.88494873046875,0.8453991413116455,1,21,-1
181,308,1244.380126953125,429.9942626953125,138.619873046875,163.10565185546875,0.6330678462982178,1,21,-1
182,308,1244.98828125,431.8386535644531,138.4495849609375,163.25234985351562,0.8115536570549011,1,21,-1
183,308,1245.8658447265625,433.87884521484375,138.6119384765625,164.545654296875,0.699272096157074,1,21,-1
184,308,1247.7698974609375,435.7490234375,138.2420654296875,165.6002197265625,0.7626580595970154,1,21,-1
185,308,1249.484375,437.6274719238281,138.5718994140625,166.74581909179688,0.7453712821006775,1,21,-1
186,308,1251.418212890625,438.84954833984375,136.87060546875,168.370849609375,0.6921101808547974,1,21,-1
187,308,1252.9342041015625,441.6757507324219,136.1370849609375,167.61654663085938,0.7651775479316711,1,21,-1
188,308,1253.6357421875,443.836669921875,137.857177734375,168.43389892578125,0.6965033411979675,1,21,-1
188,314,318.32647705078125,738.3802490234375,115.37033081054688,172.794677734375,0.5047723054885864,1,21,-1
189,308,1253.4715576171875,444.5519714355469,138.4473876953125,169.38613891601562,0.6836560964584351,1,21,-1
190,308,1254.3927001953125,446.7795715332031,139.4801025390625,169.43734741210938,0.7035821080207825,1,21,-1
191,308,1255.2138671875,447.6866760253906,140.8485107421875,170.83462524414062,0.765509307384491,1,21,-1
192,308,1255.5068359375,448.9720764160156,142.3214111328125,172.42855834960938,0.7860468029975891,1,21,-1
193,308,1254.9281005859375,448.6036071777344,143.2513427734375,174.04629516601562,0.7950833439826965,1,21,-1
194,308,1255.01806640625,449.9363708496094,143.1678466796875,173.42318725585938,0.8387777805328369,1,21,-1
195,308,1256.30322265625,451.4923095703125,141.2327880859375,172.23529052734375,0.8181827068328857,1,21,-1
196,308,1256.87548828125,452.31683349609375,142.172119140625,172.3094482421875,0.8062027096748352,1,21,-1
197,308,1258.689697265625,453.085205078125,140.8076171875,173.02606201171875,0.7861835956573486,1,21,-1
198,308,1258.457763671875,453.7660827636719,141.926513671875,173.00430297851562,0.7868734002113342,1,21,-1
199,308,1257.9949951171875,453.85699462890625,143.1767578125,173.75421142578125,0.8066229224205017,1,21,-1
200,308,1258.4390869140625,453.9434814453125,143.6688232421875,174.61846923828125,0.7756555676460266,1,21,-1
201,308,1259.1021728515625,454.46978759765625,143.59033203125,174.7667236328125,0.8063598871231079,1,21,-1
202,308,1260.775634765625,454.3940734863281,143.40771484375,174.88491821289062,0.8388756513595581,1,21,-1
203,308,1262.39697265625,453.6532287597656,143.1728515625,175.56607055664062,0.828892707824707,1,21,-1
204,308,1263.3355712890625,452.5271301269531,143.9390869140625,176.62973022460938,0.7517022490501404,1,21,-1
205,308,1265.6358642578125,451.11126708984375,141.7752685546875,177.0025634765625,0.7780212759971619,1,21,-1
