159,541,1135.1259765625,264.18731689453125,125.1474609375,151.14810180664062,0.8260741829872131,1,21,-1
160,541,1135.0345458984375,262.66473388671875,126.025390625,151.96377563476562,0.7354568839073181,1,21,-1
162,541,1137.664306640625,260.06353759765625,125.26953125,152.95944213867188,0.652728796005249,1,21,-1
163,541,1138.7999267578125,258.6954040527344,124.427734375,153.261474609375,0.5950745940208435,1,21,-1
164,541,1139.4105224609375,258.96063232421875,124.36572265625,153.0023193359375,0.688863217830658,1,21,-1
165,541,1138.677734375,258.6205139160156,126.55419921875,153.35128784179688,0.5658194422721863,1,21,-1
166,541,1138.88720703125,257.6650085449219,128.0865478515625,152.5755615234375,0.6917365193367004,1,21,-1
167,541,1139.5767822265625,255.81268310546875,128.55419921875,152.97271728515625,0.7511910796165466,1,21,-1
168,541,1140.4676513671875,254.33815002441406,128.7816162109375,154.30738830566406,0.6770448088645935,1,21,-1
169,541,1141.2965087890625,253.69021606445312,127.489990234375,154.7711181640625,0.6571905016899109,1,21,-1
171,541,1143.751708984375,250.08445739746094,128.20849609375,158.75645446777344,0.5667469501495361,1,21,-1
172,541,1144.57958984375,249.2603759765625,128.3720703125,159.21316528320312,0.7099809646606445,1,21,-1
173,541,1144.6689453125,247.57989501953125,128.8704833984375,160.75372314453125,0.6577943563461304,1,21,-1
174,541,1145.5474853515625,246.5936737060547,129.0936279296875,160.58546447753906,0.5367340445518494,1,21,-1
175,541,1146.40478515625,246.32351684570312,129.21044921875,159.71713256835938,0.5108806490898132,1,21,-1
176,541,1147.447265625,244.27037048339844,129.14501953125,158.7998504638672,0.6611774563789368,1,21,-1
177,541,1148.24462890625,243.05726623535156,129.9259033203125,159.2016143798828,0.6608943343162537,1,21,-1
178,541,1149.4173583984375,241.00668334960938,129.6541748046875,159.97463989257812,0.5409762263298035,1,21,-1
179,541,1151.068603515625,238.91073608398438,129.8514404296875,159.40573120117188,0.7492395639419556,1,21,-1
180,541,1151.6123046875,236.69557189941406,130.487548828125,160.92298889160156,0.7310375571250916,1,21,-1
181,541,1153.1636962890625,236.17747497558594,130.48583984375,159.8527374267578,0.7942802309989929,1,21,-1
182,541,1152.7943115234375,235.27960205078125,132.658447265625,160.99697875976562,0.682195246219635,1,21,-1
182,542,192.58828735351562,178.24588012695312,138.43447875976562,224.373291015625,0.6233938932418823,1,3,-1
183,541,1153.193359375,234.7794952392578,133.3975830078125,160.08897399902344,0.5140958428382874,1,21,-1
183,542,187.23524475097656,173.4239959716797,140.0243682861328,227.9561004638672,0.6530899405479431,1,3,-1
184,542,180.15597534179688,169.7071990966797,141.96624755859375,229.12144470214844,0.5657088160514832,1,3,-1
185,542,174.91087341308594,165.96136474609375,143.3837432861328,229.92694091796875,0.5639007687568665,1,3,-1
186,542,168.96774291992188,163.51998901367188,145.03732299804688,231.70953369140625,0.673859179019928,1,3,-1
187,542,162.46365356445312,157.6917724609375,146.6270751953125,235.91952514648438,0.6695393323898315,1,3,-1
188,542,155.13336181640625,154.01919555664062,149.606689453125,237.27825927734375,0.7618144750595093,1,3,-1
189,542,147.94154357910156,148.99842834472656,150.35670471191406,239.70375061035156,0.7564635276794434,1,3,-1
190,542,140.48333740234375,145.836669921875,154.48358154296875,241.78457641601562,0.7958658337593079,1,3,-1
192,541,1156.09375,217.08958435058594,138.2274169921875,166.86253356933594,0.5259300470352173,1,21,-1
192,542,127.22843170166016,140.3115234375,157.62054443359375,242.09323120117188,0.6551386713981628,1,3,-1
193,541,1155.506591796875,214.234619140625,139.446533203125,168.52081298828125,0.5909435749053955,1,21,-1
193,542,119.6296157836914,138.19749450683594,158.20074462890625,242.8166961669922,0.7048014402389526,1,3,-1
194,541,1157.1744384765625,212.96961975097656,138.586181640625,168.1680145263672,0.8013079762458801,1,21,-1
194,542,112.42984771728516,134.0472869873047,161.9866943359375,245.83656311035156,0.585994303226471,1,3,-1
195,541,1158.7474365234375,211.61695861816406,137.81982421875,168.0444793701172,0.8125990629196167,1,21,-1
195,542,103.83404541015625,130.579833984375,164.85198974609375,247.54635620117188,0.506827175617218,1,3,-1
196,541,1160.1944580078125,210.56358337402344,136.5596923828125,167.6186065673828,0.7859329581260681,1,21,-1
196,542,95.63188934326172,124.27273559570312,168.91705322265625,253.25173950195312,0.5103113651275635,1,3,-1
197,541,1160.1103515625,208.21575927734375,138.0137939453125,168.8812255859375,0.6798108816146851,1,21,-1
197,542,86.93559265136719,120.69085693359375,171.5631866455078,255.23590087890625,0.6212707757949829,1,3,-1
198,541,1159.8663330078125,205.56455993652344,139.25830078125,169.38816833496094,0.6190651655197144,1,21,-1
198,542,78.94763946533203,116.9538803100586,172.6568603515625,256.8345947265625,0.5536229014396667,1,3,-1
199,541,1159.8131103515625,202.83746337890625,139.2662353515625,170.21688842773438,0.6893511414527893,1,21,-1
199,542,72.69261169433594,114.72344970703125,173.7694549560547,256.4766540527344,0.6644831299781799,1,3,-1
200,541,1158.9947509765625,199.95970153808594,140.7144775390625,171.22044372558594,0.6826915144920349,1,21,-1
200,542,65.02201080322266,109.31144714355469,174.67376708984375,258.0899658203125,0.6552718281745911,1,3,-1
201,541,1160.5059814453125,198.3476104736328,140.8466796875,171.37232971191406,0.7041627168655396,1,21,-1
201,542,58.772613525390625,104.0464096069336,177.5985870361328,260.2023010253906,0.7213640213012695,1,3,-1
202,541,1160.24169921875,194.13778686523438,141.7347412109375,172.5513916015625,0.7612859010696411,1,21,-1
202,542,49.48322296142578,95.63518524169922,179.59759521484375,266.01544189453125,0.6407671570777893,1,3,-1
203,541,1160.9002685546875,190.76461791992188,142.1253662109375,173.44232177734375,0.8014091849327087,1,21,-1
203,542,39.69828414916992,91.4596176147461,186.4873809814453,268.9263916015625,0.8119925856590271,1,3,-1
204,541,1161.978759765625,188.2332305908203,141.76708984375,174.2997283935547,0.8152866363525391,1,21,-1
204,542,30.842130661010742,88.16106414794922,189.63980102539062,268.6307678222656,0.8168047070503235,1,3,-1
205,541,1163.0377197265625,186.17819213867188,141.186279296875,174.12191772460938,0.689081072807312,1,21,-1
205,542,23.525972366333008,84.96279907226562,193.7884521484375,269.2627868652344,0.8034184575080872,1,3,-1
206,541,1163.025146484375,185.2943115234375,142.29150390625,174.32113647460938,0.6218104958534241,1,21,-1
206,542,16.19291877746582,77.62693786621094,194.43743896484375,272.94366455078125,0.8674997687339783,1,3,-1
207,541,1164.572509765625,183.1868896484375,140.3974609375,174.67449951171875,0.8606337308883667,1,21,-1
207,542,7.76411247253418,73.81721496582031,198.64710998535156,275.49542236328125,0.7437774538993835,1,3,-1
208,541,1164.9549560546875,182.50782775878906,140.5758056640625,174.2013397216797,0.822573184967041,1,21,-1
208,542,1.356502890586853,70.42372131347656,199.16554260253906,276.44842529296875,0.7719711065292358,1,3,-1
209,541,1164.8018798828125,182.26234436035156,140.8157958984375,174.54722595214844,0.777191698551178,1,21,-1
209,542,0.0,68.61527252197266,195.27833557128906,277.4041442871094,0.8126165270805359,1,3,-1
