2,188,1327.8055419921875,660.6682739257812,51.573486328125,72.1785888671875,0.6795412302017212,1,21,-1
3,189,1274.735595703125,184.63888549804688,57.2579345703125,64.17742919921875,0.6293013095855713,1,21,-1
4,188,1311.859619140625,660.3070068359375,52.27587890625,71.2708740234375,0.5939345359802246,1,21,-1
5,188,1303.418212890625,660.2506713867188,49.084228515625,71.330322265625,0.6121801733970642,1,21,-1
5,189,1262.1470947265625,185.19786071777344,55.9261474609375,62.96562194824219,0.604206919670105,1,21,-1
6,188,1293.7923583984375,660.4467163085938,51.983642578125,69.890869140625,0.69528728723526,1,21,-1
7,188,1284.540283203125,660.043701171875,51.207763671875,70.1009521484375,0.6517140865325928,1,21,-1
8,188,1275.1558837890625,660.0120849609375,49.9736328125,68.85394287109375,0.6503269672393799,1,21,-1
9,188,1266.2183837890625,660.493896484375,49.4329833984375,68.45635986328125,0.7182098627090454,1,21,-1
9,189,1224.67529296875,186.93434143066406,55.0205078125,63.53004455566406,0.7056711316108704,1,21,-1
10,188,1253.787841796875,660.3383178710938,48.0323486328125,67.00390625,0.6970483660697937,1,21,-1
11,188,1246.168701171875,660.647705078125,48.97216796875,67.0699462890625,0.7210901975631714,1,21,-1
12,188,1232.2000732421875,660.1569213867188,46.9488525390625,68.54669189453125,0.7155156135559082,1,21,-1
13,188,1224.2708740234375,659.7734375,47.3367919921875,69.081298828125,0.7219821214675903,1,21,-1
14,188,1208.5111083984375,658.6416625976562,49.1353759765625,71.79730224609375,0.7282799482345581,1,21,-1
15,188,1193.4361572265625,656.7946166992188,56.0416259765625,73.5472412109375,0.7787283062934875,1,21,-1
16,188,1177.9307861328125,657.2686767578125,57.4683837890625,73.89752197265625,0.7624461650848389,1,21,-1
17,188,1168.6563720703125,657.3775024414062,58.221923828125,73.755859375,0.7478573322296143,1,21,-1
18,188,1161.7830810546875,656.9707641601562,55.419189453125,73.2362060546875,0.699833333492279,1,21,-1
19,188,1152.18701171875,657.855224609375,54.77197265625,72.6826171875,0.6755688190460205,1,21,-1
20,188,1143.0931396484375,660.2058715820312,58.5699462890625,71.3076171875,0.7314763069152832,1,21,-1
21,188,1129.021240234375,661.1331176757812,57.3499755859375,71.312255859375,0.6335570812225342,1,21,-1
22,188,1118.255615234375,662.6876220703125,52.5926513671875,69.08746337890625,0.6668506860733032,1,21,-1
23,188,1104.3701171875,663.9408569335938,46.9656982421875,68.7789306640625,0.6680907011032104,1,21,-1
24,188,1090.1112060546875,666.0084838867188,48.0009765625,68.9832763671875,0.6782047748565674,1,21,-1
25,188,1071.4781494140625,665.7623291015625,54.2640380859375,68.92803955078125,0.7885304093360901,1,21,-1
26,188,1061.8240966796875,667.2265014648438,53.006591796875,67.23333740234375,0.6981974840164185,1,21,-1
27,188,1053.1243896484375,667.6622314453125,48.6390380859375,67.7265625,0.563720166683197,1,21,-1
29,188,1031.2418212890625,669.7940673828125,46.794189453125,66.81756591796875,0.6340745687484741,1,21,-1
31,189,977.6630859375,220.9503631591797,52.2340087890625,62.95887756347656,0.6462321877479553,1,21,-1
32,188,990.9461669921875,674.5374145507812,44.1116943359375,62.82666015625,0.5571185946464539,1,21,-1
33,188,980.8617553710938,674.4708251953125,43.24102783203125,64.2886962890625,0.7233775854110718,1,21,-1
33,189,950.434814453125,215.54043579101562,51.21514892578125,70.60638427734375,0.6194085478782654,1,21,-1
34,188,968.2770385742188,675.502197265625,43.75311279296875,65.275634765625,0.5759103894233704,1,21,-1
34,189,942.985107421875,215.88381958007812,50.4488525390625,72.38760375976562,0.6188393831253052,1,21,-1
35,188,954.8958740234375,677.2283325195312,46.43585205078125,64.86383056640625,0.7432977557182312,1,21,-1
35,189,927.5904541015625,217.76280212402344,52.2344970703125,73.32505798339844,0.6029854416847229,1,21,-1
36,188,941.3984375,677.8148803710938,46.54754638671875,65.16778564453125,0.6054102182388306,1,21,-1
36,189,918.35693359375,218.68511962890625,51.26123046875,70.75302124023438,0.5785784125328064,1,21,-1
37,188,925.5643310546875,679.297607421875,50.005615234375,64.53839111328125,0.7525842189788818,1,21,-1
37,189,902.6153564453125,221.60276794433594,54.57745361328125,64.92576599121094,0.6114136576652527,1,21,-1
38,188,915.7552490234375,677.5938720703125,48.71539306640625,66.83416748046875,0.5328847765922546,1,21,-1
38,189,893.2920532226562,223.0693359375,55.18902587890625,61.693328857421875,0.5397594571113586,1,21,-1
39,188,901.1712646484375,674.8717041015625,51.9444580078125,69.54132080078125,0.724728524684906,1,21,-1
39,189,877.1981201171875,222.8217010498047,54.37060546875,62.01899719238281,0.6679955124855042,1,15,-1
40,188,892.6719970703125,672.5291137695312,52.876953125,72.9898681640625,0.7367845177650452,1,21,-1
41,188,878.186279296875,672.6156616210938,57.60943603515625,74.9473876953125,0.7018186450004578,1,21,-1
42,188,867.5249633789062,673.9683837890625,55.2373046875,74.11639404296875,0.5651081800460815,1,21,-1
42,189,842.2407836914062,223.1894989013672,51.09912109375,66.84083557128906,0.5285645723342896,1,21,-1
45,188,825.5433959960938,679.2735595703125,54.307373046875,72.78131103515625,0.5581703186035156,1,21,-1
45,189,811.3460693359375,226.05300903320312,50.97369384765625,70.19876098632812,0.5399032235145569,1,21,-1
46,188,811.0782470703125,683.7695922851562,56.4046630859375,66.90234375,0.7926249504089355,1,21,-1
46,189,798.0404052734375,226.86732482910156,51.31695556640625,70.57695007324219,0.526758074760437,1,21,-1
47,188,803.25537109375,686.2314453125,49.9766845703125,63.8428955078125,0.612176775932312,1,21,-1
48,188,793.8516845703125,688.07421875,47.69805908203125,62.45269775390625,0.5489717721939087,1,21,-1
49,188,782.8565673828125,687.5228881835938,47.51116943359375,64.0228271484375,0.6522617340087891,1,21,-1
50,188,769.2879028320312,687.2267456054688,51.85797119140625,66.21221923828125,0.7189109325408936,1,21,-1
50,189,749.0702514648438,223.40438842773438,51.4334716796875,68.35272216796875,0.5112638473510742,1,21,-1
51,188,757.2445678710938,686.9277954101562,59.3076171875,68.10968017578125,0.752788245677948,1,21,-1
51,189,733.591552734375,220.3603973388672,68.30120849609375,69.33015441894531,0.6067651510238647,1,21,-1
52,188,744.5734252929688,687.3071899414062,51.27691650390625,68.35772705078125,0.592383623123169,1,21,-1
54,189,702.1818237304688,216.61293029785156,66.0999755859375,68.04417419433594,0.5543264746665955,1,21,-1
54,188,720.1028442382812,688.052734375,49.72821044921875,66.69927978515625,0.5167026519775391,1,21,-1
57,188,685.0700073242188,688.8974609375,51.6500244140625,65.83526611328125,0.6477906107902527,1,21,-1
58,188,675.0399169921875,688.511962890625,47.8876953125,65.48992919921875,0.5071291923522949,1,21,-1
59,188,659.2767333984375,688.7322387695312,51.489501953125,65.820556640625,0.6491721272468567,1,21,-1
59,192,1237.4144287109375,340.4304504394531,111.1236572265625,124.62411499023438,0.552451491355896,1,21,-1
60,188,651.2364501953125,689.1328125,48.055908203125,65.392333984375,0.5112416744232178,1,21,-1
61,188,635.9676513671875,687.76708984375,49.6578369140625,67.8521728515625,0.6206871271133423,1,21,-1
63,188,575.5968017578125,677.3582153320312,85.06243896484375,81.022216796875,0.7289179563522339,1,21,-1
64,188,560.7969970703125,675.871826171875,89.20513916015625,83.83941650390625,0.7873773574829102,1,21,-1
65,188,557.58251953125,676.5480346679688,81.5169677734375,82.15142822265625,0.7828730344772339,1,21,-1
66,188,554.5291748046875,677.7086791992188,74.40478515625,81.58258056640625,0.7735456228256226,1,21,-1
67,188,542.94970703125,678.1761474609375,75.200439453125,85.32244873046875,0.6604921221733093,1,21,-1
68,188,528.7708129882812,680.4507446289062,78.759521484375,82.75238037109375,0.7320805788040161,1,21,-1
69,188,520.3165283203125,682.4329223632812,76.65570068359375,77.31732177734375,0.75465327501297,1,21,-1
69,194,1140.2552490234375,517.368896484375,106.010009765625,113.90509033203125,0.6126949191093445,1,21,-1
70,188,517.4544067382812,681.8914184570312,74.94024658203125,75.1859130859375,0.6647912859916687,1,21,-1
71,188,512.388671875,682.1856079101562,77.9283447265625,74.7547607421875,0.6665186285972595,1,21,-1
72,188,498.54840087890625,682.7039794921875,81.7911376953125,73.83404541015625,0.7186751961708069,1,21,-1
73,188,488.9723815917969,684.0037231445312,69.59677124023438,72.2232666015625,0.7616599798202515,1,21,-1
73,194,1099.076904296875,521.3204345703125,101.168212890625,106.72332763671875,0.5479247570037842,1,21,-1
74,188,473.67578125,684.511474609375,67.3037109375,72.645263671875,0.7043097019195557,1,21,-1
74,189,475.0325622558594,191.7092742919922,56.100982666015625,79.32148742675781,0.5272853970527649,1,15,-1
75,188,463.3507995605469,685.0499877929688,63.078643798828125,72.84747314453125,0.7070117592811584,1,21,-1
76,188,447.2967834472656,683.65478515625,62.201873779296875,73.11883544921875,0.6521126627922058,1,21,-1
76,189,448.3023986816406,183.47129821777344,60.60064697265625,87.98396301269531,0.568515419960022,1,15,-1
77,188,434.6131896972656,684.84423828125,62.7578125,73.40997314453125,0.632500946521759,1,21,-1
78,194,1047.2423095703125,520.5323486328125,100.1363525390625,110.11578369140625,0.6917904615402222,1,21,-1
79,188,408.9676818847656,684.4265747070312,63.45458984375,72.5194091796875,0.6934105157852173,1,21,-1
80,188,398.22027587890625,684.273681640625,60.941192626953125,72.878173828125,0.6176574230194092,1,21,-1
80,189,394.32769775390625,165.82481384277344,62.8336181640625,86.18939208984375,0.5558322072029114,1,15,-1
81,188,381.8597412109375,685.5155639648438,60.84515380859375,72.74609375,0.6574961543083191,1,21,-1
82,188,370.72393798828125,685.3958740234375,58.710968017578125,71.88482666015625,0.6220592260360718,1,21,-1
83,188,352.5424499511719,685.8551635742188,58.021575927734375,71.75054931640625,0.5601779222488403,1,21,-1
84,188,343.4257507324219,686.2216796875,56.764678955078125,71.50067138671875,0.588918924331665,1,21,-1
85,188,327.291748046875,686.5316772460938,58.292083740234375,71.9525146484375,0.5094631314277649,1,21,-1
86,188,312.60809326171875,686.0535278320312,61.08416748046875,74.15325927734375,0.6359506845474243,1,21,-1
87,188,298.4750061035156,685.0970458984375,60.121337890625,75.081787109375,0.6380218267440796,1,21,-1
87,194,952.96435546875,523.1552124023438,99.8819580078125,110.2867431640625,0.6664298176765442,1,21,-1
88,188,281.4665222167969,686.1064453125,63.186737060546875,75.46087646484375,0.6588144302368164,1,21,-1
89,188,268.3483581542969,685.2457275390625,62.407806396484375,76.25714111328125,0.5868374109268188,1,21,-1
90,194,922.347412109375,529.5990600585938,99.69610595703125,105.64495849609375,0.5097252726554871,1,21,-1
91,194,913.0962524414062,529.64453125,97.88201904296875,105.6632080078125,0.610495388507843,1,21,-1
91,188,238.850830078125,687.6663208007812,60.992523193359375,75.46832275390625,0.5183999538421631,1,21,-1
92,194,902.5181274414062,529.9366455078125,97.78564453125,106.90911865234375,0.5920151472091675,1,21,-1
92,188,219.75958251953125,688.087158203125,64.30929565429688,77.36767578125,0.7475306391716003,1,21,-1
93,194,892.1624145507812,531.2568969726562,97.736083984375,105.937744140625,0.5211239457130432,1,21,-1
93,188,206.59210205078125,687.554931640625,65.64694213867188,78.3797607421875,0.8084015250205994,1,21,-1
94,194,882.0753173828125,531.9124145507812,97.54473876953125,105.181396484375,0.5775512456893921,1,21,-1
94,188,189.13809204101562,689.0844116210938,63.14140319824219,78.49163818359375,0.7648658156394958,1,21,-1
95,188,176.7423095703125,689.7728271484375,64.1175537109375,78.046630859375,0.7691523432731628,1,21,-1
96,188,157.36724853515625,690.7520141601562,65.63963317871094,78.31109619140625,0.8016825914382935,1,21,-1
96,189,165.74070739746094,123.25088500976562,68.23236083984375,108.712890625,0.5891580581665039,1,15,-1
96,194,860.1803588867188,533.3173217773438,98.9571533203125,103.83172607421875,0.7264330387115479,1,21,-1
97,188,144.68423461914062,691.1630859375,65.19631958007812,78.59429931640625,0.7933531403541565,1,21,-1
97,194,850.197021484375,533.1653442382812,99.44512939453125,104.55560302734375,0.6810818314552307,1,21,-1
98,188,125.43389129638672,691.979248046875,66.71219635009766,80.08221435546875,0.7030248641967773,1,21,-1
98,194,841.3607177734375,532.6093139648438,96.9990234375,105.66595458984375,0.5691049098968506,1,21,-1
99,188,104.86540985107422,693.9494018554688,71.43672943115234,81.126220703125,0.7847920060157776,1,21,-1
100,188,90.27005004882812,693.9050903320312,68.30795288085938,80.24871826171875,0.8117789030075073,1,21,-1
100,194,819.3217163085938,532.3434448242188,98.41351318359375,105.993896484375,0.7527859210968018,1,21,-1
101,188,69.43929290771484,695.213623046875,72.35858917236328,82.945556640625,0.650058388710022,1,21,-1
101,194,808.548828125,535.15869140625,99.534423828125,103.158203125,0.7841311693191528,1,21,-1
102,188,55.709877014160156,695.4116821289062,70.56587982177734,83.82415771484375,0.7468257546424866,1,21,-1
102,194,798.4802856445312,534.9442749023438,98.80303955078125,103.55328369140625,0.5367881655693054,1,21,-1
102,189,68.16632080078125,106.10739135742188,76.14347839355469,96.65483093261719,0.5679420232772827,1,15,-1
103,188,33.429466247558594,697.8331909179688,70.5293960571289,83.35772705078125,0.7502423524856567,1,21,-1
103,194,787.7619018554688,536.2479858398438,99.08721923828125,102.31024169921875,0.5590711832046509,1,21,-1
104,188,21.195823669433594,697.6785278320312,69.66635131835938,82.86273193359375,0.7371655702590942,1,21,-1
104,194,777.14306640625,537.501708984375,100.15155029296875,100.05828857421875,0.6898072361946106,1,21,-1
105,188,0.9417818784713745,697.3001708984375,67.80677795410156,85.2398681640625,0.6453602313995361,1,21,-1
105,194,765.7544555664062,535.293701171875,101.41619873046875,103.206298828125,0.7254065275192261,1,21,-1
106,194,754.555419921875,535.1947021484375,102.84429931640625,104.78076171875,0.7589049935340881,1,21,-1
107,194,744.9026489257812,533.828369140625,101.17413330078125,106.42974853515625,0.6847566366195679,1,21,-1
108,194,734.6397705078125,534.7265014648438,100.53070068359375,105.54888916015625,0.7469522953033447,1,21,-1
109,194,722.9947509765625,534.61376953125,102.49688720703125,106.5579833984375,0.7672063112258911,1,21,-1
110,194,711.5999755859375,535.8421020507812,103.8895263671875,106.86151123046875,0.8131694197654724,1,21,-1
111,194,702.0748291015625,535.4046020507812,101.99908447265625,107.33099365234375,0.7482956647872925,1,21,-1
112,194,691.679931640625,533.7298583984375,101.56756591796875,109.0294189453125,0.7806758284568787,1,21,-1
113,194,679.954833984375,534.4740600585938,104.06524658203125,107.75628662109375,0.6730210781097412,1,21,-1
114,194,668.0911254882812,534.617919921875,104.56903076171875,108.42279052734375,0.803382396697998,1,21,-1
115,194,656.7928466796875,536.0451049804688,106.55767822265625,106.94677734375,0.5254518389701843,1,21,-1
117,194,634.1608276367188,535.2984008789062,107.11767578125,108.98895263671875,0.6541941165924072,1,21,-1
118,194,623.5505981445312,533.5737915039062,106.2115478515625,110.4044189453125,0.7770800590515137,1,21,-1
119,194,611.4052734375,533.7835693359375,107.7056884765625,110.83038330078125,0.722807765007019,1,21,-1
120,194,600.6550903320312,532.8724365234375,107.0506591796875,112.15667724609375,0.6496521830558777,1,21,-1
121,194,588.2852783203125,534.6538696289062,108.24932861328125,110.52288818359375,0.5102843642234802,1,21,-1
122,194,576.8176879882812,534.4286499023438,108.77520751953125,109.7552490234375,0.7171546220779419,1,21,-1
123,194,565.2952270507812,534.7619018554688,109.33612060546875,109.39105224609375,0.5939653515815735,1,21,-1
127,194,517.9518432617188,531.9845581054688,110.7275390625,113.62042236328125,0.5116829872131348,1,21,-1
131,194,466.4698791503906,529.6237182617188,116.87911987304688,117.460205078125,0.6246757507324219,1,21,-1
137,194,391.4180908203125,533.0042724609375,117.56646728515625,115.88568115234375,0.5257580876350403,1,21,-1
