110,467,0.00013777775166090578,2.801675319671631,811.63818359375,543.2669677734375,0.5998809337615967,1,18,-1
112,467,0.060419436544179916,2.879194974899292,811.900146484375,550.18212890625,0.5520669221878052,1,18,-1
113,467,0.5702865123748779,3.0000784397125244,811.305419921875,560.7648315429688,0.585833728313446,1,18,-1
114,467,0.6534713506698608,2.2863497734069824,812.3673095703125,577.0560913085938,0.5609628558158875,1,18,-1
115,467,0.8916590809822083,2.0593347549438477,810.388427734375,570.5325317382812,0.575669527053833,1,18,-1
116,467,0.9929184317588806,2.540290355682373,809.2373657226562,562.4354248046875,0.5577248334884644,1,18,-1
117,467,1.0544642210006714,2.6918561458587646,806.9057006835938,552.2920532226562,0.6187784075737,1,18,-1
118,467,1.081960916519165,3.0459866523742676,807.4188842773438,553.7916870117188,0.5616663694381714,1,18,-1
119,467,1.1293443441390991,3.022582530975342,807.3870849609375,564.4757690429688,0.5228200554847717,1,18,-1
122,467,0.3491651117801666,4.024852752685547,805.1452026367188,607.7200317382812,0.5006899833679199,1,18,-1
124,467,0.0,4.794172286987305,800.2208251953125,576.7960205078125,0.5434752702713013,1,18,-1
125,467,0.0,5.0274200439453125,796.7615966796875,571.0494384765625,0.5749017596244812,1,18,-1
126,467,0.0,5.42349100112915,789.1537475585938,559.8056030273438,0.6306787133216858,1,18,-1
127,467,0.17501084506511688,5.539921283721924,793.647216796875,568.9918823242188,0.6135975122451782,1,18,-1
128,467,0.0,5.426136016845703,798.4688110351562,576.5747680664062,0.627433717250824,1,18,-1
129,467,0.12717804312705994,5.764816761016846,803.4226684570312,577.2481079101562,0.6180465221405029,1,18,-1
130,467,0.0,6.140509128570557,799.0017700195312,579.828857421875,0.5731509923934937,1,18,-1
131,467,0.0,6.525125026702881,793.4170532226562,579.8228149414062,0.5620067715644836,1,18,-1
133,467,0.0,6.5906291007995605,795.395263671875,584.1473388671875,0.572896420955658,1,18,-1
134,467,0.0,6.559201717376709,795.0836791992188,580.0883178710938,0.5704082250595093,1,18,-1
135,467,0.0,5.809693813323975,794.0699462890625,576.8997802734375,0.5902523398399353,1,18,-1
136,467,0.0,5.716763973236084,802.1158447265625,573.1721801757812,0.6496114134788513,1,18,-1
137,467,0.0,5.168640613555908,802.8271484375,570.874267578125,0.633249044418335,1,18,-1
138,467,0.0,5.32869291305542,801.060791015625,578.1493530273438,0.5946817994117737,1,18,-1
139,467,0.13329806923866272,4.879463195800781,797.720703125,588.8258056640625,0.5865246653556824,1,18,-1
141,467,0.12249676883220673,6.088912010192871,803.8768920898438,583.217041015625,0.5351046323776245,1,18,-1
142,467,0.05173005908727646,7.211113929748535,806.1698608398438,576.0635986328125,0.669136643409729,1,18,-1
143,467,0.0,7.366471767425537,805.3270874023438,572.53369140625,0.6739059090614319,1,18,-1
144,467,0.0,8.020880699157715,808.266845703125,569.4790649414062,0.7058917284011841,1,18,-1
145,467,0.0,8.400772094726562,805.0489501953125,568.0997924804688,0.6922465562820435,1,18,-1
146,467,0.0,9.012788772583008,807.6925659179688,566.7976684570312,0.6464092135429382,1,18,-1
147,467,0.1515878587961197,8.475570678710938,807.071044921875,569.1122436523438,0.6507601141929626,1,18,-1
148,467,0.1445523351430893,8.332255363464355,802.0888671875,567.55419921875,0.6050142049789429,1,18,-1
149,467,0.3920069932937622,10.305102348327637,800.0794677734375,564.1473388671875,0.5786035656929016,1,18,-1
150,467,0.41992759704589844,14.708534240722656,801.9347534179688,559.5599365234375,0.6390788555145264,1,18,-1
167,467,0.0,103.21629333496094,796.508056640625,509.3741455078125,0.5415035486221313,1,18,-1
170,467,0.0,124.25862121582031,793.06982421875,480.53887939453125,0.5695664882659912,1,18,-1
172,467,0.0,136.9293975830078,789.955078125,461.02899169921875,0.6704580783843994,1,18,-1
173,467,0.0,153.36338806152344,783.4520874023438,446.26361083984375,0.57894366979599,1,18,-1
174,467,0.0,167.5017852783203,775.5602416992188,435.89141845703125,0.5494996905326843,1,18,-1
175,467,0.0,182.89161682128906,778.407470703125,413.865234375,0.5921127796173096,1,18,-1
185,470,1253.505615234375,162.91275024414062,130.7152099609375,144.39663696289062,0.6836696863174438,1,21,-1
186,470,1249.4544677734375,160.0733184814453,132.2470703125,145.6136932373047,0.666115939617157,1,21,-1
187,470,1245.691650390625,159.5118408203125,132.8302001953125,144.45782470703125,0.5342278480529785,1,21,-1
188,470,1242.127685546875,157.45571899414062,132.783935546875,145.07208251953125,0.5694088935852051,1,21,-1
189,470,1238.60791015625,157.57977294921875,131.8145751953125,144.23336791992188,0.6466395854949951,1,21,-1
190,470,1235.02734375,155.58604431152344,133.27294921875,145.85072326660156,0.6131555438041687,1,21,-1
191,470,1232.3037109375,153.4156951904297,133.5792236328125,147.4038543701172,0.6752760410308838,1,21,-1
193,470,1227.5396728515625,148.64524841308594,134.6044921875,150.5572052001953,0.5199345946311951,1,21,-1
194,470,1226.07861328125,144.8535919189453,134.24365234375,153.3505096435547,0.5275154709815979,1,21,-1
195,470,1224.9998779296875,142.34580993652344,133.1851806640625,154.48423767089844,0.64346843957901,1,21,-1
203,470,1211.790283203125,120.85882568359375,137.696533203125,159.6160888671875,0.5801545977592468,1,21,-1
204,470,1208.9105224609375,117.49020385742188,138.78857421875,160.0272216796875,0.6286808252334595,1,21,-1
207,470,1205.2237548828125,107.44696044921875,141.846923828125,161.59317016601562,0.6319820880889893,1,21,-1
208,470,1203.951416015625,105.0869369506836,142.311279296875,161.1356201171875,0.6107977032661438,1,21,-1
209,470,1203.283447265625,98.65229034423828,143.044189453125,164.7027587890625,0.718742311000824,1,21,-1
210,470,1203.0767822265625,93.66712188720703,142.9276123046875,166.28079223632812,0.7306550145149231,1,21,-1
213,470,1201.22265625,79.35331726074219,145.2362060546875,165.9120635986328,0.6131747961044312,1,21,-1
214,470,1200.693359375,74.07182312011719,146.0125732421875,166.54327392578125,0.6676851511001587,1,21,-1
215,470,1201.0933837890625,69.5008773803711,146.4312744140625,167.30233764648438,0.6877269148826599,1,21,-1
216,470,1200.978271484375,65.57941436767578,146.958251953125,166.94610595703125,0.5966961979866028,1,21,-1
217,470,1201.3751220703125,59.29446029663086,145.724609375,167.95663452148438,0.6474629044532776,1,21,-1
218,470,1201.69384765625,53.35112762451172,146.03759765625,168.74005126953125,0.750813364982605,1,21,-1
219,470,1202.203125,47.94341278076172,146.529052734375,170.00442504882812,0.8721448183059692,1,21,-1
220,470,1201.554443359375,44.72890090942383,147.9927978515625,169.1374969482422,0.8785566091537476,1,21,-1
221,470,1201.3896484375,37.27815246582031,148.3157958984375,171.02175903320312,0.7642244696617126,1,21,-1
222,470,1202.115478515625,31.010435104370117,149.249755859375,168.9561004638672,0.8335692286491394,1,21,-1
223,470,1202.2015380859375,24.581300735473633,151.44189453125,170.0181427001953,0.8621493577957153,1,21,-1
224,470,1202.965087890625,17.297813415527344,152.97412109375,173.0108642578125,0.7524537444114685,1,21,-1
225,470,1202.2459716796875,8.674779891967773,154.438720703125,177.50942993164062,0.6279242038726807,1,21,-1
226,470,1201.6812744140625,7.023515224456787,154.906982421875,172.56324768066406,0.6788434386253357,1,21,-1
227,470,1201.8631591796875,1.942341923713684,152.451171875,173.1866455078125,0.6481140851974487,1,21,-1
