273,100,936.0364379882812,170.78909301757812,139.86431884765625,168.09033203125,0.8074215054512024,1,21,-1
274,100,934.52294921875,169.62147521972656,139.8079833984375,169.81105041503906,0.7459858059883118,1,21,-1
275,100,933.4559936523438,168.3614044189453,140.35321044921875,170.94493103027344,0.7422106266021729,1,21,-1
276,100,932.2613525390625,167.81922912597656,141.43359375,170.55186462402344,0.7045535445213318,1,21,-1
277,100,930.6896362304688,166.9694366455078,141.88275146484375,169.63551330566406,0.6400845646858215,1,21,-1
287,100,919.5798950195312,155.26339721679688,143.66461181640625,174.412841796875,0.7045446038246155,1,21,-1
288,100,917.6605834960938,154.12930297851562,144.92401123046875,173.98342895507812,0.6779878735542297,1,21,-1
289,100,915.855712890625,152.80099487304688,145.3182373046875,174.83236694335938,0.7464250326156616,1,21,-1
290,100,914.3827514648438,152.4124298095703,145.26214599609375,173.4933624267578,0.7706665992736816,1,21,-1
291,100,914.0738525390625,151.40890502929688,144.4222412109375,173.50479125976562,0.7375696301460266,1,21,-1
292,100,913.6873779296875,149.71534729003906,143.4471435546875,173.03318786621094,0.7684533596038818,1,21,-1
293,100,912.0883178710938,148.45166015625,143.75103759765625,173.12564086914062,0.7208499908447266,1,21,-1
294,100,911.7656860351562,146.8821258544922,143.24920654296875,174.30943298339844,0.782310426235199,1,21,-1
295,100,911.5115356445312,145.59068298339844,142.45123291015625,174.9834747314453,0.8654267191886902,1,21,-1
296,100,910.3880004882812,144.654296875,142.44598388671875,175.06939697265625,0.8669571280479431,1,21,-1
297,100,908.1845092773438,143.7456817626953,144.16717529296875,175.8126983642578,0.8823416233062744,1,21,-1
298,100,906.0062866210938,143.05958557128906,144.58221435546875,175.9928741455078,0.8843863606452942,1,21,-1
299,100,904.311767578125,141.73118591308594,145.951904296875,175.9019012451172,0.9168134331703186,1,21,-1
300,100,902.8372192382812,140.8202362060547,146.45135498046875,175.6077117919922,0.8815054893493652,1,21,-1
301,100,901.649169921875,140.03680419921875,146.82421875,176.36026000976562,0.809919536113739,1,21,-1
302,100,900.2984619140625,139.78201293945312,146.792236328125,176.07632446289062,0.8962695598602295,1,21,-1
303,100,898.4639282226562,139.36061096191406,147.75665283203125,175.30442810058594,0.8627094626426697,1,21,-1
304,100,896.5244140625,138.6746368408203,148.2427978515625,175.33775329589844,0.8492181897163391,1,21,-1
305,100,893.5108642578125,138.37564086914062,148.779296875,175.68685913085938,0.826278805732727,1,21,-1
306,100,890.81884765625,138.40858459472656,146.10888671875,174.5123748779297,0.8137980103492737,1,21,-1
307,100,889.1309204101562,137.58169555664062,144.36358642578125,175.05087280273438,0.7595540881156921,1,21,-1
308,100,886.7308349609375,136.37814331054688,143.127197265625,175.84127807617188,0.7490660548210144,1,21,-1
309,100,883.10107421875,134.9485321044922,144.1817626953125,176.45741271972656,0.7608566880226135,1,21,-1
310,100,879.4874267578125,134.06976318359375,144.0133056640625,176.60003662109375,0.7886924147605896,1,21,-1
311,100,876.44091796875,132.4412078857422,144.5203857421875,176.66151428222656,0.8255794644355774,1,21,-1
312,100,873.749267578125,130.63162231445312,144.3597412109375,175.45901489257812,0.7202754616737366,1,21,-1
313,100,870.0836791992188,129.68621826171875,146.44769287109375,176.63131713867188,0.5563835501670837,1,21,-1
314,100,867.9501342773438,127.51542663574219,145.2962646484375,175.70668029785156,0.7842943668365479,1,21,-1
315,100,866.2406005859375,125.3322982788086,143.4468994140625,175.41363525390625,0.5885679125785828,1,21,-1
317,100,862.2722778320312,120.861083984375,142.372314453125,176.1011962890625,0.6031318306922913,1,21,-1
326,100,841.5136108398438,111.41171264648438,144.548583984375,174.920166015625,0.5814629793167114,1,21,-1
327,100,840.4989013671875,111.64833068847656,142.4017333984375,174.2340545654297,0.6663933396339417,1,21,-1
328,100,838.0250244140625,111.26654052734375,142.526123046875,174.800537109375,0.5211353302001953,1,21,-1
329,100,835.5438842773438,111.33460998535156,141.4989013671875,175.05628967285156,0.6356989145278931,1,21,-1
330,100,832.172119140625,111.22024536132812,142.4744873046875,176.02557373046875,0.6042591333389282,1,21,-1
331,100,828.5230102539062,111.53516387939453,145.00701904296875,176.78665161132812,0.5412163138389587,1,21,-1
336,100,816.9990844726562,115.8956298828125,144.7327880859375,174.08441162109375,0.5607290863990784,1,21,-1
337,100,814.7799072265625,116.06620025634766,144.02581787109375,175.34942626953125,0.5044547319412231,1,21,-1
339,100,809.522216796875,119.04312133789062,145.8057861328125,176.61282348632812,0.6652162075042725,1,21,-1
341,100,805.4290771484375,122.39795684814453,146.76531982421875,177.74984741210938,0.7199594974517822,1,21,-1
342,100,805.7952270507812,126.5576400756836,144.37506103515625,175.3406982421875,0.8485356569290161,1,21,-1
343,100,803.9882202148438,129.56532287597656,144.44903564453125,174.3867645263672,0.8706448078155518,1,21,-1
344,100,803.6188354492188,131.72337341308594,143.959716796875,175.57286071777344,0.8742333054542542,1,21,-1
345,100,802.5814819335938,134.83059692382812,144.63055419921875,175.28945922851562,0.8914673328399658,1,21,-1
346,100,801.58642578125,136.17210388183594,144.32476806640625,176.22853088378906,0.8331393003463745,1,21,-1
347,100,800.6817016601562,138.83328247070312,143.329345703125,175.06716918945312,0.847025990486145,1,21,-1
348,100,800.5570678710938,140.94464111328125,140.02392578125,175.15829467773438,0.8150641918182373,1,21,-1
349,100,799.1275024414062,142.74136352539062,139.57330322265625,175.4407958984375,0.7837986350059509,1,21,-1
350,100,798.2921752929688,144.59298706054688,139.018310546875,177.449462890625,0.8169665336608887,1,21,-1
351,100,797.3854370117188,146.12237548828125,139.19189453125,178.282958984375,0.725894033908844,1,21,-1
352,100,796.6326293945312,149.0453338623047,137.96832275390625,176.8148956298828,0.7798431515693665,1,21,-1
353,100,796.1885986328125,151.98667907714844,137.30908203125,175.32691955566406,0.7255070209503174,1,21,-1
354,100,794.856689453125,155.65806579589844,136.51123046875,174.1939239501953,0.7693840861320496,1,21,-1
355,100,793.4605712890625,157.81800842285156,135.73828125,174.03932189941406,0.7563324570655823,1,21,-1
356,100,792.061767578125,159.40780639648438,135.0791015625,174.07693481445312,0.791059672832489,1,21,-1
357,100,789.8304443359375,160.18409729003906,135.46075439453125,174.59800720214844,0.787125825881958,1,21,-1
358,100,786.0908203125,162.86207580566406,137.42633056640625,172.82252502441406,0.6679367423057556,1,21,-1
359,100,783.305908203125,164.97027587890625,138.8162841796875,171.23370361328125,0.6462912559509277,1,21,-1
360,100,780.7298583984375,165.25439453125,138.24493408203125,171.45516967773438,0.589190661907196,1,21,-1
361,100,778.548095703125,166.04624938964844,136.5689697265625,170.7346649169922,0.7863233089447021,1,21,-1
362,100,774.8880615234375,166.8294677734375,136.7705078125,170.84829711914062,0.8768810629844666,1,21,-1
363,100,772.810546875,167.97012329101562,136.59771728515625,170.79135131835938,0.8090864419937134,1,21,-1
364,100,770.58251953125,169.40830993652344,135.550537109375,171.08070373535156,0.8514882922172546,1,21,-1
365,100,768.6483764648438,171.4128875732422,134.9072265625,170.5236358642578,0.8723782896995544,1,21,-1
366,100,766.0419921875,172.9276123046875,135.2598876953125,170.24130249023438,0.8636760115623474,1,21,-1
367,100,763.3431396484375,174.84127807617188,136.1279296875,170.08615112304688,0.8754903674125671,1,21,-1
368,100,761.6503295898438,176.30026245117188,135.1177978515625,170.24423217773438,0.8331465721130371,1,21,-1
369,100,760.173583984375,178.21742248535156,134.08441162109375,170.3288116455078,0.8236514329910278,1,21,-1
370,100,759.0723266601562,181.25526428222656,133.150146484375,168.02381896972656,0.7963000535964966,1,21,-1
371,100,757.027099609375,183.84231567382812,132.27386474609375,168.15914916992188,0.8171318173408508,1,21,-1
372,100,755.9998779296875,185.12147521972656,132.76849365234375,168.8663787841797,0.7824031114578247,1,21,-1
373,100,754.7875366210938,187.2019805908203,132.3248291015625,168.75682067871094,0.8569972515106201,1,21,-1
374,100,753.67822265625,188.77000427246094,133.357421875,169.8656768798828,0.832744300365448,1,21,-1
375,100,753.1221923828125,191.3480682373047,131.97674560546875,169.85545349121094,0.8346643447875977,1,21,-1
376,100,752.6204833984375,193.49374389648438,132.12591552734375,169.4373779296875,0.646463930606842,1,21,-1
377,100,750.9844970703125,197.57391357421875,132.03863525390625,168.81768798828125,0.6398705244064331,1,21,-1
378,100,750.7459106445312,200.35147094726562,131.82659912109375,169.0030517578125,0.5208331346511841,1,21,-1
380,100,749.1224365234375,208.43345642089844,130.19403076171875,167.4817657470703,0.6199828386306763,1,21,-1
386,100,739.0562744140625,234.3984375,127.976806640625,161.67245483398438,0.7149099707603455,1,21,-1
387,100,737.2780151367188,238.20594787597656,127.78912353515625,162.9721221923828,0.8230701684951782,1,21,-1
388,100,734.6582641601562,241.52357482910156,129.55267333984375,165.34266662597656,0.8223572969436646,1,21,-1
389,100,732.8875122070312,246.4170379638672,129.392333984375,163.54835510253906,0.7534911036491394,1,21,-1
390,100,732.6128540039062,250.39517211914062,128.90020751953125,162.92074584960938,0.638525664806366,1,21,-1
391,100,731.021240234375,254.4268798828125,129.09259033203125,164.41171264648438,0.7412897348403931,1,21,-1
392,100,729.6671142578125,259.2497863769531,128.30804443359375,163.3699951171875,0.6547287106513977,1,21,-1
393,100,727.6070556640625,261.5563659667969,129.5614013671875,165.03134155273438,0.7852284908294678,1,21,-1
394,100,726.367431640625,264.14678955078125,129.7366943359375,165.99554443359375,0.7465562224388123,1,21,-1
395,100,725.4104614257812,268.4603576660156,129.80615234375,163.83880615234375,0.7114214301109314,1,21,-1
396,102,1.185316562652588,802.39892578125,181.60031127929688,273.14697265625,0.5351653099060059,1,23,-1
397,102,0.19800931215286255,806.6380615234375,175.67919921875,269.447021484375,0.6250767707824707,1,23,-1
397,100,723.7770385742188,274.72186279296875,128.1851806640625,162.65762329101562,0.6658995747566223,1,21,-1
398,102,0.05986807122826576,810.2608642578125,169.11534118652344,264.9700927734375,0.6248412132263184,1,23,-1
398,100,721.7401733398438,277.5059814453125,127.8037109375,162.40228271484375,0.5457562208175659,1,21,-1
399,102,0.09736665338277817,814.3861694335938,162.3991241455078,260.34320068359375,0.5079177021980286,1,23,-1
399,100,720.935302734375,279.67279052734375,126.426513671875,161.85397338867188,0.7101173996925354,1,21,-1
401,100,717.87890625,284.252685546875,123.9554443359375,161.83389282226562,0.719753086566925,1,21,-1
402,100,715.7655639648438,284.6279296875,124.5604248046875,163.27484130859375,0.7777780890464783,1,21,-1
403,100,713.5902709960938,285.9971618652344,125.57135009765625,161.92236328125,0.8110688924789429,1,21,-1
404,100,712.7389526367188,286.4393310546875,124.825439453125,161.53424072265625,0.7751439213752747,1,21,-1
405,100,712.3545532226562,286.9512023925781,124.9100341796875,163.53659057617188,0.7313722968101501,1,21,-1
406,100,710.7429809570312,287.75274658203125,124.88092041015625,163.24447631835938,0.7799660563468933,1,21,-1
407,100,710.18310546875,288.7259521484375,124.0712890625,161.90045166015625,0.7114089727401733,1,21,-1
408,100,709.0205078125,289.18914794921875,124.25457763671875,159.92068481445312,0.6826741695404053,1,21,-1
409,100,707.9794921875,288.7547912597656,123.04278564453125,161.52877807617188,0.6164073944091797,1,21,-1
410,100,707.0083618164062,288.6323547363281,124.0498046875,163.22232055664062,0.7761636972427368,1,21,-1
411,100,705.9865112304688,288.6478576660156,123.0853271484375,162.33184814453125,0.6846615076065063,1,21,-1
412,100,704.492431640625,288.1534729003906,122.91278076171875,162.44403076171875,0.6409148573875427,1,21,-1
413,100,703.9512939453125,287.2831726074219,122.925048828125,161.1724853515625,0.6865646243095398,1,21,-1
414,100,703.7489013671875,286.2510681152344,122.03717041015625,160.93487548828125,0.6907892823219299,1,21,-1
415,100,703.2836303710938,285.9956970214844,121.49676513671875,161.77633666992188,0.5764176249504089,1,21,-1
416,100,702.3936157226562,286.3088073730469,120.62158203125,160.6778564453125,0.6553827524185181,1,21,-1
417,100,700.5581665039062,285.8847961425781,121.03515625,161.29574584960938,0.7296159267425537,1,21,-1
418,100,698.9634399414062,285.7146301269531,119.63812255859375,158.95010375976562,0.6858512163162231,1,21,-1
419,100,698.7828979492188,285.2120666503906,118.784912109375,159.26931762695312,0.7341710925102234,1,21,-1
420,100,698.0032348632812,285.6633605957031,118.3406982421875,158.73226928710938,0.6745596528053284,1,21,-1
421,100,695.8290405273438,284.66796875,120.04510498046875,159.73324584960938,0.5084401965141296,1,21,-1
422,100,692.8065185546875,284.7191467285156,121.03570556640625,158.55599975585938,0.7416720390319824,1,21,-1
423,100,691.2255249023438,284.9107971191406,122.69171142578125,159.25421142578125,0.7308911085128784,1,21,-1
424,100,688.5595092773438,284.5247497558594,123.4234619140625,159.62765502929688,0.6894835233688354,1,21,-1
425,100,687.6251831054688,285.3595886230469,122.60205078125,157.46160888671875,0.692834198474884,1,21,-1
431,100,637.490234375,286.6958923339844,126.8990478515625,161.86679077148438,0.6044146418571472,1,21,-1
432,100,633.6903076171875,288.044921875,128.11895751953125,164.25213623046875,0.7480345964431763,1,21,-1
433,100,632.9390258789062,291.1728210449219,129.06060791015625,164.67498779296875,0.6858679056167603,1,21,-1
447,100,617.7572631835938,292.5890197753906,128.09576416015625,164.79583740234375,0.6518616676330566,1,21,-1
448,100,616.5000610351562,287.8810119628906,128.99139404296875,166.2679443359375,0.7928571701049805,1,21,-1
449,100,616.2015991210938,283.7561950683594,128.2158203125,164.9837646484375,0.6501109004020691,1,21,-1
458,100,608.4883422851562,238.73675537109375,131.33526611328125,168.52569580078125,0.5559560656547546,1,21,-1
459,100,608.3194580078125,236.10989379882812,131.27935791015625,165.50115966796875,0.6141438484191895,1,21,-1
471,100,592.5104370117188,189.24514770507812,129.836181640625,172.88671875,0.5083431601524353,1,21,-1
472,100,589.9456787109375,187.8651885986328,130.67816162109375,171.80372619628906,0.831011950969696,1,21,-1
473,100,588.670166015625,185.8863983154297,130.46234130859375,172.41249084472656,0.8161957263946533,1,21,-1
474,100,587.3716430664062,184.35052490234375,131.21240234375,170.93954467773438,0.8623448610305786,1,21,-1
475,100,585.150634765625,183.80609130859375,131.963134765625,170.38723754882812,0.8481416702270508,1,21,-1
476,100,582.8762817382812,184.3255615234375,132.75531005859375,169.32147216796875,0.8318393230438232,1,21,-1
477,100,581.9837646484375,182.9512481689453,131.73736572265625,170.31532287597656,0.7736126184463501,1,21,-1
478,100,580.0579223632812,182.19284057617188,132.67584228515625,170.2589111328125,0.8620173335075378,1,21,-1
479,100,579.2174682617188,181.38475036621094,132.806884765625,170.50086975097656,0.7967329621315002,1,21,-1
480,100,578.0313720703125,180.4253692626953,133.17578125,172.27159118652344,0.7963907122612,1,21,-1
481,100,576.7008666992188,179.91490173339844,134.6451416015625,173.4399871826172,0.8121976256370544,1,21,-1
482,100,576.473388671875,179.22848510742188,133.49957275390625,174.54269409179688,0.7361005544662476,1,21,-1
