15,805,291.92333984375,0.965140700340271,172.87753295898438,87.86437225341797,0.5317320227622986,1,9,-1
16,805,291.2616882324219,1.018880009651184,175.20523071289062,88.66676330566406,0.5503010153770447,1,9,-1
17,805,297.6580505371094,1.4791055917739868,169.4427490234375,86.18233489990234,0.5415503978729248,1,9,-1
19,805,299.3787536621094,1.1793904304504395,173.4703369140625,86.2734146118164,0.5550049543380737,1,9,-1
23,805,313.9645690917969,0.789612889289856,171.68841552734375,91.00139617919922,0.5452131628990173,1,9,-1
26,805,330.35809326171875,1.2189515829086304,163.53424072265625,91.7439193725586,0.6006860136985779,1,9,-1
28,805,338.2057800292969,0.802727222442627,161.37155151367188,93.25882720947266,0.5933260321617126,1,9,-1
32,805,347.7777404785156,1.08717942237854,163.023193359375,94.12855529785156,0.5232131481170654,1,9,-1
155,806,0.8029201030731201,0.4465601444244385,378.5109558105469,1071.5032958984375,0.5240373015403748,1,9,-1
156,806,0.5572060942649841,0.3942171633243561,377.697021484375,1071.4803466796875,0.639706552028656,1,9,-1
157,806,1.007002830505371,0.5665740370750427,380.5020751953125,1068.9462890625,0.6901427507400513,1,9,-1
158,806,1.1652162075042725,0.6645032167434692,382.83380126953125,1067.2445068359375,0.7169816493988037,1,9,-1
159,806,0.775829017162323,0.43514516949653625,390.0390319824219,1067.4500732421875,0.7068572044372559,1,9,-1
160,806,0.9682515859603882,0.509515643119812,398.43585205078125,1066.48095703125,0.6227991580963135,1,9,-1
161,806,1.2052916288375854,0.6838259100914001,402.4278869628906,1065.7279052734375,0.663392186164856,1,9,-1
162,806,0.980270266532898,1.112074613571167,408.6498107910156,1065.937255859375,0.6432755589485168,1,9,-1
163,806,1.022452712059021,1.5046764612197876,412.6263732910156,1066.0281982421875,0.6507692337036133,1,9,-1
164,806,1.0096323490142822,1.9194868803024292,422.4527282714844,1066.047607421875,0.6182250380516052,1,9,-1
165,806,0.980152428150177,1.7949771881103516,429.17645263671875,1066.73486328125,0.5987922549247742,1,9,-1
166,806,1.0721427202224731,1.248163104057312,434.9989318847656,1067.6397705078125,0.5852950811386108,1,9,-1
167,806,1.0127475261688232,1.0915592908859253,441.41748046875,1068.817626953125,0.5582359433174133,1,9,-1
168,806,1.087060570716858,1.196057915687561,449.0526123046875,1069.178466796875,0.5185635685920715,1,9,-1
397,808,1578.553955078125,714.3375854492188,155.724853515625,365.04876708984375,0.6068609356880188,1,23,-1
398,808,1582.3533935546875,721.385009765625,152.9132080078125,358.614990234375,0.5195025205612183,1,7,-1
399,808,1584.37939453125,730.3990478515625,153.253662109375,349.6009521484375,0.6076759099960327,1,7,-1
400,808,1584.7154541015625,737.5479736328125,155.0916748046875,342.4520263671875,0.6144534349441528,1,7,-1
401,808,1586.3289794921875,743.6365356445312,154.434326171875,336.36346435546875,0.5709972381591797,1,7,-1
402,808,1589.2181396484375,751.2203979492188,150.8060302734375,327.17889404296875,0.6535682082176208,1,7,-1
403,808,1590.296142578125,758.321533203125,150.9324951171875,318.801025390625,0.6751464605331421,1,7,-1
404,808,1591.5657958984375,765.4429321289062,150.125244140625,311.05364990234375,0.6619204878807068,1,7,-1
405,808,1591.834716796875,774.9342651367188,150.052001953125,301.99725341796875,0.6657641530036926,1,7,-1
406,808,1594.070068359375,782.8134155273438,147.99609375,295.37957763671875,0.5265614986419678,1,7,-1
407,808,1595.4716796875,789.5328369140625,145.76123046875,287.9617919921875,0.5580499768257141,1,7,-1
408,808,1596.074951171875,798.601806640625,145.5225830078125,277.21630859375,0.60050368309021,1,7,-1
409,808,1596.776611328125,806.713623046875,146.3818359375,268.557861328125,0.6340284943580627,1,7,-1
410,808,1599.0799560546875,814.2504272460938,144.5782470703125,258.14349365234375,0.6379489898681641,1,7,-1
411,808,1598.8497314453125,825.2061767578125,146.7723388671875,245.2548828125,0.5516230463981628,1,7,-1
412,808,1600.25927734375,833.1328735351562,147.1678466796875,236.92205810546875,0.5011820793151855,1,7,-1
413,808,1601.85302734375,839.5107421875,148.0782470703125,231.0057373046875,0.6716752052307129,1,7,-1
414,808,1604.4532470703125,847.1669311523438,148.830078125,225.36309814453125,0.6608278155326843,1,7,-1
415,808,1608.219970703125,856.3489990234375,146.3538818359375,218.9456787109375,0.5635325312614441,1,7,-1
416,808,1612.001953125,864.4443969726562,144.7088623046875,212.88714599609375,0.5816964507102966,1,7,-1
417,808,1616.1396484375,873.0383911132812,142.9169921875,205.10479736328125,0.840804398059845,1,23,-1
418,808,1618.4246826171875,880.9141235351562,143.9842529296875,197.16827392578125,0.8522777557373047,1,23,-1
419,808,1624.0338134765625,887.5399169921875,142.0770263671875,190.8216552734375,0.8521416187286377,1,23,-1
420,808,1629.8984375,895.3165283203125,141.9483642578125,183.6357421875,0.836575448513031,1,23,-1
421,808,1634.2852783203125,902.5213012695312,142.0423583984375,176.70806884765625,0.8354966640472412,1,23,-1
422,808,1639.71923828125,908.8123779296875,142.5450439453125,170.044921875,0.8247752785682678,1,23,-1
423,808,1643.5035400390625,915.9581909179688,143.5137939453125,163.03302001953125,0.8317136168479919,1,23,-1
424,808,1648.613037109375,923.6119384765625,142.480712890625,155.200927734375,0.8208680152893066,1,23,-1
425,808,1654.3642578125,928.0989990234375,142.129638671875,150.6444091796875,0.8320004343986511,1,23,-1
426,808,1658.3482666015625,930.0972290039062,142.08544921875,148.71685791015625,0.7983246445655823,1,23,-1
427,808,1663.8165283203125,934.1859130859375,141.90283203125,144.601318359375,0.800724983215332,1,23,-1
428,808,1669.1495361328125,938.7020263671875,141.677490234375,140.005859375,0.7971568703651428,1,23,-1
429,808,1675.3662109375,941.7711181640625,140.8209228515625,136.5108642578125,0.7916109561920166,1,23,-1
430,808,1680.46826171875,945.8792114257812,141.9478759765625,132.54302978515625,0.7813705205917358,1,23,-1
431,808,1684.2962646484375,949.2036743164062,143.6678466796875,129.23004150390625,0.7863166332244873,1,23,-1
432,808,1689.7005615234375,950.8386840820312,144.3878173828125,127.62274169921875,0.8079172968864441,1,23,-1
433,808,1694.4805908203125,952.0856323242188,144.484619140625,126.44549560546875,0.8098248243331909,1,23,-1
434,808,1699.262939453125,952.1004638671875,145.302734375,126.4949951171875,0.7850399613380432,1,23,-1
435,808,1704.292236328125,952.5971069335938,147.173828125,126.06048583984375,0.7717280983924866,1,23,-1
436,808,1710.687255859375,953.77490234375,147.9737548828125,125.015869140625,0.7938244342803955,1,23,-1
437,808,1717.62060546875,956.171630859375,145.5098876953125,122.856201171875,0.7962427735328674,1,23,-1
438,808,1724.1224365234375,957.2636108398438,145.3265380859375,121.84454345703125,0.7876124382019043,1,23,-1
439,808,1730.12646484375,959.013916015625,147.9461669921875,119.9427490234375,0.7820858955383301,1,23,-1
440,808,1736.1141357421875,960.840576171875,150.0751953125,118.274658203125,0.7711995840072632,1,23,-1
441,808,1742.18212890625,963.7407836914062,149.284912109375,115.57281494140625,0.7444390654563904,1,23,-1
442,808,1748.68408203125,967.1212158203125,150.654541015625,112.0609130859375,0.6321371793746948,1,23,-1
443,808,1755.3087158203125,970.9781494140625,152.698486328125,107.876220703125,0.5553073287010193,1,23,-1
