166,210,205.1418914794922,44.192752838134766,87.70765686035156,119.23916625976562,0.6715900301933289,1,1,-1
169,210,218.9346466064453,70.7345962524414,76.93147277832031,104.8187026977539,0.6088789105415344,1,1,-1
170,210,227.16322326660156,76.0420150756836,69.25987243652344,101.4278793334961,0.7488613128662109,1,1,-1
171,210,225.44351196289062,77.86809539794922,71.13092041015625,102.46089935302734,0.5825573801994324,1,1,-1
181,211,188.25341796875,54.00810241699219,121.38088989257812,121.32078552246094,0.7530914545059204,1,1,-1
185,211,174.8784637451172,52.55393981933594,109.57530212402344,126.08158874511719,0.5162913799285889,1,1,-1
203,211,50.703922271728516,15.203125,125.9722900390625,155.39820861816406,0.616314709186554,1,15,-1
204,211,30.39427375793457,7.220157146453857,138.49960327148438,163.7116241455078,0.7261747717857361,1,21,-1
205,211,17.80563735961914,4.3928375244140625,142.2240753173828,164.4429473876953,0.6819071769714355,1,21,-1
206,211,4.881236553192139,2.1867640018463135,145.72219848632812,162.6866912841797,0.5187551975250244,1,21,-1
207,211,1.4865548610687256,3.46675181388855,146.95599365234375,160.5726776123047,0.6648712158203125,1,21,-1
208,211,2.0202670097351074,3.1755764484405518,139.19017028808594,154.6598358154297,0.754683256149292,1,3,-1
209,211,2.422712564468384,5.1814775466918945,134.17770385742188,149.361083984375,0.7774583101272583,1,3,-1
210,211,0.0,9.530641555786133,122.55967712402344,138.2023468017578,0.7968802452087402,1,3,-1
211,211,0.0,13.395760536193848,114.6329116821289,132.65902709960938,0.7334088087081909,1,3,-1
220,213,870.8077392578125,950.455322265625,60.98822021484375,119.959716796875,0.585670530796051,1,23,-1
221,213,869.0046997070312,951.3140258789062,61.83953857421875,123.06671142578125,0.5739988684654236,1,23,-1
222,213,867.5133666992188,952.3408813476562,61.44677734375,122.14520263671875,0.5329374670982361,1,23,-1
