2,447,437.451171875,0.7579686045646667,524.9832153320312,647.783447265625,0.7495697736740112,1,0,-1
3,447,434.5014343261719,1.2155754566192627,532.689453125,648.6287231445312,0.7934182286262512,1,0,-1
4,447,429.17022705078125,0.0,534.3511962890625,640.1978149414062,0.797114908695221,1,0,-1
5,447,423.12689208984375,0.0,542.3491821289062,644.6572875976562,0.8634672164916992,1,0,-1
6,447,423.23187255859375,1.7388198375701904,543.075439453125,653.65771484375,0.8749761581420898,1,0,-1
7,447,420.61419677734375,0.1926516443490982,540.4044799804688,653.2178344726562,0.8922600746154785,1,0,-1
8,447,416.3111877441406,0.0,547.6820068359375,659.2166137695312,0.872412383556366,1,0,-1
9,447,415.5910949707031,0.0,555.342041015625,665.1400146484375,0.8228553533554077,1,0,-1
10,447,413.9125061035156,0.0,551.5791015625,662.441650390625,0.8892344236373901,1,0,-1
11,447,412.2463684082031,0.0,551.0982666015625,657.6981201171875,0.9003711938858032,1,0,-1
12,447,410.2759704589844,0.0,556.1439208984375,661.9823608398438,0.815609872341156,1,0,-1
13,447,404.8955993652344,0.0,564.89794921875,661.6734619140625,0.8747896552085876,1,0,-1
14,447,403.45745849609375,0.0,567.233154296875,660.8600463867188,0.8734548687934875,1,0,-1
15,447,403.0724182128906,0.3666934370994568,570.8746337890625,662.5459594726562,0.8317351341247559,1,0,-1
16,447,399.4040832519531,0.00526086799800396,568.9962158203125,665.7107543945312,0.8795350790023804,1,0,-1
17,447,396.6701354980469,1.4389252662658691,575.32666015625,663.2951049804688,0.8374423384666443,1,0,-1
18,447,394.3573913574219,0.02315695583820343,580.1781005859375,662.2059326171875,0.8768507242202759,1,0,-1
19,447,389.79595947265625,0.0,585.357177734375,663.9049682617188,0.851371169090271,1,0,-1
20,447,389.1901550292969,0.0,583.67529296875,663.7301025390625,0.8573811650276184,1,0,-1
21,447,384.55572509765625,0.0,588.099853515625,657.9183349609375,0.7496867179870605,1,0,-1
22,447,380.38946533203125,0.0,594.1431884765625,663.4241333007812,0.8204508423805237,1,0,-1
23,447,377.6521911621094,0.0,596.4788818359375,663.4857177734375,0.834240198135376,1,0,-1
24,447,377.7075500488281,0.0,591.9935302734375,657.9251708984375,0.8499142527580261,1,0,-1
25,447,375.7723388671875,0.0,593.0885620117188,652.5673217773438,0.8212957382202148,1,0,-1
26,447,370.3367614746094,0.4152499735355377,599.7568359375,653.5418090820312,0.7887498140335083,1,0,-1
27,447,369.3609313964844,0.0,594.539794921875,642.400634765625,0.8213700652122498,1,0,-1
28,447,368.681640625,1.4733885526657104,591.294677734375,632.3121337890625,0.8752981424331665,1,0,-1
29,447,369.3119812011719,0.0,594.6329345703125,634.0771484375,0.8227431178092957,1,0,-1
30,447,370.9210205078125,0.0,590.5287475585938,634.7988891601562,0.8570483922958374,1,0,-1
31,447,375.128173828125,0.0,583.1498413085938,627.9617309570312,0.8658387660980225,1,0,-1
32,447,372.6117248535156,0.0,585.68994140625,626.2085571289062,0.888336718082428,1,0,-1
33,447,368.9258117675781,0.0,589.093505859375,624.5470581054688,0.8632660508155823,1,0,-1
34,447,367.4981994628906,0.0,588.9466552734375,624.572021484375,0.859050452709198,1,0,-1
35,447,367.533447265625,0.0,587.75,622.6224975585938,0.7955013513565063,1,0,-1
36,447,366.04864501953125,0.0,586.3397827148438,621.8407592773438,0.8772082924842834,1,0,-1
37,447,367.1678771972656,0.0,587.554931640625,626.2704467773438,0.8432654142379761,1,0,-1
38,447,368.6638488769531,1.0875698328018188,585.8831787109375,623.196044921875,0.7758155465126038,1,0,-1
39,447,365.9356384277344,0.6806160807609558,586.843994140625,613.5088500976562,0.7855948209762573,1,0,-1
40,447,363.9418640136719,0.0,592.8206787109375,617.5185546875,0.6068494915962219,1,0,-1
41,447,367.88543701171875,0.6781679391860962,588.6906127929688,605.2806396484375,0.6316669583320618,1,0,-1
42,447,366.3544921875,0.0,590.6332397460938,605.8583984375,0.6870868802070618,1,0,-1
43,447,364.474853515625,0.0,595.01220703125,602.3877563476562,0.6061661243438721,1,0,-1
44,447,365.89190673828125,0.0,581.8475952148438,582.3103637695312,0.7844567894935608,1,0,-1
45,447,365.3805236816406,0.0,589.913330078125,586.051025390625,0.761198878288269,1,0,-1
46,447,362.90460205078125,0.0,594.7269287109375,585.5986328125,0.7255359292030334,1,0,-1
47,447,361.27899169921875,0.22112205624580383,597.060546875,583.976318359375,0.8144453763961792,1,0,-1
48,447,361.13323974609375,0.1927926242351532,591.515380859375,580.5508422851562,0.8431717753410339,1,0,-1
49,447,366.81427001953125,0.47184035181999207,576.7766723632812,570.6204833984375,0.8714158535003662,1,0,-1
50,447,367.436279296875,0.0,576.52490234375,569.6458129882812,0.8177735805511475,1,0,-1
51,447,366.4118347167969,0.0,579.080322265625,569.8856201171875,0.8570493459701538,1,0,-1
52,447,366.1081848144531,0.6715484857559204,578.650390625,574.5692749023438,0.8295134902000427,1,0,-1
53,447,357.9815368652344,0.0,590.0286865234375,575.1943359375,0.8299345970153809,1,0,-1
54,447,353.8814392089844,0.16464056074619293,595.126708984375,574.7494506835938,0.8622960448265076,1,0,-1
55,447,353.0042419433594,0.23732586205005646,595.414306640625,569.8971557617188,0.8155441284179688,1,0,-1
56,447,349.5679931640625,0.15537703037261963,595.101806640625,564.5093994140625,0.8546063899993896,1,0,-1
57,447,349.7437438964844,0.0,588.0662841796875,557.2654418945312,0.8587279915809631,1,0,-1
58,447,349.4475402832031,1.8583641052246094,585.483154296875,555.0755004882812,0.8679166436195374,1,0,-1
59,447,345.84039306640625,0.7595123052597046,595.83935546875,563.0653686523438,0.7859232425689697,1,0,-1
60,447,344.7201232910156,0.5549736618995667,595.5299072265625,554.0817260742188,0.7394896745681763,1,0,-1
61,447,345.3828125,0.0,585.4019775390625,545.6992797851562,0.8083442449569702,1,0,-1
62,447,342.1991882324219,0.0,593.795654296875,545.2721557617188,0.7796319723129272,1,0,-1
63,447,339.7447204589844,0.0,600.78857421875,548.9237060546875,0.7402970790863037,1,0,-1
64,447,336.54339599609375,0.0,601.324951171875,541.7056884765625,0.8435531258583069,1,0,-1
65,447,332.6060791015625,0.0,608.9776611328125,540.9006958007812,0.6943153142929077,1,0,-1
66,447,330.0855712890625,0.0,619.5693969726562,537.0458984375,0.653248131275177,1,0,-1
67,447,323.3387145996094,0.0,632.17529296875,539.11376953125,0.6605417728424072,1,0,-1
68,447,315.42486572265625,0.8894973993301392,633.117919921875,532.7471923828125,0.7337539196014404,1,0,-1
69,447,311.0140686035156,0.9432894587516785,635.925048828125,531.1023559570312,0.718113124370575,1,0,-1
70,447,301.42669677734375,1.040463924407959,643.4693603515625,527.9468383789062,0.5662045478820801,1,0,-1
71,447,292.8204345703125,0.30426469445228577,655.295166015625,528.4684448242188,0.5676215291023254,1,0,-1
72,447,284.1549987792969,1.1422615051269531,659.1070556640625,536.1709594726562,0.7115412950515747,1,0,-1
73,447,263.75048828125,0.6593931913375854,665.1915893554688,532.3176879882812,0.8674755096435547,1,0,-1
74,447,247.91030883789062,0.4746387004852295,680.2869873046875,531.150390625,0.7717792987823486,1,0,-1
75,447,236.7889404296875,1.039951205253601,695.0433349609375,537.2671508789062,0.7733421921730042,1,0,-1
76,447,231.71905517578125,1.2887639999389648,705.2660522460938,536.6075439453125,0.8167292475700378,1,0,-1
77,447,228.50357055664062,0.8904421925544739,710.9937744140625,541.6390991210938,0.8139785528182983,1,0,-1
78,447,215.4015655517578,0.8427024483680725,728.0098266601562,543.1168823242188,0.8058944940567017,1,0,-1
79,447,201.13758850097656,1.2169685363769531,748.9885864257812,545.140625,0.7540168762207031,1,0,-1
80,447,186.87252807617188,2.36069655418396,765.5206298828125,544.3494873046875,0.6750088930130005,1,0,-1
81,447,165.97572326660156,1.5071486234664917,777.9811401367188,549.37841796875,0.6625113487243652,1,0,-1
82,447,150.02056884765625,1.8089896440505981,799.79345703125,548.8200073242188,0.7567738890647888,1,0,-1
83,447,139.7681121826172,1.9489527940750122,797.421875,551.1742553710938,0.706489622592926,1,0,-1
84,447,126.826171875,1.9021004438400269,795.5825805664062,554.87890625,0.8851334452629089,1,0,-1
85,447,107.95587158203125,1.479941725730896,810.3120727539062,558.5908203125,0.8505070209503174,1,0,-1
86,447,91.87367248535156,1.0727298259735107,819.9802856445312,559.3963012695312,0.8912032246589661,1,0,-1
87,447,76.1312484741211,5.427270889282227,841.8792724609375,564.9537353515625,0.8933141827583313,1,0,-1
88,447,46.682403564453125,1.6089268922805786,863.338623046875,569.928466796875,0.9132453799247742,1,0,-1
89,447,21.196321487426758,2.1699299812316895,888.1221923828125,570.4402465820312,0.8989315629005432,1,0,-1
90,447,8.531089782714844,1.5597033500671387,905.0862426757812,573.7876586914062,0.8720665574073792,1,0,-1
91,447,0.907115638256073,2.313422203063965,911.071533203125,575.7609252929688,0.9086186289787292,1,0,-1
92,447,0.0,1.1377713680267334,910.5159301757812,573.6939697265625,0.9078658819198608,1,0,-1
93,447,0.0,0.591731071472168,912.8812255859375,575.1868896484375,0.9066100716590881,1,0,-1
94,447,0.0,0.1622803509235382,912.899658203125,575.0343017578125,0.8877866268157959,1,0,-1
95,447,0.0,0.7970825433731079,912.8074340820312,575.2371215820312,0.8805344700813293,1,0,-1
96,447,0.0,0.0,917.8250732421875,579.8584594726562,0.8290102481842041,1,0,-1
97,447,0.0,0.0,908.0438232421875,583.1303100585938,0.8186893463134766,1,0,-1
98,447,0.0,0.8164756894111633,894.6358642578125,583.7420654296875,0.8995928764343262,1,0,-1
99,447,0.0,2.645747423171997,908.0406494140625,590.0128173828125,0.8336803317070007,1,0,-1
100,447,0.0,4.462669372558594,915.6865234375,590.8021850585938,0.604633092880249,1,0,-1
101,447,0.0,7.160771369934082,913.7020263671875,586.7742309570312,0.7099794745445251,1,0,-1
102,447,0.0,13.836560249328613,909.5700073242188,584.763916015625,0.8473243713378906,1,0,-1
103,447,0.0,16.431697845458984,923.2515869140625,586.2277221679688,0.7769156098365784,1,0,-1
104,447,0.0,16.583839416503906,926.8717651367188,589.8779296875,0.8191025853157043,1,0,-1
105,447,0.0,24.784011840820312,914.7640380859375,582.6334228515625,0.8741844892501831,1,0,-1
106,447,0.0,27.94379425048828,912.2055053710938,582.8279418945312,0.8909487128257751,1,0,-1
107,447,0.0,37.07027816772461,911.0072631835938,576.5944213867188,0.8600307106971741,1,0,-1
108,447,0.39098092913627625,39.54848861694336,914.7266235351562,575.3561401367188,0.8496250510215759,1,0,-1
109,447,0.6667779684066772,49.95366287231445,912.4595336914062,564.7974243164062,0.8726820349693298,1,0,-1
110,447,0.4514531195163727,43.5003776550293,915.730224609375,579.2225341796875,0.8590973615646362,1,0,-1
111,447,2.0787012577056885,59.5329704284668,912.2467041015625,560.3344116210938,0.8218532204627991,1,0,-1
112,447,4.033208847045898,54.6207160949707,907.9454956054688,570.3754272460938,0.8116031885147095,1,0,-1
113,447,0.10475380718708038,68.45767211914062,895.8453979492188,549.8673095703125,0.8325108885765076,1,0,-1
114,447,0.0,67.0232162475586,886.735107421875,551.661865234375,0.8454602956771851,1,0,-1
115,447,0.0,85.69841766357422,865.9837646484375,532.1415405273438,0.8880535364151001,1,0,-1
116,447,0.0,88.1424560546875,863.1900024414062,533.34375,0.8829662799835205,1,0,-1
117,447,0.0,103.53544616699219,859.0512084960938,515.8562622070312,0.8692095279693604,1,0,-1
118,447,0.0,115.63359069824219,861.881591796875,505.6123046875,0.8644670844078064,1,0,-1
119,447,0.0,122.74848175048828,848.3569946289062,499.547607421875,0.8797852396965027,1,0,-1
120,447,0.3467526435852051,132.2642822265625,852.0883178710938,493.5550537109375,0.869610607624054,1,0,-1
121,447,0.5778623819351196,138.72752380371094,844.1508178710938,481.616943359375,0.878430962562561,1,0,-1
122,447,0.0,144.0853271484375,847.92236328125,480.65997314453125,0.8705726265907288,1,0,-1
123,447,0.0,149.7098846435547,848.2413940429688,481.92529296875,0.8657354116439819,1,0,-1
124,447,0.0,153.12191772460938,846.3197021484375,479.2311706542969,0.873509407043457,1,0,-1
125,447,0.8413993120193481,156.39952087402344,843.9185791015625,479.0877685546875,0.8672887682914734,1,0,-1
126,447,1.4211844205856323,158.39959716796875,841.88671875,476.33587646484375,0.8650177121162415,1,0,-1
127,447,0.7484351396560669,157.76234436035156,847.079833984375,479.37591552734375,0.8545781970024109,1,0,-1
128,447,0.90770423412323,134.16461181640625,853.1820678710938,501.8211669921875,0.852864146232605,1,0,-1
129,447,0.0,142.60372924804688,843.8349609375,492.6828308105469,0.8636922836303711,1,0,-1
130,447,0.29601576924324036,158.85018920898438,841.2962646484375,477.1578063964844,0.8734754323959351,1,0,-1
131,447,0.0,162.12017822265625,850.5454711914062,476.8016357421875,0.8672208189964294,1,0,-1
132,447,0.4160706102848053,162.83309936523438,840.1831665039062,471.2538757324219,0.8708819150924683,1,0,-1
133,447,0.9735976457595825,164.0493621826172,833.892333984375,465.49432373046875,0.8676205277442932,1,0,-1
134,447,0.8836988806724548,166.55709838867188,828.9293212890625,459.4117126464844,0.8717922568321228,1,0,-1
135,447,0.0,168.052490234375,830.0817260742188,459.07659912109375,0.8647023439407349,1,0,-1
136,447,0.2844596207141876,173.57196044921875,834.7080688476562,455.06719970703125,0.8633792400360107,1,0,-1
137,447,0.0,175.6678009033203,842.7320556640625,454.31671142578125,0.8531675934791565,1,0,-1
138,447,0.46947839856147766,177.6221923828125,841.5111083984375,452.06109619140625,0.8444762229919434,1,0,-1
139,447,1.0010958909988403,179.3545379638672,851.5667114257812,450.4969482421875,0.8255468010902405,1,0,-1
140,447,0.0,179.2691650390625,836.5540161132812,443.5814208984375,0.8474109172821045,1,0,-1
141,447,0.3835729956626892,181.12826538085938,823.0640869140625,440.5755920410156,0.8557193875312805,1,0,-1
142,447,0.1406773030757904,180.94676208496094,814.1875,435.71551513671875,0.849349856376648,1,0,-1
143,447,0.8574783205986023,172.99082946777344,806.2982788085938,437.2470703125,0.8276554942131042,1,0,-1
144,447,0.7620887756347656,166.158203125,815.0957641601562,443.5970458984375,0.8229658603668213,1,0,-1
145,447,1.6116549968719482,169.4749755859375,816.2446899414062,435.18817138671875,0.8152254819869995,1,0,-1
146,447,0.0,171.5810089111328,816.2462768554688,430.8531494140625,0.8351207971572876,1,0,-1
147,447,1.0700645446777344,173.9336395263672,811.347900390625,418.7657470703125,0.8474421501159668,1,0,-1
148,447,0.0,166.6887664794922,829.8910522460938,431.443603515625,0.7673976421356201,1,0,-1
149,447,0.3145943284034729,161.81643676757812,831.854736328125,433.7280578613281,0.754069447517395,1,0,-1
150,447,0.7265895009040833,161.70254516601562,833.5716552734375,436.6626281738281,0.7064858675003052,1,0,-1
151,447,0.0076772356405854225,160.17747497558594,831.661376953125,429.88543701171875,0.5934293270111084,1,0,-1
155,447,0.0,151.2202911376953,833.1265258789062,420.7513427734375,0.5209668874740601,1,0,-1
156,447,0.13107338547706604,150.11785888671875,819.9439086914062,406.14801025390625,0.5622985363006592,1,0,-1
157,447,0.0,151.15235900878906,807.1044921875,396.72198486328125,0.5336350798606873,1,0,-1
158,447,0.4890124797821045,149.5286407470703,801.5132446289062,391.92620849609375,0.5925511717796326,1,0,-1
159,447,0.0,141.88174438476562,794.6354370117188,397.4649963378906,0.7181097865104675,1,0,-1
160,447,0.3971572816371918,128.9176025390625,791.1546630859375,407.398681640625,0.6809120774269104,1,0,-1
161,447,0.08619245886802673,119.37286376953125,781.8767700195312,416.53436279296875,0.7001519203186035,1,0,-1
162,447,0.005291848909109831,126.27802276611328,781.9447631835938,413.38232421875,0.6529628038406372,1,0,-1
163,447,0.3326432704925537,123.45110321044922,780.6287841796875,412.98980712890625,0.5338683128356934,1,0,-1
164,447,0.5148183703422546,126.20917510986328,774.3705444335938,407.0272216796875,0.6541525721549988,1,0,-1
165,447,0.9066699147224426,133.09197998046875,773.2489624023438,398.4920654296875,0.5573650598526001,1,0,-1
166,447,0.1768409162759781,131.26368713378906,769.4761352539062,395.3631591796875,0.5914579033851624,1,0,-1
167,447,1.0533971786499023,129.1388702392578,769.495361328125,393.66400146484375,0.6079745888710022,1,0,-1
168,447,0.42784765362739563,134.890625,772.5140991210938,390.10296630859375,0.543765664100647,1,0,-1
180,447,0.0967237800359726,142.47891235351562,768.8748168945312,394.0616149902344,0.5356946587562561,1,0,-1
181,447,0.5515069961547852,141.52052307128906,759.1290283203125,383.69952392578125,0.605280339717865,1,0,-1
182,447,1.874146819114685,145.63409423828125,751.53125,380.9613037109375,0.6270639300346375,1,0,-1
183,447,1.7794761657714844,148.90464782714844,750.6510620117188,379.90753173828125,0.6579124927520752,1,0,-1
184,447,1.4084728956222534,145.99037170410156,749.7640380859375,387.89019775390625,0.6812997460365295,1,0,-1
185,447,2.1318602561950684,143.2097625732422,739.1483154296875,396.68243408203125,0.7157136797904968,1,0,-1
186,447,1.2413413524627686,144.12713623046875,743.2109985351562,400.70245361328125,0.6608685255050659,1,0,-1
187,447,2.1344220638275146,141.33273315429688,738.43505859375,405.3673400878906,0.6847922801971436,1,0,-1
188,447,0.8634597063064575,137.76930236816406,735.6282958984375,404.1890869140625,0.6570291519165039,1,0,-1
189,447,1.7202644348144531,133.1497344970703,733.6083374023438,410.509521484375,0.7262563705444336,1,0,-1
190,447,1.9089386463165283,125.79303741455078,731.0142822265625,414.71551513671875,0.6475827097892761,1,0,-1
191,447,1.6631556749343872,128.55224609375,726.2947998046875,407.08648681640625,0.7214085459709167,1,0,-1
192,447,0.9241188764572144,127.1395034790039,722.0609741210938,411.6131286621094,0.676326334476471,1,0,-1
193,447,0.8601428270339966,135.32125854492188,719.09521484375,403.9748229980469,0.6898611783981323,1,0,-1
194,447,0.9157402515411377,141.96875,718.717041015625,398.625,0.6915830969810486,1,0,-1
195,447,0.39458414912223816,146.31161499023438,726.9795532226562,399.4126281738281,0.5263909101486206,1,0,-1
196,447,1.1118134260177612,147.84939575195312,731.7427978515625,397.0331115722656,0.6031283140182495,1,0,-1
197,447,0.3298603892326355,149.4412078857422,728.042724609375,391.80645751953125,0.611271321773529,1,0,-1
199,447,0.48090800642967224,143.40567016601562,724.8974609375,402.8520812988281,0.6129253506660461,1,0,-1
200,447,0.5630397200584412,142.39932250976562,732.0736083984375,403.2778015136719,0.5991805791854858,1,0,-1
201,447,0.0,138.64501953125,730.0172729492188,408.50506591796875,0.630020260810852,1,0,-1
202,447,0.4120562970638275,141.25917053222656,727.1293334960938,405.00225830078125,0.68381267786026,1,0,-1
203,447,0.7931022644042969,140.235107421875,727.47412109375,406.55059814453125,0.6620160341262817,1,0,-1
205,447,0.7633051872253418,142.3547821044922,734.6066284179688,405.058349609375,0.6050595641136169,1,0,-1
