85,524,919.7175903320312,359.0316467285156,220.43927001953125,720.891845703125,0.5098382234573364,1,0,-1
86,524,914.2685546875,366.5014953613281,217.036865234375,713.49853515625,0.5820660591125488,1,0,-1
87,524,912.734130859375,353.93121337890625,213.495361328125,725.9321899414062,0.5555797219276428,1,0,-1
88,524,911.272705078125,354.8758239746094,209.7894287109375,725.1241455078125,0.6357497572898865,1,0,-1
89,524,908.5081176757812,352.33441162109375,212.07733154296875,727.4259643554688,0.5117796659469604,1,0,-1
90,524,906.5272216796875,344.1526184082031,210.771484375,735.847412109375,0.6312323212623596,1,0,-1
95,524,886.7047119140625,339.07073974609375,220.7646484375,740.8528442382812,0.5702352523803711,1,0,-1
96,524,888.7681274414062,332.3039855957031,217.06646728515625,747.171142578125,0.5599120259284973,1,0,-1
97,524,884.1282348632812,333.9997253417969,220.68377685546875,746.000244140625,0.598766028881073,1,0,-1
99,524,878.1814575195312,317.5791015625,222.82440185546875,762.4208984375,0.5447590351104736,1,0,-1
101,524,871.0174560546875,308.9598388671875,223.24560546875,771.0401611328125,0.6101858615875244,1,0,-1
102,524,866.2597045898438,308.6991882324219,225.17828369140625,770.9586181640625,0.7192226648330688,1,0,-1
103,524,863.7963256835938,299.5453186035156,225.83343505859375,780.4547119140625,0.7127740383148193,1,0,-1
104,524,858.2868041992188,292.82281494140625,229.70941162109375,786.8440551757812,0.669095516204834,1,0,-1
105,524,854.224365234375,281.16644287109375,234.3494873046875,797.9589233398438,0.6690292358398438,1,0,-1
106,524,851.87744140625,282.568603515625,236.29833984375,796.6087646484375,0.6873164772987366,1,0,-1
107,524,849.0213623046875,277.21514892578125,238.9356689453125,801.1596069335938,0.5823248028755188,1,0,-1
108,524,845.6492919921875,268.18011474609375,238.929443359375,811.0095825195312,0.593063473701477,1,0,-1
109,524,843.7290649414062,264.0548400878906,238.29620361328125,814.514404296875,0.7243871688842773,1,0,-1
110,524,837.0936279296875,257.93902587890625,244.5152587890625,822.0609741210938,0.6764816641807556,1,0,-1
111,524,834.4990234375,255.6819305419922,245.03955078125,824.1124877929688,0.660348117351532,1,0,-1
111,526,72.92051696777344,76.73528289794922,126.05775451660156,112.50666046142578,0.6753081679344177,1,2,-1
112,524,826.9246826171875,251.46168518066406,247.929443359375,828.538330078125,0.75699782371521,1,0,-1
112,526,57.76185607910156,71.7463607788086,137.4099578857422,116.6121597290039,0.6556516885757446,1,2,-1
113,524,818.28857421875,247.1302947998047,253.4130859375,832.8696899414062,0.7575473785400391,1,0,-1
113,526,50.95762634277344,71.54428100585938,135.28387451171875,115.99778747558594,0.5752766132354736,1,2,-1
114,524,812.235107421875,242.6231689453125,257.541015625,837.3768310546875,0.7735662460327148,1,0,-1
114,526,37.138824462890625,65.80762481689453,127.34565734863281,121.28784942626953,0.5450538396835327,1,2,-1
115,524,810.9200439453125,242.9119110107422,255.9227294921875,837.0880737304688,0.7593737244606018,1,0,-1
115,526,30.03904151916504,64.5348129272461,124.06180572509766,121.93811798095703,0.5900703072547913,1,2,-1
116,524,809.5435180664062,241.94483947753906,253.84820556640625,838.05517578125,0.697479248046875,1,0,-1
116,526,23.83626365661621,63.459510803222656,120.39966583251953,120.21949005126953,0.7252219915390015,1,2,-1
117,524,803.3816528320312,243.19020080566406,261.57928466796875,836.809814453125,0.7987442016601562,1,0,-1
117,526,14.791231155395508,62.51681900024414,122.04931640625,118.33602905273438,0.791064977645874,1,2,-1
118,524,801.0425415039062,240.20997619628906,260.81585693359375,839.7900390625,0.7715812921524048,1,0,-1
118,526,7.971482276916504,60.91691589355469,122.69490051269531,118.26849365234375,0.7545501589775085,1,2,-1
119,524,797.1083984375,241.79103088378906,262.544677734375,838.208984375,0.7896273732185364,1,0,-1
119,526,1.8489654064178467,59.441505432128906,119.85777282714844,122.2509536743164,0.766677737236023,1,2,-1
120,524,795.8295288085938,240.69517517089844,261.05804443359375,839.3048095703125,0.8359972834587097,1,0,-1
120,526,0.5223258137702942,60.35276794433594,117.55982208251953,120.14686584472656,0.7678858637809753,1,2,-1
121,524,792.5629272460938,240.45068359375,262.15008544921875,839.54931640625,0.8225088119506836,1,0,-1
121,526,0.0,60.418487548828125,113.17504119873047,120.33099365234375,0.6341648101806641,1,2,-1
122,524,791.1803588867188,237.62542724609375,265.12225341796875,842.3745727539062,0.8239477872848511,1,0,-1
122,526,0.0,60.818023681640625,110.51500701904297,118.85899353027344,0.5651343464851379,1,2,-1
123,524,788.3378295898438,240.6334228515625,266.17926025390625,839.3665771484375,0.7910932898521423,1,0,-1
123,526,0.0,61.42369842529297,102.67365264892578,117.77123260498047,0.5487715005874634,1,2,-1
124,524,787.804443359375,244.39505004882812,266.8675537109375,835.60498046875,0.8024953007698059,1,0,-1
124,526,0.0,61.02815246582031,97.79173278808594,117.75367736816406,0.5921184420585632,1,2,-1
125,524,783.9285888671875,246.2975311279297,271.9891357421875,833.7024536132812,0.7207273840904236,1,0,-1
125,526,0.0,61.33091354370117,91.3870620727539,116.531494140625,0.6967868208885193,1,2,-1
126,524,780.7177124023438,245.62107849121094,274.12628173828125,834.37890625,0.7286635637283325,1,0,-1
126,526,0.0,61.54533767700195,88.32880401611328,118.04290771484375,0.5131960511207581,1,2,-1
127,524,777.8776245117188,250.6532440185547,275.60198974609375,829.3467407226562,0.6706445217132568,1,0,-1
127,526,0.0,59.97932052612305,85.6393051147461,123.29779052734375,0.5532689690589905,1,2,-1
128,524,776.6573486328125,254.40423583984375,274.65869140625,825.5957641601562,0.7086561322212219,1,0,-1
129,524,776.2055053710938,257.2919921875,274.90435791015625,822.7080078125,0.6724854707717896,1,0,-1
130,524,774.7989501953125,260.7669982910156,278.6005859375,819.2330322265625,0.6961970329284668,1,0,-1
132,524,773.8673706054688,263.93450927734375,278.31121826171875,813.9646606445312,0.7171462774276733,1,0,-1
133,524,773.4373779296875,263.9652404785156,279.1219482421875,812.5521240234375,0.6615563035011292,1,0,-1
134,524,774.6056518554688,270.7673034667969,277.04754638671875,799.673583984375,0.514640212059021,1,0,-1
136,524,773.8609008789062,272.3241882324219,276.82171630859375,792.8443603515625,0.5161435604095459,1,0,-1
141,524,769.528076171875,272.84698486328125,276.166259765625,806.1807250976562,0.6986087560653687,1,0,-1
143,524,768.1892700195312,271.16497802734375,277.11614990234375,808.8350219726562,0.5799398422241211,1,0,-1
144,524,767.9747314453125,267.31610107421875,278.702392578125,811.9655151367188,0.504417896270752,1,0,-1
146,524,766.3059692382812,267.74591064453125,278.49139404296875,810.8397827148438,0.6136032342910767,1,0,-1
147,524,766.577392578125,263.0024719238281,279.580322265625,813.77294921875,0.5180325508117676,1,0,-1
148,524,766.2803344726562,260.26544189453125,280.68389892578125,815.4557495117188,0.6782234311103821,1,0,-1
172,524,771.0780639648438,212.4218292236328,276.37310791015625,867.5617065429688,0.5558934211730957,1,2,-1
173,524,771.5321044921875,217.1175994873047,272.280029296875,862.8823852539062,0.528819739818573,1,2,-1
176,524,770.6029052734375,199.71353149414062,271.926025390625,880.2864990234375,0.6958189010620117,1,0,-1
179,524,771.9749755859375,188.4733428955078,275.4464111328125,891.5266723632812,0.524554431438446,1,2,-1
180,524,773.3051147460938,187.43408203125,276.00970458984375,892.56591796875,0.5256317257881165,1,2,-1
184,524,776.2286987304688,80.87445068359375,283.93951416015625,999.1255493164062,0.5520756244659424,1,2,-1
185,524,776.55224609375,30.26600456237793,288.5496826171875,1049.7340087890625,0.6314214468002319,1,2,-1
186,524,777.2199096679688,13.357963562011719,287.00946044921875,1066.64208984375,0.6255353689193726,1,2,-1
187,524,778.5343627929688,15.070101737976074,285.47467041015625,1064.929931640625,0.6299296617507935,1,2,-1
188,524,779.1458129882812,33.85835266113281,288.02789306640625,1046.1416015625,0.5826903581619263,1,2,-1
189,524,779.4520263671875,9.766361236572266,293.1219482421875,1070.233642578125,0.5654311180114746,1,2,-1
190,524,781.9757080078125,17.537586212158203,291.5494384765625,1062.46240234375,0.6827498078346252,1,2,-1
191,524,782.7429809570312,9.349955558776855,295.34918212890625,1070.6500244140625,0.7378864884376526,1,2,-1
192,524,783.9423828125,17.336729049682617,295.06005859375,1061.622314453125,0.6873533129692078,1,2,-1
193,524,783.6756591796875,17.506183624267578,298.875244140625,1062.3380126953125,0.6311591863632202,1,2,-1
194,524,785.9945068359375,15.857184410095215,298.5306396484375,1064.142822265625,0.5908949375152588,1,2,-1
195,524,787.3562622070312,5.565638065338135,304.91595458984375,1074.434326171875,0.7071952223777771,1,2,-1
196,524,788.7151489257812,1.9476977586746216,309.37322998046875,1077.9779052734375,0.7646123766899109,1,2,-1
197,524,790.17333984375,0.446283757686615,312.2398681640625,1079.5537109375,0.7791443467140198,1,2,-1
198,524,791.3507080078125,0.0,314.8084716796875,1080.0,0.6915717124938965,1,2,-1
199,524,791.802490234375,0.5181077718734741,319.3570556640625,1079.3477783203125,0.5859609842300415,1,2,-1
201,524,796.0458374023438,2.2473111152648926,321.38262939453125,1077.5321044921875,0.5978391170501709,1,0,-1
202,524,798.5431518554688,1.3243995904922485,320.71856689453125,1078.6756591796875,0.6904650330543518,1,0,-1
203,524,801.0038452148438,1.0199120044708252,321.71002197265625,1078.861328125,0.8138216137886047,1,0,-1
204,524,801.0711059570312,0.0,325.59478759765625,1079.7384033203125,0.8513821363449097,1,0,-1
205,524,802.990478515625,0.0,327.4119873046875,1080.0,0.8333092331886292,1,0,-1
206,524,803.2286376953125,0.0,329.9403076171875,1080.0,0.8312872648239136,1,0,-1
207,524,804.7894897460938,0.0,331.65875244140625,1080.0,0.7806420922279358,1,0,-1
208,524,805.1265869140625,0.0,332.9310302734375,1080.0,0.7563352584838867,1,0,-1
209,524,803.8223266601562,0.1935531497001648,337.93377685546875,1079.7542724609375,0.8454470038414001,1,0,-1
210,524,802.2836303710938,0.0,340.33172607421875,1079.9208984375,0.8504730463027954,1,0,-1
211,524,799.8543090820312,0.28619202971458435,343.50311279296875,1078.8499755859375,0.8799203634262085,1,0,-1
212,524,796.1907958984375,0.23862551152706146,347.8958740234375,1079.1201171875,0.8607521653175354,1,0,-1
213,524,792.4646606445312,0.3906850516796112,351.42742919921875,1078.424072265625,0.8668044805526733,1,0,-1
214,524,788.8196411132812,0.0,353.62725830078125,1079.386474609375,0.8595767021179199,1,0,-1
215,524,784.2728271484375,0.0,356.2359619140625,1079.8760986328125,0.8323622345924377,1,0,-1
216,524,778.4395751953125,0.0,362.8797607421875,1079.1461181640625,0.8198269009590149,1,0,-1
217,524,771.1226196289062,0.3776535987854004,365.67462158203125,1078.8033447265625,0.8503223061561584,1,0,-1
218,524,764.6734619140625,0.0,371.8751220703125,1079.1474609375,0.8618032336235046,1,0,-1
219,524,756.7030639648438,0.0,378.76873779296875,1079.3311767578125,0.8041549921035767,1,0,-1
220,524,747.5147705078125,0.12799286842346191,387.7364501953125,1079.010009765625,0.8219147324562073,1,0,-1
221,524,739.2771606445312,0.021077202633023262,395.04425048828125,1079.1412353515625,0.8335016965866089,1,0,-1
222,524,732.5427856445312,0.0,400.17071533203125,1079.3599853515625,0.7432065010070801,1,0,-1
223,524,725.75830078125,0.10618416965007782,403.1810302734375,1079.317626953125,0.7037246823310852,1,0,-1
224,524,714.521728515625,0.0,409.8389892578125,1080.0,0.8026694655418396,1,0,-1
225,524,705.1375732421875,0.1093234196305275,413.0640869140625,1079.890625,0.8167272210121155,1,0,-1
226,524,694.8508911132812,0.0,413.40924072265625,1080.0,0.878276526927948,1,0,-1
