169,662,1521.8399658203125,9.613871574401855,327.400390625,1070.3861083984375,0.6057935953140259,1,6,-1
170,662,1517.7373046875,11.01103401184082,327.8948974609375,1068.989013671875,0.6450924277305603,1,6,-1
171,662,1513.920654296875,12.54134464263916,329.005859375,1067.4586181640625,0.6520411372184753,1,6,-1
172,662,1509.2706298828125,12.769655227661133,329.0421142578125,1067.2303466796875,0.6446719169616699,1,6,-1
173,662,1504.8660888671875,14.11119556427002,328.7861328125,1065.8887939453125,0.6116121411323547,1,6,-1
174,662,1499.3892822265625,14.114736557006836,328.9112548828125,1065.88525390625,0.5660428404808044,1,6,-1
175,662,1494.291259765625,14.560647010803223,329.3013916015625,1065.429931640625,0.539605438709259,1,6,-1
176,662,1490.6849365234375,15.601432800292969,328.2901611328125,1064.3089599609375,0.5644856095314026,1,6,-1
177,662,1484.4119873046875,17.63507652282715,329.2965087890625,1062.2476806640625,0.5272765755653381,1,6,-1
184,662,1455.5137939453125,19.81827163696289,316.0045166015625,1059.98046875,0.5126723051071167,1,6,-1
185,662,1451.213134765625,21.58409881591797,314.1243896484375,1058.2366943359375,0.6073579788208008,1,6,-1
186,662,1447.1070556640625,23.532533645629883,313.1146240234375,1056.297607421875,0.6439015865325928,1,6,-1
187,662,1444.582275390625,24.45281219482422,312.1376953125,1055.38037109375,0.6865049004554749,1,6,-1
188,662,1440.092529296875,23.866273880004883,313.430419921875,1055.9598388671875,0.6596287488937378,1,6,-1
189,662,1436.3516845703125,23.305879592895508,314.7139892578125,1056.572265625,0.680870532989502,1,6,-1
190,662,1432.926513671875,23.57019805908203,315.0115966796875,1056.33935546875,0.7041649222373962,1,6,-1
191,662,1429.6600341796875,23.68301010131836,312.92236328125,1056.257568359375,0.721412718296051,1,6,-1
192,662,1425.5223388671875,24.11233901977539,312.5897216796875,1055.86181640625,0.7217479944229126,1,6,-1
193,662,1421.462158203125,24.54427719116211,312.115234375,1055.423095703125,0.707554280757904,1,6,-1
194,662,1418.8896484375,24.875226974487305,310.8880615234375,1055.0511474609375,0.6815098524093628,1,6,-1
195,662,1414.6544189453125,24.73090171813965,309.860107421875,1055.2220458984375,0.6593002080917358,1,6,-1
196,662,1410.9432373046875,26.007837295532227,306.4334716796875,1053.927734375,0.6264159083366394,1,6,-1
197,662,1408.2369384765625,26.984600067138672,302.62451171875,1052.977294921875,0.5705841779708862,1,6,-1
210,662,1356.742431640625,33.27473831176758,291.2591552734375,1046.689208984375,0.5365104675292969,1,6,-1
211,662,1351.2435302734375,35.3682746887207,293.64404296875,1044.4561767578125,0.6126132011413574,1,6,-1
212,662,1346.8953857421875,33.74420928955078,293.73095703125,1045.9609375,0.6803082823753357,1,6,-1
213,662,1342.413330078125,34.09735107421875,293.9305419921875,1045.615966796875,0.6894083619117737,1,6,-1
214,662,1337.5540771484375,32.13805389404297,293.65185546875,1047.6241455078125,0.7099791169166565,1,6,-1
215,662,1333.3511962890625,31.69129180908203,290.37548828125,1048.093017578125,0.7272905111312866,1,6,-1
216,662,1329.005859375,33.08867263793945,287.3814697265625,1046.746337890625,0.6949465274810791,1,6,-1
217,662,1325.3590087890625,34.213443756103516,285.4342041015625,1045.705810546875,0.6800974607467651,1,6,-1
218,662,1322.2064208984375,36.04126739501953,283.904541015625,1043.8917236328125,0.6459099054336548,1,6,-1
219,662,1319.27685546875,39.0700569152832,282.3231201171875,1040.8297119140625,0.6079977750778198,1,6,-1
220,662,1315.177490234375,39.64884567260742,281.0648193359375,1040.288818359375,0.5854331254959106,1,6,-1
221,662,1312.8466796875,39.567378997802734,278.447021484375,1040.4326171875,0.5412208437919617,1,6,-1
222,662,1309.49609375,40.43503952026367,278.9322509765625,1039.56494140625,0.5245048403739929,1,6,-1
223,662,1305.907470703125,42.18434143066406,279.0047607421875,1037.815673828125,0.5481647253036499,1,6,-1
224,662,1303.4080810546875,42.89625549316406,277.7225341796875,1037.103759765625,0.5267733335494995,1,6,-1
225,662,1298.5496826171875,43.64699172973633,279.273681640625,1036.35302734375,0.5264690518379211,1,6,-1
226,662,1292.984130859375,43.97621536254883,280.623046875,1036.0238037109375,0.5299559235572815,1,6,-1
227,662,1286.92724609375,44.42379379272461,281.8494873046875,1035.576171875,0.5361136794090271,1,6,-1
228,662,1281.9456787109375,45.191673278808594,282.5621337890625,1034.808349609375,0.5191066265106201,1,6,-1
229,662,1277.78076171875,47.10655975341797,282.6396484375,1032.8934326171875,0.5146046876907349,1,6,-1
230,662,1275.038818359375,49.304039001464844,281.6964111328125,1030.6959228515625,0.5229029059410095,1,6,-1
231,662,1273.158447265625,49.89875030517578,280.217041015625,1030.1011962890625,0.5735554695129395,1,6,-1
232,662,1270.5325927734375,49.20383071899414,278.1800537109375,1030.796142578125,0.5894759297370911,1,6,-1
233,662,1267.306884765625,51.71468734741211,277.621337890625,1028.2852783203125,0.582029402256012,1,6,-1
234,662,1264.663330078125,54.25625228881836,277.4088134765625,1025.7437744140625,0.5713948011398315,1,6,-1
235,662,1259.473388671875,55.974151611328125,280.4967041015625,1024.02587890625,0.6236842274665833,1,6,-1
236,662,1255.0516357421875,57.844303131103516,280.2088623046875,1022.1557006835938,0.6592914462089539,1,6,-1
237,662,1251.9813232421875,58.41349411010742,277.6361083984375,1021.5864868164062,0.6855227947235107,1,6,-1
238,662,1247.2440185546875,58.92782211303711,275.59912109375,1021.0722045898438,0.6880344152450562,1,6,-1
239,662,1242.9705810546875,61.1175422668457,274.8546142578125,1018.8824462890625,0.6891965270042419,1,6,-1
240,662,1239.3089599609375,63.95698928833008,274.053466796875,1016.0430297851562,0.6495872735977173,1,6,-1
241,662,1235.591552734375,65.10272979736328,273.301025390625,1014.8949584960938,0.6606053113937378,1,6,-1
242,662,1231.6251220703125,66.23484802246094,273.246337890625,1013.7313232421875,0.618652880191803,1,6,-1
243,662,1229.191162109375,66.62065887451172,270.1080322265625,1013.3291625976562,0.587232232093811,1,6,-1
244,662,1226.3426513671875,65.8147201538086,268.49658203125,1014.1282958984375,0.579735279083252,1,6,-1
245,662,1223.560302734375,66.3653793334961,267.9337158203125,1013.564208984375,0.5883755683898926,1,6,-1
246,662,1219.849609375,64.99081420898438,267.94873046875,1014.9349365234375,0.5685054063796997,1,6,-1
247,662,1217.3526611328125,64.85478973388672,266.1551513671875,1015.0315551757812,0.5747238993644714,1,6,-1
248,662,1214.3282470703125,64.23574829101562,265.907470703125,1015.754150390625,0.5594717264175415,1,6,-1
249,662,1209.90380859375,64.2652816772461,265.2664794921875,1015.7347412109375,0.5618743896484375,1,6,-1
250,662,1205.9539794921875,63.852294921875,264.5540771484375,1016.1248779296875,0.5483865737915039,1,6,-1
251,662,1198.7744140625,64.14773559570312,267.757080078125,1015.821533203125,0.5242244005203247,1,6,-1
252,662,1193.0216064453125,64.8189468383789,269.7230224609375,1015.1353759765625,0.5268052220344543,1,6,-1
253,662,1188.1937255859375,65.48851013183594,270.8597412109375,1014.4290771484375,0.5628132224082947,1,6,-1
254,662,1184.8690185546875,65.94982147216797,270.0103759765625,1013.956787109375,0.5828379988670349,1,6,-1
255,662,1181.7149658203125,67.4139175415039,269.27734375,1012.5556640625,0.5834115147590637,1,6,-1
256,662,1179.966552734375,66.67193603515625,267.5462646484375,1013.3184204101562,0.5832517743110657,1,6,-1
257,662,1178.3377685546875,65.6431884765625,266.758056640625,1014.2672119140625,0.540031373500824,1,6,-1
258,662,1176.109375,66.53582000732422,265.5638427734375,1013.3433227539062,0.5173989534378052,1,6,-1
259,662,1173.437255859375,65.9431381225586,264.3428955078125,1013.923095703125,0.5237676501274109,1,6,-1
260,662,1169.5478515625,66.38089752197266,266.080810546875,1013.5663452148438,0.5782027840614319,1,6,-1
261,662,1164.746826171875,66.24160766601562,266.728515625,1013.7274169921875,0.6563072800636292,1,6,-1
262,662,1160.631591796875,66.41622924804688,266.425048828125,1013.583740234375,0.6709530353546143,1,6,-1
263,662,1157.0185546875,66.27832794189453,266.7694091796875,1013.7216796875,0.676513671875,1,6,-1
264,662,1155.2235107421875,66.71096801757812,261.0384521484375,1013.2890625,0.666508674621582,1,6,-1
265,662,1150.634765625,69.01066589355469,260.544677734375,1010.9893188476562,0.6520430445671082,1,6,-1
266,662,1147.2374267578125,69.35260772705078,259.0560302734375,1010.6473999023438,0.6681494116783142,1,6,-1
267,662,1143.5643310546875,69.84281921386719,257.187255859375,1010.1571655273438,0.6667744517326355,1,6,-1
268,662,1140.042236328125,69.36601257324219,256.5098876953125,1010.6339721679688,0.631231427192688,1,6,-1
269,662,1137.1881103515625,69.99549865722656,255.783203125,1010.0045166015625,0.6196746826171875,1,6,-1
270,662,1133.6258544921875,69.38835906982422,255.2708740234375,1010.6116333007812,0.6370193362236023,1,6,-1
271,662,1132.8819580078125,69.23454284667969,252.5516357421875,1010.7654418945312,0.558634340763092,1,6,-1
272,662,1129.739501953125,69.3653335571289,251.82470703125,1010.6346435546875,0.517384946346283,1,6,-1
273,662,1126.24951171875,70.03466033935547,250.7025146484375,1009.96533203125,0.5364015698432922,1,6,-1
274,662,1122.4752197265625,70.803466796875,250.7508544921875,1009.196533203125,0.5487594604492188,1,6,-1
275,662,1117.9102783203125,71.02972412109375,252.2640380859375,1008.9702758789062,0.5551780462265015,1,6,-1
276,662,1121.391357421875,82.65166473388672,242.9456787109375,997.3483276367188,0.5587504506111145,1,6,-1
277,662,1117.8114013671875,85.69453430175781,242.75341796875,994.3054809570312,0.5587549805641174,1,6,-1
278,662,1116.784912109375,85.01290893554688,238.3731689453125,994.987060546875,0.5444787740707397,1,6,-1
279,662,1111.280029296875,86.18196868896484,239.3682861328125,993.8180541992188,0.5792960524559021,1,6,-1
280,662,1104.9195556640625,86.51209259033203,242.365478515625,993.4879150390625,0.5892677307128906,1,6,-1
281,662,1100.7432861328125,86.10726928710938,243.5689697265625,993.8927001953125,0.5866884589195251,1,6,-1
282,662,1092.762939453125,82.4480209350586,249.7626953125,997.552001953125,0.5991225838661194,1,6,-1
283,662,1087.95703125,82.36187744140625,252.2659912109375,997.6381225585938,0.5569615960121155,1,6,-1
284,662,1084.5423583984375,82.97915649414062,251.478271484375,997.0208740234375,0.515103280544281,1,6,-1
285,662,1083.197265625,81.43745422363281,248.156005859375,998.5625610351562,0.5086560845375061,1,6,-1
286,662,1080.55078125,84.4188461303711,246.9307861328125,995.5811767578125,0.5602542757987976,1,6,-1
287,662,1077.528564453125,88.18051147460938,247.4671630859375,991.8194580078125,0.567223846912384,1,6,-1
288,662,1072.6273193359375,93.89472961425781,249.173583984375,986.1052856445312,0.6364912390708923,1,6,-1
289,662,1069.6529541015625,99.94922637939453,247.8568115234375,980.05078125,0.6755152940750122,1,6,-1
290,662,1067.1314697265625,100.1429214477539,245.9593505859375,979.8570556640625,0.6670595407485962,1,6,-1
291,662,1064.08154296875,102.3756103515625,244.1864013671875,977.6243896484375,0.6930192708969116,1,6,-1
292,662,1060.626708984375,103.2535629272461,242.6973876953125,976.7464599609375,0.6856545805931091,1,6,-1
293,662,1056.544921875,102.06800842285156,243.49560546875,977.9185791015625,0.6553062796592712,1,6,-1
294,662,1052.833740234375,101.1139144897461,243.134033203125,978.8861083984375,0.6897996664047241,1,6,-1
295,662,1049.3026123046875,101.44290161132812,242.36279296875,978.55712890625,0.6274524331092834,1,6,-1
296,662,1047.3057861328125,102.14583587646484,240.839599609375,977.8541870117188,0.5524423122406006,1,6,-1
297,662,1043.4613037109375,102.69200134277344,240.0450439453125,977.3079833984375,0.5442821979522705,1,6,-1
298,662,1039.7666015625,102.37454223632812,239.122802734375,977.62548828125,0.5196203589439392,1,6,-1
301,662,1031.2022705078125,101.96250915527344,237.5777587890625,978.0374755859375,0.5029582381248474,1,6,-1
302,662,1032.12939453125,102.77971649169922,229.349853515625,977.2202758789062,0.5666877031326294,1,6,-1
303,662,1029.059326171875,103.7564697265625,227.2989501953125,976.2435302734375,0.5901923179626465,1,6,-1
304,662,1024.622314453125,104.2125015258789,228.4593505859375,975.7874755859375,0.6032045483589172,1,6,-1
305,662,1020.1184692382812,106.93769836425781,229.60052490234375,973.0623168945312,0.6050631999969482,1,6,-1
306,662,1015.0885620117188,109.27470397949219,231.00189208984375,970.7252807617188,0.5947620868682861,1,6,-1
307,662,1009.9962768554688,110.30135345458984,232.69281005859375,969.6986694335938,0.5588135123252869,1,6,-1
308,662,1004.6786499023438,109.75152587890625,232.33135986328125,970.2484741210938,0.5532743334770203,1,6,-1
309,662,997.6519775390625,110.13196563720703,235.4169921875,969.8680419921875,0.5087338089942932,1,6,-1
311,662,985.2706909179688,109.61190795898438,238.66400146484375,970.3880615234375,0.5199435949325562,1,6,-1
312,662,982.8486938476562,113.07366943359375,237.85894775390625,966.9263305664062,0.5230420827865601,1,6,-1
313,662,980.2498168945312,112.94017028808594,236.47442626953125,967.059814453125,0.5562037229537964,1,6,-1
314,662,976.0545654296875,111.19784545898438,234.956298828125,968.8021240234375,0.6177653074264526,1,6,-1
315,662,974.114990234375,110.65090942382812,231.547607421875,969.34912109375,0.6087841987609863,1,6,-1
316,662,968.7904663085938,111.96654510498047,233.59332275390625,968.033447265625,0.6874966025352478,1,6,-1
317,662,962.20654296875,111.7716293334961,236.85400390625,968.2283935546875,0.6993498802185059,1,6,-1
318,662,959.242431640625,111.11412811279297,235.9102783203125,968.8858642578125,0.7013940215110779,1,6,-1
319,662,956.7664184570312,112.32579040527344,233.77838134765625,967.6741943359375,0.647875189781189,1,6,-1
320,662,953.79345703125,114.47329711914062,231.4114990234375,965.5267333984375,0.6352582573890686,1,6,-1
321,662,951.9366455078125,114.8375244140625,229.506103515625,965.1624755859375,0.6128270030021667,1,6,-1
322,662,948.4276733398438,114.67037200927734,230.26373291015625,965.3296508789062,0.5527867674827576,1,6,-1
323,662,945.6434326171875,114.85415649414062,230.0982666015625,965.0546875,0.5782486200332642,1,6,-1
324,662,943.0789184570312,114.35205078125,229.59942626953125,965.5477294921875,0.5549203753471375,1,6,-1
325,662,940.0576171875,113.7131118774414,227.632568359375,966.2545166015625,0.5434276461601257,1,6,-1
326,662,937.109375,111.89466857910156,223.0367431640625,968.1053466796875,0.6051274538040161,1,6,-1
327,662,932.885986328125,111.03251647949219,222.3699951171875,968.9674682617188,0.6430846452713013,1,6,-1
328,662,928.9163208007812,109.52288818359375,222.53216552734375,970.4771118164062,0.643549382686615,1,6,-1
329,662,924.0408935546875,109.53390502929688,223.047119140625,970.466064453125,0.6122845411300659,1,6,-1
330,662,917.0439453125,109.65631866455078,225.060302734375,970.3436889648438,0.5916750431060791,1,6,-1
331,662,912.32763671875,108.73605346679688,223.8175048828125,971.263916015625,0.5970837473869324,1,6,-1
332,662,906.37939453125,109.36375427246094,225.531005859375,970.63623046875,0.5177204012870789,1,6,-1
333,662,901.831298828125,109.73554229736328,225.6756591796875,970.2644653320312,0.5125725269317627,1,6,-1
335,662,892.351318359375,110.02970886230469,227.2642822265625,969.9702758789062,0.5007109642028809,1,6,-1
336,662,886.7799072265625,111.99632263183594,228.27490234375,968.003662109375,0.5197052955627441,1,6,-1
337,662,880.6544189453125,110.52368927001953,226.956787109375,969.476318359375,0.5765566229820251,1,6,-1
338,662,875.1254272460938,109.92826080322266,226.12811279296875,970.0717163085938,0.640518844127655,1,6,-1
339,662,873.4801635742188,111.8561019897461,225.50933837890625,968.1439208984375,0.6447285413742065,1,6,-1
340,662,868.839111328125,113.19287109375,227.7791748046875,966.80712890625,0.6482356786727905,1,6,-1
341,662,864.3389892578125,114.58032989501953,227.2464599609375,965.419677734375,0.6637298464775085,1,6,-1
342,662,861.8713989257812,115.53326416015625,224.04254150390625,964.4667358398438,0.6458078026771545,1,6,-1
343,662,858.1311645507812,117.15457153320312,223.46307373046875,962.845458984375,0.6204055547714233,1,6,-1
344,662,855.0167846679688,117.73162841796875,223.91705322265625,962.2683715820312,0.5805389881134033,1,6,-1
345,662,852.7295532226562,119.21805572509766,222.48846435546875,960.7819213867188,0.554898738861084,1,6,-1
346,662,849.3477783203125,120.31163024902344,221.3726806640625,959.6883544921875,0.5710612535476685,1,6,-1
347,662,844.1098022460938,120.49131774902344,219.81329345703125,959.5086669921875,0.6682162880897522,1,6,-1
348,662,838.6484375,119.61328887939453,220.6895751953125,960.38671875,0.6650891900062561,1,6,-1
349,662,833.4088134765625,119.59368133544922,221.6468505859375,960.4063110351562,0.6413482427597046,1,6,-1
350,662,828.9899291992188,118.61766052246094,221.64788818359375,961.38232421875,0.6441109776496887,1,6,-1
351,662,823.3510131835938,119.31502532958984,221.80377197265625,960.6849975585938,0.6234729290008545,1,6,-1
352,662,815.1738891601562,119.15093994140625,223.65167236328125,960.8490600585938,0.6202735304832458,1,6,-1
353,662,798.7049560546875,117.90767669677734,236.009033203125,962.0923461914062,0.5913642048835754,1,6,-1
355,662,780.2913208007812,117.61219787597656,245.10357666015625,962.3878173828125,0.5043035745620728,1,6,-1
356,662,770.7405395507812,116.77725982666016,248.50897216796875,963.2227172851562,0.5210677981376648,1,6,-1
357,662,781.7998657226562,120.35540771484375,232.60125732421875,959.6445922851562,0.5437639355659485,1,6,-1
358,662,745.8443603515625,119.47022247314453,263.60064697265625,960.52978515625,0.5620487928390503,1,6,-1
359,662,758.8538818359375,119.9687271118164,247.1602783203125,960.03125,0.5393075942993164,1,6,-1
360,662,766.2861328125,121.09700775146484,236.0865478515625,958.9030151367188,0.5980258584022522,1,6,-1
361,662,770.8358154296875,120.44306945800781,227.46624755859375,959.5569458007812,0.6610986590385437,1,6,-1
362,662,769.9479370117188,120.89151763916016,223.2117919921875,959.1084594726562,0.6375246047973633,1,6,-1
363,662,765.228759765625,121.4351577758789,224.26318359375,958.5648193359375,0.6186227202415466,1,6,-1
364,662,758.1704711914062,121.3028564453125,227.6854248046875,958.6971435546875,0.5852500200271606,1,6,-1
365,662,758.051513671875,121.64373779296875,223.5467529296875,958.3562622070312,0.6015642881393433,1,6,-1
366,662,757.3609619140625,122.92477416992188,221.76409912109375,957.0751953125,0.578319787979126,1,6,-1
367,662,753.5211791992188,123.59505462646484,220.33892822265625,956.4049682617188,0.6132779121398926,1,6,-1
368,662,746.5223999023438,122.91461181640625,220.7640380859375,957.0853881835938,0.6524764895439148,1,6,-1
369,662,744.1619873046875,124.96320343017578,220.60894775390625,955.0368041992188,0.6003561019897461,1,6,-1
370,662,734.0784301757812,122.7506103515625,225.1783447265625,957.2493896484375,0.5990877747535706,1,6,-1
371,662,723.8252563476562,122.23063659667969,231.1025390625,957.7693481445312,0.5862589478492737,1,6,-1
372,662,718.681396484375,120.90113067626953,229.4552001953125,959.098876953125,0.6032045483589172,1,6,-1
373,662,698.0325927734375,120.49639892578125,243.926513671875,959.5036010742188,0.5858612060546875,1,6,-1
377,662,675.6743774414062,121.35993957519531,245.82537841796875,958.6400756835938,0.5009427070617676,1,6,-1
378,662,657.2518920898438,122.4059829711914,259.53387451171875,957.593994140625,0.5572969317436218,1,6,-1
379,662,655.3001708984375,121.98735809326172,256.85528564453125,958.0126342773438,0.542851448059082,1,6,-1
380,662,666.6990356445312,121.68365478515625,240.447021484375,958.3163452148438,0.532542884349823,1,6,-1
381,662,673.6529541015625,121.42778015136719,229.78021240234375,958.5722045898438,0.5223939418792725,1,6,-1
382,662,674.222412109375,119.91937255859375,223.91888427734375,960.0806274414062,0.6217064261436462,1,6,-1
383,662,667.874755859375,119.21435546875,225.92510986328125,960.78564453125,0.5967599749565125,1,6,-1
384,662,662.7349853515625,120.8415298461914,227.9737548828125,959.158447265625,0.5892598628997803,1,6,-1
385,662,661.9046630859375,119.84475708007812,224.32513427734375,960.1552734375,0.5969111919403076,1,6,-1
386,662,660.2643432617188,120.10574340820312,222.2584228515625,959.894287109375,0.6130989789962769,1,6,-1
387,662,655.896728515625,118.90440368652344,219.26971435546875,961.0955810546875,0.6302663683891296,1,6,-1
388,662,648.4652709960938,119.72296142578125,221.67596435546875,960.2770385742188,0.614609956741333,1,6,-1
389,662,639.1416015625,119.5015869140625,227.1087646484375,960.4984130859375,0.5949427485466003,1,6,-1
390,662,635.7127075195312,118.78218841552734,225.727783203125,961.2178344726562,0.5896649360656738,1,6,-1
391,662,630.597412109375,118.2800521850586,225.7713623046875,961.719970703125,0.5328011512756348,1,6,-1
392,662,621.4053344726562,117.76087951660156,228.87921142578125,962.2391357421875,0.5686820149421692,1,6,-1
396,662,552.0343017578125,116.72804260253906,278.80584716796875,963.27197265625,0.5314444899559021,1,6,-1
397,662,551.4711303710938,119.85227966308594,276.37384033203125,960.147705078125,0.5549625158309937,1,6,-1
398,662,547.5254516601562,122.56914520263672,275.3699951171875,957.4308471679688,0.5596214532852173,1,6,-1
399,662,524.5020751953125,122.33267211914062,293.00921630859375,957.6673583984375,0.5378028750419617,1,6,-1
400,662,506.19329833984375,121.03257751464844,306.36260986328125,958.9674072265625,0.5591861605644226,1,6,-1
401,662,544.020263671875,120.46359252929688,263.99151611328125,959.536376953125,0.6018772125244141,1,6,-1
402,662,564.5565795898438,120.30242156982422,239.93182373046875,959.6975708007812,0.5975326299667358,1,6,-1
403,662,568.6807861328125,120.55284118652344,230.20648193359375,959.4471435546875,0.586435854434967,1,6,-1
404,662,567.9092407226562,120.8182373046875,227.1971435546875,959.1817626953125,0.596921980381012,1,6,-1
405,662,563.2904052734375,119.04451751708984,228.262939453125,960.9127807617188,0.5968177914619446,1,6,-1
406,662,558.456298828125,120.17815399169922,229.407958984375,959.6979370117188,0.6256802678108215,1,6,-1
407,662,553.971435546875,121.6580581665039,226.97119140625,958.1943359375,0.5989652872085571,1,6,-1
408,662,547.9241333007812,121.848876953125,228.38250732421875,958.0892333984375,0.5720654726028442,1,6,-1
409,662,541.6473388671875,120.71861267089844,230.5489501953125,959.1800537109375,0.5491306781768799,1,6,-1
410,662,535.8417358398438,120.69164276123047,231.650146484375,959.2508544921875,0.5560401082038879,1,6,-1
411,662,529.0839233398438,120.93457794189453,233.56634521484375,958.9903564453125,0.5611131191253662,1,6,-1
412,662,524.6190185546875,121.21312713623047,228.9652099609375,958.7705078125,0.5263962745666504,1,6,-1
413,662,516.2084350585938,123.24321746826172,233.29632568359375,956.7322387695312,0.5169352889060974,1,6,-1
418,662,488.135498046875,122.39942932128906,231.0867919921875,957.6005859375,0.5012271404266357,1,6,-1
419,662,482.2320556640625,123.82648468017578,231.9046630859375,956.1735229492188,0.5965378284454346,1,6,-1
420,662,475.8015441894531,125.55049896240234,231.55935668945312,954.4495239257812,0.5836622714996338,1,6,-1
421,662,469.9925842285156,126.13334655761719,229.95205688476562,953.8666381835938,0.5801239609718323,1,6,-1
422,662,463.8631286621094,127.24855041503906,231.32888793945312,952.75146484375,0.5860534906387329,1,6,-1
423,662,459.072509765625,128.48106384277344,231.5673828125,951.5189208984375,0.5550383925437927,1,6,-1
424,662,453.0298767089844,129.4407501220703,231.06930541992188,950.5592651367188,0.5611298084259033,1,6,-1
425,662,447.0328674316406,130.45269775390625,231.25460815429688,949.5473022460938,0.5114840269088745,1,6,-1
426,662,438.6189880371094,131.467041015625,235.78689575195312,948.532958984375,0.5534725189208984,1,6,-1
429,662,408.95684814453125,130.58331298828125,247.74310302734375,949.4166870117188,0.5071811676025391,1,6,-1
431,662,395.7039489746094,129.9062042236328,249.10903930664062,950.0938110351562,0.5684658885002136,1,6,-1
432,662,389.7035827636719,130.01284790039062,244.72085571289062,949.9871826171875,0.6258828043937683,1,6,-1
433,662,381.71392822265625,129.671630859375,243.873291015625,950.328369140625,0.6362451910972595,1,6,-1
434,662,373.54437255859375,129.9438018798828,243.9324951171875,950.0562133789062,0.6386929154396057,1,6,-1
435,662,365.1864929199219,128.6307373046875,244.99288940429688,951.3692626953125,0.6039596199989319,1,6,-1
436,662,358.2818603515625,127.60009765625,244.724609375,952.39990234375,0.6000869870185852,1,6,-1
437,662,351.3441467285156,128.90966796875,246.09310913085938,951.09033203125,0.5734657049179077,1,6,-1
438,662,342.48724365234375,128.98435974121094,250.3380126953125,951.015625,0.5045479536056519,1,6,-1
443,662,300.3459777832031,125.73762512207031,262.4035949707031,954.2623901367188,0.5854886770248413,1,6,-1
444,662,291.8519287109375,124.44216918945312,264.189453125,955.557861328125,0.6633420586585999,1,6,-1
445,662,284.342529296875,122.19140625,264.1304931640625,957.80859375,0.634457528591156,1,6,-1
446,662,276.635986328125,119.36486053466797,261.99420166015625,960.6351318359375,0.5927121639251709,1,6,-1
447,662,268.4401550292969,118.10733032226562,261.9853210449219,961.8927001953125,0.5753698945045471,1,6,-1
448,662,260.7451477050781,117.65604400634766,261.5433654785156,962.2124633789062,0.5937767028808594,1,6,-1
449,662,252.19515991210938,115.76806640625,262.1555480957031,964.022216796875,0.6147893071174622,1,6,-1
450,662,242.00033569335938,113.96782684326172,264.8778381347656,965.8816528320312,0.6111010313034058,1,6,-1
451,662,228.74058532714844,113.02958679199219,272.28582763671875,966.8799438476562,0.5635585784912109,1,6,-1
452,662,220.0059051513672,116.22026824951172,275.2635498046875,963.6633911132812,0.5206148624420166,1,6,-1
453,662,213.028076171875,117.46387481689453,276.58709716796875,962.4044189453125,0.5118667483329773,1,6,-1
454,662,205.2618408203125,116.52969360351562,280.0370788574219,963.390380859375,0.5507640838623047,1,6,-1
455,662,197.31539916992188,114.84014129638672,282.79034423828125,965.0576782226562,0.6340455412864685,1,6,-1
456,662,188.17201232910156,112.77323913574219,282.484619140625,967.1858520507812,0.6527028679847717,1,6,-1
457,662,179.11729431152344,111.46038055419922,283.2432861328125,968.4920043945312,0.634759783744812,1,6,-1
458,662,170.18423461914062,110.8000259399414,283.22296142578125,969.12841796875,0.564850389957428,1,6,-1
459,662,161.3786163330078,110.63056182861328,281.00933837890625,969.3694458007812,0.5059828162193298,1,6,-1
460,662,152.3112030029297,107.89945220947266,281.46051025390625,972.1005249023438,0.5403696894645691,1,6,-1
461,662,141.79209899902344,105.45932006835938,284.2763671875,974.5406494140625,0.5671862363815308,1,6,-1
462,662,128.57785034179688,104.3776626586914,287.2330322265625,975.622314453125,0.5289129018783569,1,6,-1
463,662,118.84031677246094,102.51354217529297,287.1240234375,977.4864501953125,0.5504081845283508,1,6,-1
464,662,109.80457305908203,102.855224609375,293.8984375,977.144775390625,0.5319804549217224,1,6,-1
465,662,102.4941177368164,101.0687255859375,296.8870544433594,978.9312744140625,0.5315800905227661,1,6,-1
466,662,90.84864807128906,101.02677917480469,301.4620361328125,978.9732055664062,0.5802819132804871,1,6,-1
