36,1051,1732.054931640625,129.635986328125,186.652099609375,569.6473388671875,0.5264062881469727,1,6,-1
90,1052,1612.153564453125,0.4216747581958771,287.2735595703125,1073.937255859375,0.5314143300056458,1,6,-1
94,1052,1594.3082275390625,0.3361401855945587,308.9310302734375,1077.1407470703125,0.5118838548660278,1,6,-1
95,1052,1589.269287109375,0.21872995793819427,313.7952880859375,1069.475830078125,0.5248584747314453,1,6,-1
96,1052,1587.9407958984375,1.4024147987365723,323.17529296875,1051.550048828125,0.5005145072937012,1,6,-1
97,1052,1585.449462890625,0.5636597275733948,329.089111328125,1046.0697021484375,0.5052264332771301,1,6,-1
98,1052,1581.7781982421875,0.3613017499446869,332.653564453125,1049.0408935546875,0.5138288140296936,1,6,-1
101,1052,1568.4039306640625,0.0,333.938720703125,1071.8963623046875,0.5032679438591003,1,6,-1
102,1052,1562.2882080078125,0.0,339.5181884765625,1070.5545654296875,0.567970335483551,1,6,-1
103,1052,1557.5040283203125,0.0,339.4052734375,1076.3680419921875,0.5444191694259644,1,6,-1
104,1052,1554.267822265625,0.0,338.142578125,1079.497802734375,0.5332284569740295,1,6,-1
105,1052,1549.536865234375,0.0,342.245361328125,1080.0,0.5459973812103271,1,6,-1
106,1052,1544.9327392578125,0.0,346.966796875,1080.0,0.5575717091560364,1,6,-1
107,1052,1540.90234375,0.0,350.6900634765625,1080.0,0.5378758907318115,1,6,-1
108,1052,1536.713623046875,0.0,341.3233642578125,1080.0,0.547913670539856,1,6,-1
109,1052,1532.66064453125,0.0,326.1197509765625,1080.0,0.5863956809043884,1,6,-1
110,1052,1530.2225341796875,0.0,301.666015625,1080.0,0.5612885355949402,1,6,-1
113,1052,1522.273681640625,3.0345964431762695,379.3160400390625,1076.40478515625,0.6169862747192383,1,6,-1
114,1052,1518.6864013671875,4.3823089599609375,391.962158203125,1075.2867431640625,0.5806486010551453,1,6,-1
115,1052,1515.5623779296875,4.59758186340332,396.1363525390625,1075.269775390625,0.5705577731132507,1,6,-1
116,1052,1513.041748046875,4.540280342102051,394.0928955078125,1075.459716796875,0.5223211646080017,1,6,-1
117,1052,1507.954833984375,5.074844837188721,392.07421875,1074.9251708984375,0.5200487971305847,1,6,-1
118,1052,1502.4871826171875,5.7713727951049805,382.0948486328125,1074.2286376953125,0.5296822786331177,1,6,-1
119,1052,1494.9735107421875,2.4918127059936523,367.32373046875,1077.5081787109375,0.5646553635597229,1,6,-1
120,1052,1488.9913330078125,3.3092966079711914,350.0736083984375,1076.690673828125,0.595640242099762,1,6,-1
121,1052,1485.0782470703125,9.978435516357422,332.4403076171875,1070.0216064453125,0.5461836457252502,1,6,-1
122,1052,1482.22509765625,6.691525459289551,320.2591552734375,1073.3084716796875,0.5091466307640076,1,6,-1
123,1052,1477.76904296875,4.793235778808594,315.2906494140625,1075.206787109375,0.5665575265884399,1,6,-1
124,1052,1472.68603515625,5.464584827423096,311.72900390625,1074.21875,0.6388137340545654,1,6,-1
125,1052,1470.2386474609375,6.164871692657471,303.8211669921875,1073.8350830078125,0.6236851811408997,1,6,-1
126,1052,1465.1112060546875,6.623586654663086,297.492431640625,1073.37646484375,0.6499277949333191,1,6,-1
127,1052,1460.944580078125,6.769656181335449,291.218505859375,1073.2303466796875,0.6269190311431885,1,6,-1
128,1052,1458.6810302734375,9.420690536499023,284.2791748046875,1070.579345703125,0.6401675939559937,1,6,-1
129,1052,1454.177490234375,8.306581497192383,274.8564453125,1071.693359375,0.6463006734848022,1,6,-1
130,1052,1449.3692626953125,5.925774097442627,267.85205078125,1074.07421875,0.6616932153701782,1,6,-1
131,1052,1445.63037109375,5.107239723205566,260.4927978515625,1074.8927001953125,0.657312273979187,1,6,-1
132,1052,1440.9481201171875,4.934746265411377,257.009521484375,1075.0653076171875,0.6186854839324951,1,6,-1
133,1052,1437.6842041015625,4.951052665710449,252.2630615234375,1075.0489501953125,0.6175820231437683,1,6,-1
134,1052,1436.0146484375,4.834817886352539,245.7735595703125,1075.1651611328125,0.6947476267814636,1,6,-1
135,1052,1433.86181640625,3.8750252723693848,240.344970703125,1076.125,0.7066996693611145,1,6,-1
136,1052,1431.5137939453125,3.256403923034668,238.1390380859375,1076.6129150390625,0.7116804718971252,1,6,-1
137,1052,1428.2001953125,2.8232040405273438,238.131591796875,1076.8775634765625,0.6798973083496094,1,6,-1
138,1052,1423.073974609375,1.8512626886367798,238.927734375,1077.7977294921875,0.6938304305076599,1,6,-1
139,1052,1419.5418701171875,1.8128827810287476,237.927734375,1077.84228515625,0.7355559468269348,1,6,-1
140,1052,1415.3990478515625,1.8215177059173584,237.9420166015625,1077.7508544921875,0.7474393844604492,1,6,-1
141,1052,1408.888671875,2.5332698822021484,240.7860107421875,1077.01318359375,0.6911462545394897,1,6,-1
142,1052,1405.26416015625,1.282834529876709,241.21630859375,1078.2421875,0.7457476854324341,1,6,-1
143,1052,1397.7451171875,1.7312893867492676,243.65771484375,1077.6441650390625,0.7104434967041016,1,6,-1
144,1052,1392.0706787109375,2.76544189453125,242.4332275390625,1076.778564453125,0.6255073547363281,1,6,-1
145,1052,1387.140380859375,3.598755359649658,239.198486328125,1074.0499267578125,0.5895799994468689,1,6,-1
146,1052,1379.6763916015625,3.5390496253967285,241.919677734375,1075.4814453125,0.6124253273010254,1,6,-1
147,1052,1373.2869873046875,5.000737190246582,244.94775390625,1074.5098876953125,0.6633772253990173,1,6,-1
148,1052,1365.407470703125,6.473987102508545,249.929931640625,1073.3116455078125,0.6496075391769409,1,6,-1
149,1052,1359.365234375,8.381921768188477,251.908203125,1071.2890625,0.624140739440918,1,6,-1
150,1052,1354.9759521484375,10.898258209228516,252.51025390625,1068.96923828125,0.6102924346923828,1,6,-1
151,1052,1348.404052734375,13.454626083374023,255.928955078125,1066.380859375,0.6005370616912842,1,6,-1
152,1052,1343.67724609375,14.509005546569824,257.3046875,1065.3916015625,0.5655091404914856,1,6,-1
153,1052,1339.6209716796875,17.018552780151367,258.1785888671875,1062.911865234375,0.6165156364440918,1,6,-1
154,1052,1336.8875732421875,18.757415771484375,255.253173828125,1060.915771484375,0.5763091444969177,1,6,-1
155,1052,1332.707275390625,20.212459564208984,252.739501953125,1059.7391357421875,0.6350526809692383,1,6,-1
156,1052,1329.4669189453125,21.313922882080078,250.1044921875,1058.68603515625,0.6206350922584534,1,6,-1
157,1052,1328.4393310546875,21.901779174804688,245.286865234375,1058.08984375,0.5515854954719543,1,6,-1
158,1052,1324.2054443359375,25.600008010864258,248.377685546875,1054.31005859375,0.5528994798660278,1,6,-1
159,1052,1320.2230224609375,28.57529640197754,249.49560546875,1049.392822265625,0.5737700462341309,1,6,-1
160,1052,1316.3258056640625,31.015586853027344,252.139892578125,1048.3621826171875,0.6265337467193604,1,6,-1
161,1052,1312.19287109375,38.54860305786133,252.9786376953125,1041.436279296875,0.6355697512626648,1,6,-1
162,1052,1308.177978515625,42.88753890991211,252.1280517578125,1037.1124267578125,0.6358654499053955,1,6,-1
163,1052,1302.3101806640625,45.98880386352539,253.4609375,1034.01123046875,0.6251579523086548,1,6,-1
164,1052,1298.0860595703125,48.31086730957031,252.6834716796875,1029.4854736328125,0.6103548407554626,1,6,-1
165,1052,1290.55908203125,51.886783599853516,257.446533203125,1027.2567138671875,0.6227344870567322,1,6,-1
166,1052,1281.60546875,55.335304260253906,262.2568359375,1024.6602783203125,0.6227204203605652,1,6,-1
167,1052,1272.600830078125,56.9611701965332,263.4869384765625,1021.0635986328125,0.5998750329017639,1,6,-1
168,1052,1265.0645751953125,59.25825119018555,268.9193115234375,1020.4382934570312,0.627490758895874,1,6,-1
169,1052,1260.32421875,62.59818649291992,270.74462890625,1017.4017944335938,0.6586949825286865,1,6,-1
170,1052,1254.8074951171875,66.19763946533203,272.78759765625,1013.8023681640625,0.6645317673683167,1,6,-1
171,1052,1250.5672607421875,68.32596588134766,269.273193359375,1010.2566528320312,0.6839983463287354,1,6,-1
172,1052,1245.9691162109375,69.1754379272461,270.771240234375,1008.294677734375,0.6978980898857117,1,6,-1
173,1052,1243.1680908203125,72.54877471923828,271.39111328125,1006.9834594726562,0.6693591475486755,1,6,-1
174,1052,1240.025146484375,74.86502838134766,269.1231689453125,1005.1349487304688,0.677747368812561,1,6,-1
175,1052,1236.035888671875,77.5650634765625,267.556884765625,1002.4349365234375,0.6624999046325684,1,6,-1
176,1052,1231.91796875,81.05789947509766,262.3221435546875,997.7057495117188,0.5962938070297241,1,6,-1
177,1052,1227.1942138671875,83.43195343017578,257.219482421875,994.8003540039062,0.679844319820404,1,6,-1
178,1052,1223.0284423828125,89.4356689453125,255.0419921875,988.46875,0.7360774278640747,1,6,-1
179,1052,1217.2296142578125,89.73147583007812,259.568359375,990.221923828125,0.7297594547271729,1,6,-1
180,1052,1211.76708984375,95.95318603515625,259.6080322265625,982.5700073242188,0.6978064179420471,1,6,-1
181,1052,1205.018798828125,98.83487701416016,263.3662109375,981.1651000976562,0.7001080513000488,1,6,-1
182,1052,1200.2938232421875,102.93440246582031,262.8660888671875,977.0656127929688,0.7020238041877747,1,6,-1
183,1052,1192.5975341796875,109.14720153808594,264.14794921875,969.6448974609375,0.6952709555625916,1,6,-1
184,1052,1183.8773193359375,112.25861358642578,268.865966796875,966.0343627929688,0.7042336463928223,1,6,-1
185,1052,1176.16845703125,109.70952606201172,270.03076171875,968.1066284179688,0.6728193759918213,1,6,-1
186,1052,1169.793212890625,110.58570098876953,270.1875,967.2939453125,0.6879973411560059,1,6,-1
187,1052,1163.4140625,113.60892486572266,273.36572265625,966.1643676757812,0.6707140207290649,1,6,-1
188,1052,1156.562255859375,119.34065246582031,274.1650390625,959.0009155273438,0.6550018191337585,1,6,-1
189,1052,1148.1475830078125,122.63958740234375,280.6402587890625,956.9188842773438,0.6789937615394592,1,6,-1
190,1052,1142.0816650390625,126.74269104003906,280.182861328125,952.125244140625,0.7099553346633911,1,6,-1
191,1052,1138.1290283203125,133.63221740722656,277.137451171875,944.656005859375,0.6899926662445068,1,6,-1
192,1052,1131.797119140625,135.6120147705078,280.409912109375,944.3880004882812,0.6896447539329529,1,6,-1
193,1052,1127.5367431640625,139.4757080078125,273.156982421875,940.104248046875,0.6759545207023621,1,6,-1
194,1052,1122.414306640625,138.94117736816406,266.2861328125,940.5513916015625,0.6575092077255249,1,6,-1
195,1052,1116.7786865234375,145.32366943359375,264.7515869140625,933.8483276367188,0.6884942054748535,1,6,-1
196,1052,1111.6097412109375,155.2042236328125,266.4931640625,923.95458984375,0.6423202753067017,1,6,-1
197,1052,1104.2584228515625,159.98898315429688,269.5050048828125,918.890625,0.6628222465515137,1,6,-1
198,1052,1096.608642578125,164.46621704101562,270.765380859375,915.5338134765625,0.646730899810791,1,6,-1
199,1052,1083.37109375,166.75758361816406,278.23095703125,913.1591796875,0.6237699389457703,1,6,-1
200,1052,1075.876708984375,168.20819091796875,281.814697265625,911.7918090820312,0.6386227011680603,1,6,-1
201,1052,1068.9725341796875,169.08047485351562,281.1195068359375,910.9195556640625,0.6131451725959778,1,6,-1
202,1052,1061.2762451171875,172.24461364746094,285.1705322265625,907.75537109375,0.6313437223434448,1,6,-1
203,1052,1055.78857421875,175.80215454101562,285.177001953125,904.1978759765625,0.6000080108642578,1,6,-1
204,1052,1050.8973388671875,178.19569396972656,283.968017578125,901.8043212890625,0.6008081436157227,1,6,-1
205,1052,1046.752197265625,182.83123779296875,282.8511962890625,897.1687622070312,0.5578810572624207,1,6,-1
208,1052,1031.5885009765625,188.4097137451172,272.701171875,891.5902709960938,0.5262956619262695,1,6,-1
209,1052,1027.226806640625,196.37258911132812,264.963623046875,883.62744140625,0.5130528211593628,1,6,-1
211,1052,1013.3800659179688,205.04739379882812,266.21929931640625,874.95263671875,0.6083659529685974,1,6,-1
212,1052,1007.7621459960938,178.8488006591797,267.62896728515625,901.1511840820312,0.5410835146903992,1,6,-1
218,1052,970.8934326171875,100.12310028076172,267.9658203125,978.6091918945312,0.5044936537742615,1,6,-1
226,1052,956.5195922851562,105.80863189697266,228.15582275390625,973.9362182617188,0.5707085132598877,1,6,-1
229,1052,940.2153930664062,258.0103759765625,227.92156982421875,821.9896240234375,0.6110116243362427,1,6,-1
230,1052,934.5848999023438,288.2061767578125,226.85968017578125,791.7938232421875,0.5515560507774353,1,6,-1
231,1052,928.27783203125,302.9044189453125,226.181640625,777.0955810546875,0.5691140294075012,1,6,-1
232,1052,922.968994140625,309.5514221191406,225.3441162109375,770.4486083984375,0.5228322148323059,1,6,-1
233,1052,920.161865234375,271.3318786621094,223.76611328125,808.6680908203125,0.5388472080230713,1,6,-1
241,1052,902.8900146484375,375.576416015625,191.984619140625,704.423583984375,0.504583477973938,1,6,-1
307,1055,436.04180908203125,516.201904296875,254.054931640625,563.798095703125,0.5695102214813232,1,0,-1
309,1055,402.41510009765625,520.539306640625,271.19940185546875,559.460693359375,0.545997142791748,1,0,-1
311,1055,388.5399475097656,506.0728759765625,267.8539733886719,573.9271240234375,0.508915901184082,1,6,-1
312,1055,382.6452331542969,511.09552001953125,266.1798400878906,568.9044799804688,0.6311963200569153,1,6,-1
314,1055,359.9097595214844,509.41119384765625,269.3751525878906,570.5888061523438,0.5014448165893555,1,6,-1
316,1055,347.65362548828125,519.04443359375,259.9676513671875,560.95556640625,0.5317739844322205,1,0,-1
317,1055,339.0090637207031,519.013427734375,258.3727111816406,560.986572265625,0.604080319404602,1,0,-1
318,1055,323.9391174316406,518.9566650390625,267.9327087402344,561.0433349609375,0.5704347491264343,1,0,-1
319,1055,310.24713134765625,519.2632446289062,271.83349609375,560.7367553710938,0.6060245633125305,1,0,-1
320,1055,298.94744873046875,519.50390625,276.5889892578125,560.49609375,0.5397945046424866,1,0,-1
321,1055,292.5936584472656,525.1760864257812,279.6324768066406,554.6858520507812,0.6115974187850952,1,6,-1
322,1055,286.5296630859375,521.2399291992188,271.17987060546875,558.6940307617188,0.5587702989578247,1,0,-1
325,1055,260.5699768066406,521.1947021484375,271.2201843261719,558.8052978515625,0.5262707471847534,1,0,-1
327,1055,250.13626098632812,521.3802490234375,261.16619873046875,558.6197509765625,0.5607866644859314,1,0,-1
328,1055,242.16168212890625,521.7966918945312,261.0865783691406,558.2033081054688,0.553686261177063,1,0,-1
329,1055,226.73777770996094,522.1868286132812,271.20977783203125,557.8131713867188,0.6087080836296082,1,0,-1
330,1055,215.036865234375,524.5069580078125,273.44525146484375,555.4930419921875,0.5800812244415283,1,0,-1
331,1055,203.95022583007812,529.5961303710938,277.8020935058594,550.4038696289062,0.640957236289978,1,0,-1
332,1055,196.3646697998047,533.7031860351562,282.3011474609375,546.2968139648438,0.6005235910415649,1,0,-1
333,1055,191.2576446533203,536.1831665039062,279.88043212890625,543.8168334960938,0.5539116263389587,1,0,-1
334,1055,185.41546630859375,539.1466674804688,274.8985595703125,540.8533325195312,0.5593014359474182,1,0,-1
335,1055,179.042724609375,544.060791015625,273.63311767578125,535.939208984375,0.5228396058082581,1,0,-1
336,1055,173.10153198242188,547.6898193359375,272.3059387207031,532.3101806640625,0.5022980570793152,1,0,-1
337,1055,164.91371154785156,548.2112426757812,270.9803466796875,531.7887573242188,0.5071150064468384,1,0,-1
338,1055,157.61087036132812,550.294677734375,270.71832275390625,529.705322265625,0.566387414932251,1,0,-1
339,1055,153.9911346435547,555.6107177734375,271.5054931640625,524.3892822265625,0.665603756904602,1,0,-1
340,1055,150.66604614257812,559.4183959960938,270.532470703125,520.5816040039062,0.6819751262664795,1,0,-1
341,1055,146.0393524169922,563.0451049804688,268.62835693359375,516.9548950195312,0.7321295738220215,1,0,-1
342,1055,140.89891052246094,565.5363159179688,267.28594970703125,514.4636840820312,0.7522907853126526,1,0,-1
343,1055,136.12890625,567.564697265625,268.47918701171875,512.435302734375,0.7385173439979553,1,0,-1
344,1055,129.97647094726562,571.8153686523438,272.8841247558594,508.18109130859375,0.7301093339920044,1,0,-1
345,1055,124.14122772216797,577.1710815429688,275.8558044433594,502.72845458984375,0.7153333425521851,1,0,-1
346,1055,119.48062896728516,581.4080810546875,275.8610534667969,498.450927734375,0.7088640332221985,1,0,-1
347,1055,116.82372283935547,585.6107788085938,274.7242736816406,494.19610595703125,0.6756967902183533,1,0,-1
348,1055,113.96558380126953,589.3297729492188,273.9209899902344,490.43670654296875,0.6567128896713257,1,0,-1
349,1055,109.7668228149414,590.8609008789062,275.25408935546875,488.83306884765625,0.6039538383483887,1,0,-1
350,1055,106.44580841064453,595.8411865234375,277.1187744140625,483.8287353515625,0.6127142310142517,1,0,-1
351,1055,105.15342712402344,600.752685546875,276.25238037109375,478.8853759765625,0.6346653699874878,1,0,-1
352,1055,103.47367858886719,603.298583984375,273.72967529296875,476.3145751953125,0.5970078110694885,1,0,-1
353,1055,102.19989013671875,606.7525634765625,268.7322692871094,472.8399658203125,0.6335527300834656,1,0,-1
354,1055,100.6358871459961,611.4178466796875,263.8818054199219,468.107421875,0.6707116961479187,1,0,-1
355,1055,98.89038848876953,615.41015625,260.4733581542969,464.0401611328125,0.6974670886993408,1,0,-1
356,1055,97.5119857788086,618.158935546875,258.369873046875,461.2266845703125,0.6513338685035706,1,0,-1
357,1055,95.78382873535156,622.2320556640625,256.5614013671875,457.1585693359375,0.5516025424003601,1,0,-1
360,1055,81.48426055908203,629.852294921875,256.4772644042969,450.147705078125,0.5399413704872131,1,0,-1
361,1055,79.9205322265625,632.1859741210938,253.20443725585938,447.81402587890625,0.6359597444534302,1,0,-1
362,1055,77.74688720703125,635.1500244140625,250.9300537109375,444.8499755859375,0.664982795715332,1,0,-1
363,1055,74.76956176757812,637.0426025390625,248.4771728515625,442.9573974609375,0.6735447645187378,1,0,-1
364,1055,71.22659301757812,638.3370361328125,245.90103149414062,441.6629638671875,0.6614561676979065,1,0,-1
365,1055,68.75809478759766,638.4834594726562,243.78982543945312,441.51654052734375,0.6550729274749756,1,0,-1
366,1055,66.29415130615234,643.3356323242188,243.593505859375,436.66436767578125,0.5610038638114929,1,0,-1
367,1055,63.3958854675293,647.8032836914062,244.21229553222656,432.19671630859375,0.569304883480072,1,0,-1
368,1055,60.82493591308594,652.7000122070312,245.36924743652344,427.29998779296875,0.5663281083106995,1,0,-1
369,1055,59.96551513671875,655.1524047851562,244.29800415039062,424.84759521484375,0.6189727783203125,1,0,-1
370,1055,60.31113052368164,657.4876098632812,241.2862548828125,422.51239013671875,0.6399834752082825,1,0,-1
371,1055,60.34908676147461,660.8208618164062,237.62530517578125,419.17913818359375,0.6584144234657288,1,0,-1
372,1055,58.791404724121094,665.1342163085938,236.05035400390625,414.86578369140625,0.6692343950271606,1,0,-1
373,1055,57.69680404663086,668.5708618164062,235.43048095703125,411.42913818359375,0.6645894050598145,1,0,-1
374,1055,56.55825424194336,673.43408203125,234.80316162109375,406.56591796875,0.7016443014144897,1,0,-1
375,1055,52.69308090209961,677.2769775390625,237.08486938476562,402.7230224609375,0.7139872908592224,1,0,-1
376,1055,45.601341247558594,680.246337890625,242.23687744140625,399.753662109375,0.6885122060775757,1,0,-1
377,1055,41.70731735229492,684.6704711914062,244.65074157714844,395.32952880859375,0.6991808414459229,1,0,-1
378,1055,38.687660217285156,688.7774658203125,245.78707885742188,391.2225341796875,0.6934462785720825,1,0,-1
379,1055,38.2313346862793,692.9805297851562,243.67784118652344,387.01947021484375,0.6114141345024109,1,0,-1
380,1055,38.99739456176758,698.7041625976562,237.8888397216797,381.29583740234375,0.547864556312561,1,0,-1
381,1055,33.18814468383789,705.6109619140625,237.81057739257812,374.3890380859375,0.537523627281189,1,0,-1
389,1055,9.545829772949219,762.2869873046875,212.00146484375,317.7130126953125,0.5520672798156738,1,0,-1
390,1055,13.00739574432373,768.5690307617188,200.25241088867188,311.43096923828125,0.6004208326339722,1,0,-1
391,1055,13.822592735290527,775.7686767578125,191.17625427246094,304.2313232421875,0.635917603969574,1,0,-1
392,1055,12.085582733154297,783.1646118164062,185.4210205078125,296.83538818359375,0.6392070651054382,1,0,-1
393,1055,10.464924812316895,788.624755859375,180.6090850830078,291.375244140625,0.6249287724494934,1,0,-1
394,1055,8.246318817138672,793.2599487304688,173.5941619873047,286.74005126953125,0.5618912577629089,1,0,-1
395,1055,9.469799995422363,797.56689453125,163.84503173828125,282.3878173828125,0.5489607453346252,1,0,-1
396,1055,5.4345479011535645,805.1712646484375,162.43734741210938,274.63330078125,0.5376143455505371,1,0,-1
397,1055,1.2194496393203735,811.6954956054688,162.26254272460938,267.98626708984375,0.5368136167526245,1,0,-1
400,1055,0.0,821.8125610351562,143.52207946777344,258.18743896484375,0.557792603969574,1,0,-1
401,1055,0.0,824.8589477539062,137.1416473388672,255.14105224609375,0.5939874649047852,1,0,-1
402,1055,0.0,827.3748779296875,131.2600860595703,252.6251220703125,0.5972645282745361,1,0,-1
403,1055,0.0,830.7128295898438,128.45538330078125,249.28717041015625,0.6688941717147827,1,0,-1
404,1055,0.0,834.203857421875,122.77305603027344,245.5950927734375,0.7072998881340027,1,0,-1
405,1055,0.0,833.92822265625,118.85598754882812,245.6390380859375,0.6659373044967651,1,0,-1
406,1055,0.0,834.558837890625,112.38194274902344,244.814208984375,0.6374571323394775,1,0,-1
407,1055,0.0,834.6998901367188,107.41287994384766,244.55462646484375,0.6478643417358398,1,0,-1
408,1055,0.0,834.9679565429688,101.56952667236328,244.24993896484375,0.6428921818733215,1,0,-1
409,1055,0.0,835.906982421875,98.06922912597656,243.30517578125,0.5832622051239014,1,0,-1
410,1055,0.0,835.6399536132812,92.87773895263672,243.69439697265625,0.5713380575180054,1,0,-1
411,1055,0.0,835.384033203125,87.29623413085938,243.9803466796875,0.5508878231048584,1,0,-1
412,1055,0.0,834.9196166992188,85.00066375732422,244.43548583984375,0.5221666097640991,1,0,-1
413,1055,0.0,835.1421508789062,81.41426849365234,244.27203369140625,0.5172357559204102,1,0,-1
414,1055,0.0,836.4959106445312,77.2923583984375,242.97052001953125,0.5012499094009399,1,0,-1
470,1059,578.1381225585938,196.800048828125,154.49664306640625,176.05349731445312,0.6384479403495789,1,13,-1
472,1059,575.849609375,189.9333953857422,156.0526123046875,180.08509826660156,0.5218946933746338,1,13,-1
