1,1,913.7618408203125,432.30938720703125,115.5267333984375,298.6370849609375,0.5692398548126221,1,13,-1
2,1,914.2755126953125,435.0478515625,114.625244140625,295.3214111328125,0.5760182738304138,1,13,-1
5,2,255.809814453125,183.4412078857422,67.45965576171875,163.1020050048828,0.5547806620597839,1,6,-1
6,1,912.9175415039062,426.5013427734375,112.33990478515625,296.830078125,0.5671250820159912,1,13,-1
7,1,911.1558837890625,428.8886413574219,112.294677734375,290.9471130371094,0.6078152656555176,1,13,-1
8,1,910.1812133789062,426.6482238769531,112.6729736328125,290.1076965332031,0.6456762552261353,1,13,-1
9,1,908.9105834960938,419.2739562988281,112.7786865234375,295.4612731933594,0.5823079943656921,1,13,-1
10,1,909.2020874023438,415.2850341796875,112.24273681640625,297.38189697265625,0.5342490077018738,1,13,-1
11,1,907.321533203125,411.30511474609375,112.0296630859375,300.541015625,0.6432702541351318,1,13,-1
12,1,905.3229370117188,406.4463806152344,112.28717041015625,304.5771179199219,0.7125664949417114,1,13,-1
12,2,244.41976928710938,190.92701721191406,71.23974609375,131.54014587402344,0.549552321434021,1,6,-1
13,1,903.4089965820312,402.087158203125,114.9141845703125,307.07183837890625,0.6660221815109253,1,13,-1
14,1,901.1592407226562,397.3750915527344,115.6756591796875,308.9062194824219,0.7044685482978821,1,13,-1
15,1,899.6144409179688,396.0140380859375,116.4549560546875,307.89593505859375,0.7044111490249634,1,13,-1
16,1,895.9232788085938,397.30206298828125,117.90625,300.964111328125,0.6931253671646118,1,13,-1
17,1,893.6845092773438,396.5989685058594,118.4158935546875,298.4684753417969,0.7326895594596863,1,13,-1
18,1,892.4181518554688,393.2431640625,117.7371826171875,298.466552734375,0.7509163618087769,1,13,-1
19,1,891.6248779296875,391.0503234863281,117.398681640625,297.1156921386719,0.7618442177772522,1,13,-1
20,1,888.818115234375,389.8453369140625,118.658447265625,297.877685546875,0.7515174746513367,1,13,-1
21,1,885.2344970703125,386.0188293457031,119.7913818359375,300.2661437988281,0.7454810738563538,1,13,-1
22,1,883.9132080078125,384.58270263671875,119.706298828125,298.10137939453125,0.7371591925621033,1,13,-1
23,1,880.8352661132812,383.08831787109375,121.99273681640625,295.87786865234375,0.6207113862037659,1,13,-1
24,1,875.4998779296875,380.99017333984375,123.33697509765625,297.8143310546875,0.5042604207992554,1,13,-1
26,1,869.9686279296875,374.46539306640625,118.93829345703125,297.9031982421875,0.6500886082649231,1,13,-1
27,1,868.2205200195312,373.84912109375,115.85247802734375,293.4130859375,0.5447186231613159,1,13,-1
28,1,864.8933715820312,371.4416198730469,112.586669921875,284.3152770996094,0.5532863140106201,1,13,-1
29,1,862.490478515625,372.070556640625,109.541015625,285.897216796875,0.5127812027931213,1,13,-1
32,1,853.317626953125,359.3951416015625,112.66162109375,302.42181396484375,0.6095548272132874,1,13,-1
33,1,851.1172485351562,358.0364990234375,111.746826171875,300.5482177734375,0.6821706891059875,1,13,-1
34,1,848.7393798828125,356.66015625,113.0010986328125,300.0797119140625,0.7005305886268616,1,13,-1
35,1,847.5647583007812,351.44805908203125,113.81109619140625,303.0859375,0.7258346080780029,1,13,-1
36,1,845.452392578125,350.544921875,115.05157470703125,300.410400390625,0.6902514696121216,1,13,-1
37,1,844.4445190429688,352.335205078125,114.53448486328125,295.890869140625,0.655890941619873,1,13,-1
38,1,841.1890869140625,355.97869873046875,116.5091552734375,291.6112060546875,0.7120482325553894,1,13,-1
39,1,837.779296875,356.2641906738281,117.928466796875,289.5134582519531,0.6976904273033142,1,13,-1
40,1,834.1928100585938,353.9604187011719,118.67987060546875,289.8539123535156,0.6533911228179932,1,13,-1
41,1,831.9652709960938,349.736328125,116.5233154296875,292.06219482421875,0.6769247055053711,1,13,-1
42,1,828.9666137695312,347.5572814941406,117.28302001953125,294.2107849121094,0.686941921710968,1,13,-1
43,1,825.9063110351562,345.8578796386719,116.25726318359375,292.2441101074219,0.678900420665741,1,13,-1
44,1,824.4595947265625,345.2236022949219,114.45355224609375,290.2156066894531,0.6511915326118469,1,13,-1
45,1,822.3749389648438,344.1462707519531,114.18511962890625,291.7749938964844,0.6968140602111816,1,13,-1
46,1,819.8396606445312,343.2496032714844,114.7821044921875,291.5894470214844,0.6876041889190674,1,13,-1
47,1,818.1940307617188,343.0771179199219,114.03753662109375,289.0249938964844,0.722924530506134,1,13,-1
48,1,816.3228149414062,341.90008544921875,113.15106201171875,287.76776123046875,0.7061312794685364,1,13,-1
49,1,813.302490234375,341.7090759277344,113.3592529296875,286.7955627441406,0.7089162468910217,1,13,-1
50,1,812.1066284179688,340.72216796875,112.860595703125,285.56280517578125,0.672906219959259,1,13,-1
51,1,810.0818481445312,339.49359130859375,111.40911865234375,283.9493408203125,0.6830458641052246,1,13,-1
52,1,807.047119140625,337.99774169921875,111.53436279296875,283.3251953125,0.6859379410743713,1,13,-1
52,3,1316.3070068359375,154.74496459960938,603.132080078125,309.69635009765625,0.5269178748130798,1,16,-1
53,1,805.2594604492188,338.11163330078125,110.55023193359375,280.74505615234375,0.6522080898284912,1,13,-1
53,3,1319.58837890625,151.01966857910156,599.7633056640625,307.87469482421875,0.5194334983825684,1,16,-1
54,1,801.9853515625,333.9362487792969,112.1270751953125,285.8915710449219,0.6599757075309753,1,13,-1
54,3,1291.66357421875,150.761962890625,627.64892578125,314.28802490234375,0.5531343817710876,1,16,-1
55,1,800.2513427734375,332.37603759765625,112.09747314453125,285.77459716796875,0.5745556354522705,1,13,-1
55,3,1306.67626953125,139.30860900878906,612.7603759765625,317.4482421875,0.5252606272697449,1,16,-1
56,1,797.3607177734375,330.3070373535156,112.43365478515625,286.2505798339844,0.6017965078353882,1,13,-1
56,3,1327.042724609375,137.62811279296875,592.760986328125,308.406005859375,0.5677399039268494,1,16,-1
57,1,796.4398803710938,330.7677917480469,111.76373291015625,283.6656799316406,0.6506632566452026,1,13,-1
57,3,1351.5133056640625,133.60203552246094,568.408935546875,301.80206298828125,0.5819594264030457,1,16,-1
58,1,794.727294921875,327.6444091796875,112.28399658203125,286.01287841796875,0.5945712924003601,1,13,-1
58,3,1363.894775390625,126.00806427001953,555.914794921875,298.0043640136719,0.6692511439323425,1,16,-1
59,1,792.9147338867188,323.2798767089844,112.8206787109375,290.5060119628906,0.6386352181434631,1,13,-1
59,3,1360.00048828125,122.12130737304688,559.99951171875,306.9086608886719,0.6032179594039917,1,16,-1
60,1,788.7506103515625,319.84326171875,114.88250732421875,294.3707275390625,0.5377104878425598,1,13,-1
60,3,1296.30712890625,112.86955261230469,623.69287109375,335.3629150390625,0.671052098274231,1,16,-1
61,3,1320.8790283203125,109.10611724853516,599.1209716796875,325.4883117675781,0.7010813355445862,1,16,-1
62,3,1330.70849609375,107.68768310546875,589.28271484375,321.4754943847656,0.6950717568397522,1,16,-1
62,1,780.65087890625,316.1277160644531,115.25115966796875,293.2929382324219,0.5493544936180115,1,13,-1
63,3,1330.1376953125,108.30018615722656,589.595947265625,324.408203125,0.6997636556625366,1,16,-1
63,1,776.2703857421875,313.79632568359375,116.4378662109375,293.1138916015625,0.5799915194511414,1,13,-1
64,3,1313.29052734375,100.83305358886719,606.70947265625,337.67022705078125,0.6829994320869446,1,16,-1
64,1,773.460693359375,312.5257263183594,115.69830322265625,295.2566833496094,0.5766618847846985,1,13,-1
65,3,1274.1671142578125,93.97041320800781,645.727783203125,346.597412109375,0.6825528740882874,1,16,-1
65,1,770.3169555664062,311.5406799316406,114.8883056640625,292.8035583496094,0.5869115591049194,1,13,-1
66,3,1291.803466796875,84.57057189941406,628.196533203125,346.87200927734375,0.6819659471511841,1,16,-1
66,1,767.785400390625,311.01312255859375,114.39373779296875,279.31683349609375,0.6204971671104431,1,13,-1
67,3,1289.23974609375,79.17302703857422,630.44482421875,346.90313720703125,0.6950116753578186,1,16,-1
67,1,766.3850708007812,311.8421630859375,112.242431640625,282.15655517578125,0.6577222347259521,1,13,-1
68,3,1283.38818359375,73.43392944335938,636.61181640625,348.4931640625,0.7083054780960083,1,16,-1
68,1,764.1077270507812,310.0281066894531,112.48822021484375,285.5617980957031,0.5968944430351257,1,13,-1
69,3,1275.0294189453125,70.56316375732422,644.279052734375,353.85504150390625,0.7045161724090576,1,16,-1
69,1,761.3311157226562,307.43719482421875,111.03350830078125,288.28778076171875,0.6640015840530396,1,13,-1
70,3,1320.572509765625,61.054298400878906,599.427490234375,343.8362121582031,0.7877389192581177,1,16,-1
70,1,759.1345825195312,308.8943176269531,110.7972412109375,285.5265808105469,0.7344511151313782,1,13,-1
71,3,1336.098876953125,57.70627212524414,583.3466796875,341.8940124511719,0.7912868857383728,1,16,-1
71,1,756.3568115234375,306.5520935058594,112.58087158203125,287.3368225097656,0.7405703067779541,1,13,-1
72,3,1316.331787109375,47.966434478759766,603.56005859375,354.62744140625,0.7201142907142639,1,16,-1
72,1,753.4419555664062,303.8960876464844,114.11962890625,288.1508483886719,0.7760717272758484,1,13,-1
73,3,1317.480224609375,39.543357849121094,601.969970703125,361.156982421875,0.7390824556350708,1,16,-1
73,1,751.5118408203125,301.535400390625,115.54010009765625,288.82269287109375,0.7487463355064392,1,13,-1
73,5,756.1397705078125,738.5693359375,110.85595703125,306.6512451171875,0.5234108567237854,1,6,-1
74,3,1275.9588623046875,31.17319679260254,644.0411376953125,384.2854919433594,0.6916202902793884,1,16,-1
74,1,749.3428955078125,299.6345520019531,116.36077880859375,288.4921569824219,0.7493575811386108,1,13,-1
74,5,753.7720336914062,734.5062255859375,108.93292236328125,309.868896484375,0.5057125091552734,1,6,-1
75,3,1301.94384765625,24.946533203125,618.05615234375,373.3564758300781,0.6815625429153442,1,16,-1
75,1,747.6312255859375,298.66510009765625,117.097412109375,287.75079345703125,0.7040977478027344,1,13,-1
75,5,751.8616943359375,729.4407958984375,110.2362060546875,317.6080322265625,0.5106609463691711,1,6,-1
76,3,1263.642333984375,20.860919952392578,656.357666015625,389.8322448730469,0.6245935559272766,1,16,-1
76,1,745.5432739257812,296.1253356933594,118.5452880859375,288.7331237792969,0.7419155240058899,1,13,-1
77,3,1250.4532470703125,17.884159088134766,669.5458984375,397.8272399902344,0.6610037088394165,1,16,-1
77,1,744.952392578125,296.62091064453125,118.20611572265625,286.101806640625,0.7257834076881409,1,13,-1
78,3,1250.2666015625,16.634777069091797,669.60595703125,395.63568115234375,0.6647160649299622,1,16,-1
78,1,743.5821533203125,295.375244140625,119.0052490234375,286.32635498046875,0.6490170955657959,1,13,-1
79,3,1253.1715087890625,14.940030097961426,666.8284912109375,391.7187805175781,0.6491988301277161,1,16,-1
79,1,743.29736328125,293.5520935058594,118.06304931640625,284.3854675292969,0.6996800303459167,1,13,-1
80,3,1246.8167724609375,12.095606803894043,673.1832275390625,395.22808837890625,0.690791666507721,1,16,-1
80,1,743.6962890625,292.3980712890625,117.54534912109375,282.4219970703125,0.6974489688873291,1,13,-1
81,3,1241.8819580078125,10.744068145751953,678.1180419921875,396.9751892089844,0.6588716506958008,1,16,-1
81,1,743.5813598632812,291.20660400390625,116.845947265625,281.61151123046875,0.6095021367073059,1,13,-1
82,3,1261.9189453125,10.934077262878418,657.6614990234375,386.69256591796875,0.6051964163780212,1,16,-1
82,1,742.1598510742188,290.3844909667969,118.04443359375,280.9397888183594,0.5638487339019775,1,13,-1
83,3,1247.912841796875,6.236946105957031,671.7442626953125,387.96966552734375,0.6413611769676208,1,16,-1
84,3,1261.3209228515625,2.4935481548309326,658.3167724609375,386.9753723144531,0.6527126431465149,1,16,-1
85,3,1256.6126708984375,0.0,663.3873291015625,385.321044921875,0.63593989610672,1,16,-1
86,3,1229.9310302734375,0.0,689.7208251953125,397.41241455078125,0.6579324007034302,1,16,-1
87,3,1235.393310546875,0.0,684.457275390625,391.1782531738281,0.6702751517295837,1,16,-1
88,3,1237.914794921875,0.0,681.6405029296875,389.93695068359375,0.6402164101600647,1,16,-1
89,3,1236.8837890625,0.0,682.9039306640625,397.57220458984375,0.6518535017967224,1,16,-1
90,3,1235.5306396484375,0.0,684.4080810546875,396.4592590332031,0.6604805588722229,1,16,-1
91,3,1287.98193359375,0.0,631.956298828125,370.8423767089844,0.6697954535484314,1,16,-1
92,3,1267.5955810546875,0.0,652.4044189453125,377.54620361328125,0.6558156609535217,1,16,-1
93,3,1249.5914306640625,0.0,670.29833984375,378.9359436035156,0.6514269113540649,1,16,-1
94,3,1238.8060302734375,0.0,680.8734130859375,386.17095947265625,0.6814682483673096,1,16,-1
95,3,1233.2103271484375,0.0,686.7896728515625,384.1650390625,0.6124126315116882,1,16,-1
96,3,1224.1295166015625,0.0,695.4754638671875,382.7464904785156,0.6236479878425598,1,16,-1
97,3,1218.99951171875,0.0,698.827392578125,385.2475891113281,0.6188440918922424,1,16,-1
98,3,1218.4617919921875,0.0,693.615966796875,387.0653076171875,0.665191113948822,1,16,-1
98,1,743.401611328125,261.7768859863281,118.1800537109375,286.6679992675781,0.5144436955451965,1,13,-1
99,3,1219.61083984375,0.0,688.45068359375,385.5824279785156,0.6811061501502991,1,16,-1
99,1,747.3538208007812,260.56158447265625,116.2867431640625,285.76123046875,0.650145411491394,1,13,-1
100,3,1250.10205078125,0.11285977810621262,648.39111328125,372.1446228027344,0.707012951374054,1,16,-1
100,1,750.4611206054688,260.7387390136719,114.22998046875,284.0101623535156,0.6436395049095154,1,13,-1
101,3,1239.7662353515625,0.0,655.98681640625,376.0613098144531,0.6884192824363708,1,16,-1
101,1,752.7491455078125,256.9488220214844,113.3238525390625,288.1701354980469,0.6334376931190491,1,13,-1
102,3,1267.40576171875,0.023369112983345985,629.162841796875,365.03411865234375,0.7027647495269775,1,16,-1
102,1,754.596923828125,254.1842498779297,113.5570068359375,290.0491943359375,0.7387750744819641,1,13,-1
103,3,1265.4517822265625,0.029794437810778618,630.8690185546875,364.6635437011719,0.7093987464904785,1,16,-1
103,1,756.4051513671875,253.16705322265625,114.4180908203125,290.54925537109375,0.7034882307052612,1,13,-1
104,3,1274.2236328125,0.0,616.6011962890625,360.9415283203125,0.7472776770591736,1,16,-1
104,1,759.971923828125,250.21722412109375,115.01190185546875,291.981201171875,0.6150221228599548,1,13,-1
105,3,1261.6634521484375,0.09000375121831894,623.64453125,364.8409729003906,0.7264598608016968,1,16,-1
106,3,1272.746337890625,0.0,603.8037109375,361.4610900878906,0.7010399103164673,1,16,-1
107,3,1265.358642578125,0.20694683492183685,608.7327880859375,360.57122802734375,0.7219427227973938,1,16,-1
108,3,1277.0355224609375,0.0,588.541015625,353.89129638671875,0.7201043367385864,1,16,-1
108,1,775.8654174804688,246.44883728027344,117.23712158203125,285.8448486328125,0.5560752153396606,1,13,-1
109,3,1265.370849609375,0.3249730169773102,587.4541015625,359.5401916503906,0.7314789295196533,1,16,-1
110,3,1291.030517578125,0.0,557.4776611328125,348.5897521972656,0.6761806011199951,1,16,-1
111,3,1294.0947265625,0.2472018003463745,546.1241455078125,343.6690368652344,0.6975714564323425,1,16,-1
112,3,1307.7232666015625,0.0,527.3909912109375,339.9140930175781,0.6875882148742676,1,16,-1
113,3,1344.262939453125,0.16712945699691772,484.99755859375,322.576171875,0.7096438407897949,1,16,-1
114,3,1350.22998046875,0.0,475.9114990234375,317.8852233886719,0.5871392488479614,1,16,-1
115,3,1327.93359375,0.0,495.1915283203125,331.07891845703125,0.5847153067588806,1,16,-1
116,3,1327.5638427734375,0.07244914770126343,498.4212646484375,327.1525573730469,0.6055127382278442,1,16,-1
117,3,1331.0137939453125,0.0,493.242919921875,331.81085205078125,0.5442618727684021,1,16,-1
118,3,1316.513916015625,0.1173015758395195,508.34228515625,338.1439514160156,0.5331212878227234,1,16,-1
124,1,843.6450805664062,217.9108428955078,111.1387939453125,276.80194091796875,0.5183090567588806,1,13,-1
125,1,843.9148559570312,214.02365112304688,113.438232421875,277.07940673828125,0.6317172050476074,1,13,-1
126,1,845.01318359375,211.55792236328125,114.92236328125,279.8450012207031,0.5875516533851624,1,13,-1
127,1,845.2188720703125,208.37326049804688,115.3470458984375,282.15924072265625,0.5855168700218201,1,13,-1
128,1,846.7423095703125,205.92703247070312,115.22802734375,282.7624816894531,0.5702986121177673,1,13,-1
232,6,861.1539916992188,996.8536376953125,126.7939453125,82.423095703125,0.6673648953437805,1,0,-1
233,6,860.720947265625,995.7194213867188,128.04022216796875,83.26556396484375,0.7012404203414917,1,0,-1
234,6,861.0634765625,992.233154296875,128.111572265625,87.04931640625,0.663356602191925,1,0,-1
235,6,863.0347290039062,989.697998046875,126.55047607421875,89.770263671875,0.633682370185852,1,0,-1
236,6,864.0374145507812,987.2511596679688,127.04534912109375,92.38348388671875,0.5300379395484924,1,0,-1
237,6,864.2388916015625,981.34521484375,125.74749755859375,98.35400390625,0.5776838064193726,1,0,-1
238,6,864.3109741210938,976.5585327148438,125.9168701171875,103.16839599609375,0.7013680338859558,1,0,-1
239,6,864.60546875,973.5017700195312,125.9835205078125,106.26202392578125,0.6877037286758423,1,0,-1
240,6,864.4240112304688,970.7649536132812,127.06341552734375,109.00360107421875,0.6430296301841736,1,0,-1
241,6,864.9307250976562,967.6275634765625,126.64947509765625,112.150146484375,0.6158922910690308,1,0,-1
242,6,865.1734008789062,965.1847534179688,126.67645263671875,114.58465576171875,0.620130181312561,1,0,-1
243,6,864.9632568359375,960.3292846679688,128.5059814453125,119.38214111328125,0.6758772134780884,1,0,-1
244,6,865.5381469726562,954.366455078125,129.05352783203125,125.2803955078125,0.7285032272338867,1,0,-1
245,6,866.3064575195312,950.079345703125,128.94329833984375,129.5579833984375,0.709443986415863,1,0,-1
246,6,866.1519165039062,945.3724975585938,129.6290283203125,134.31011962890625,0.7702005505561829,1,0,-1
247,6,867.4706420898438,941.7353515625,128.78961181640625,137.97998046875,0.7260794043540955,1,0,-1
248,6,867.7423706054688,939.0004272460938,129.9541015625,140.83111572265625,0.7423911094665527,1,0,-1
249,6,868.711669921875,934.6032104492188,129.3770751953125,145.23345947265625,0.6691902875900269,1,0,-1
250,6,870.8260498046875,928.6484985351562,128.18316650390625,151.19891357421875,0.578346312046051,1,0,-1
251,6,873.055419921875,924.5165405273438,126.93780517578125,155.32318115234375,0.5127531290054321,1,0,-1
252,6,876.950439453125,921.1298217773438,122.42913818359375,158.69329833984375,0.5557535886764526,1,0,-1
253,6,879.229248046875,918.52587890625,121.443359375,161.2557373046875,0.5865668058395386,1,0,-1
254,6,880.3546752929688,915.5014038085938,121.52557373046875,164.33233642578125,0.5525498390197754,1,0,-1
255,6,881.7406616210938,910.0696411132812,123.06146240234375,169.69818115234375,0.6038764119148254,1,0,-1
256,6,883.3545532226562,902.3270874023438,123.57867431640625,177.51153564453125,0.5845715999603271,1,0,-1
257,6,883.904052734375,900.81103515625,125.480224609375,179.1007080078125,0.5758510231971741,1,0,-1
258,6,884.6508178710938,898.3616943359375,126.8060302734375,181.5379638671875,0.5958206057548523,1,0,-1
259,6,886.6936645507812,897.2363891601562,126.72760009765625,182.46624755859375,0.6185736656188965,1,0,-1
260,6,887.3427124023438,895.4468383789062,126.47503662109375,183.47808837890625,0.6081154942512512,1,0,-1
268,6,891.0713500976562,859.6788330078125,128.7200927734375,186.8919677734375,0.5177640318870544,1,0,-1
269,6,891.6062622070312,854.721435546875,128.26849365234375,187.953125,0.5817579627037048,1,0,-1
270,6,892.2356567382812,850.8955688476562,127.8779296875,189.17327880859375,0.5687791109085083,1,0,-1
