45,727,577.6304321289062,988.8104248046875,72.7109375,90.91796875,0.5075701475143433,1,0,-1
46,727,577.9483032226562,986.7156982421875,72.713623046875,92.9007568359375,0.5046058893203735,1,0,-1
52,727,577.5072021484375,974.1631469726562,75.429931640625,105.71197509765625,0.5025711059570312,1,0,-1
54,727,576.5488891601562,973.3521728515625,75.68365478515625,106.645263671875,0.5371032953262329,1,0,-1
55,727,576.2388916015625,973.7071533203125,74.44219970703125,106.1719970703125,0.5439952611923218,1,0,-1
56,727,575.343017578125,973.7700805664062,74.56329345703125,106.17657470703125,0.5462621450424194,1,0,-1
57,727,574.7030029296875,972.7763671875,75.35137939453125,107.2236328125,0.5564936995506287,1,0,-1
59,727,574.2005004882812,972.115234375,76.6856689453125,107.884765625,0.5444185137748718,1,0,-1
60,727,573.0682983398438,972.5419311523438,77.05511474609375,107.45806884765625,0.5351399183273315,1,0,-1
63,727,568.2941284179688,974.5133056640625,79.00335693359375,105.4866943359375,0.5119987726211548,1,0,-1
66,727,562.4609985351562,978.6004638671875,85.0682373046875,101.3995361328125,0.5435535907745361,1,0,-1
67,727,560.5162963867188,980.6454467773438,87.4676513671875,99.35455322265625,0.5937684178352356,1,0,-1
68,727,559.1586303710938,983.2573852539062,87.82177734375,96.74261474609375,0.5942047834396362,1,0,-1
69,727,557.3099365234375,985.6732177734375,89.41070556640625,94.3267822265625,0.5150758624076843,1,0,-1
70,727,554.9267578125,988.415771484375,92.2774658203125,91.584228515625,0.6049562692642212,1,0,-1
71,727,553.857666015625,990.5845947265625,91.7889404296875,89.4154052734375,0.5713450312614441,1,0,-1
72,727,550.7630615234375,992.128662109375,94.288818359375,87.871337890625,0.6391857266426086,1,0,-1
73,727,549.6595458984375,994.4035034179688,93.49566650390625,85.59649658203125,0.6695045232772827,1,0,-1
74,727,547.805419921875,997.6013793945312,93.97967529296875,82.39862060546875,0.6854380965232849,1,0,-1
75,727,545.896728515625,1000.780029296875,93.66912841796875,79.219970703125,0.6615063548088074,1,0,-1
76,727,543.1259765625,1004.1011962890625,93.53594970703125,75.8988037109375,0.6273149251937866,1,0,-1
77,727,539.8310546875,1007.566650390625,95.045166015625,72.433349609375,0.6235443353652954,1,0,-1
78,727,537.4525146484375,1008.683837890625,95.028076171875,71.316162109375,0.6079909205436707,1,0,-1
79,727,534.9827270507812,1010.7145385742188,97.34234619140625,69.28546142578125,0.5838230848312378,1,0,-1
80,727,532.8079223632812,1012.6472778320312,97.0521240234375,67.33892822265625,0.611544668674469,1,0,-1
81,727,531.095458984375,1014.8058471679688,94.71630859375,65.19415283203125,0.5438233017921448,1,0,-1
