1,879,1244.821533203125,0.0,154.4940185546875,66.9919204711914,0.8481383919715881,1,6,-1
2,879,1249.2864990234375,0.0,153.2694091796875,69.85508728027344,0.8254995346069336,1,6,-1
2,972,1874.5899658203125,280.265380859375,44.3892822265625,176.128173828125,0.64262455701828,1,17,-1
3,879,1251.1307373046875,3.2833213806152344,152.6060791015625,66.97541809082031,0.7492619752883911,1,6,-1
3,972,1874.52880859375,280.2001037597656,44.44287109375,177.44302368164062,0.6496756672859192,1,17,-1
4,879,1251.810302734375,4.368524074554443,152.2135009765625,66.567138671875,0.7286279797554016,1,6,-1
4,972,1874.3521728515625,280.4841003417969,44.6005859375,178.274658203125,0.6649615168571472,1,17,-1
5,879,1252.57568359375,4.223881244659424,151.5810546875,67.15666198730469,0.7488410472869873,1,6,-1
5,972,1874.1480712890625,281.52642822265625,44.8333740234375,178.07806396484375,0.6378998160362244,1,17,-1
6,879,1253.029296875,3.8161933422088623,151.478515625,67.93962097167969,0.8403745889663696,1,6,-1
6,972,1873.9246826171875,282.3245544433594,45.0499267578125,180.23629760742188,0.6284187436103821,1,17,-1
7,879,1253.256591796875,3.505549192428589,151.9381103515625,68.48249816894531,0.9012433290481567,1,6,-1
7,972,1874.1387939453125,283.5368957519531,44.8951416015625,181.53466796875,0.6136755347251892,1,17,-1
8,879,1253.6064453125,3.340690851211548,152.5145263671875,69.33613586425781,0.9119122624397278,1,6,-1
8,972,1874.755615234375,285.4770812988281,44.27392578125,182.16494750976562,0.5418944358825684,1,17,-1
9,879,1254.278564453125,3.129523992538452,153.4990234375,70.19453430175781,0.90157151222229,1,6,-1
9,972,1875.2431640625,288.9893493652344,43.8519287109375,180.20718383789062,0.556146502494812,1,17,-1
10,879,1255.353759765625,2.980104684829712,151.9952392578125,70.87549591064453,0.9287356734275818,1,6,-1
10,972,1875.96630859375,291.58770751953125,43.1922607421875,178.66802978515625,0.5815080404281616,1,17,-1
11,879,1256.105712890625,2.477031946182251,152.4302978515625,72.50320434570312,0.9397050738334656,1,6,-1
12,879,1256.729248046875,2.4270434379577637,153.4627685546875,73.63675689697266,0.9444125890731812,1,6,-1
13,879,1258.1951904296875,2.385937452316284,154.146484375,74.693603515625,0.9415359497070312,1,6,-1
14,879,1259.0430908203125,2.348884105682373,155.0316162109375,75.61288452148438,0.832191526889801,1,6,-1
15,879,1258.8768310546875,1.7642968893051147,155.47021484375,76.5240478515625,0.9336398243904114,1,6,-1
16,879,1259.8062744140625,1.8815135955810547,155.317626953125,78.1399917602539,0.7746121287345886,1,6,-1
17,879,1260.888916015625,1.7792394161224365,154.27099609375,78.62896728515625,0.8022148013114929,1,6,-1
18,879,1261.3463134765625,1.7148096561431885,154.4581298828125,78.76478576660156,0.5882275104522705,1,6,-1
19,879,1261.177490234375,1.187530279159546,154.9276123046875,80.63365173339844,0.6289677023887634,1,6,-1
20,879,1261.89208984375,1.3130582571029663,154.945068359375,81.3875503540039,0.9138633012771606,1,6,-1
21,879,1261.7222900390625,1.249596118927002,155.595947265625,82.7902603149414,0.9253684878349304,1,6,-1
21,972,1878.5220947265625,325.8535461425781,40.46337890625,170.58450317382812,0.5389891266822815,1,17,-1
22,879,1260.966552734375,1.2669427394866943,155.625244140625,83.8052749633789,0.913129448890686,1,6,-1
22,972,1875.5111083984375,326.6052551269531,42.683349609375,176.26593017578125,0.6299384236335754,1,17,-1
23,879,1259.8626708984375,1.1401175260543823,155.5341796875,86.0469741821289,0.7140582799911499,1,6,-1
23,972,1871.3509521484375,323.5588684082031,46.045166015625,187.50152587890625,0.6954655051231384,1,17,-1
24,879,1257.4652099609375,0.6644279360771179,155.3624267578125,87.50302124023438,0.9526577591896057,1,6,-1
24,972,1865.4276123046875,318.4900817871094,51.09033203125,200.33901977539062,0.6346642971038818,1,17,-1
25,879,1254.2381591796875,0.5628688335418701,154.318603515625,88.85633087158203,0.9487290382385254,1,6,-1
26,879,1250.8089599609375,0.4493439793586731,152.09912109375,89.54793548583984,0.9527847170829773,1,6,-1
26,972,1848.4085693359375,306.8257751464844,66.568603515625,230.31503295898438,0.5399349927902222,1,6,-1
27,879,1245.478271484375,0.5400804281234741,152.859375,90.61541748046875,0.9556185603141785,1,6,-1
27,972,1837.945556640625,296.5649719238281,76.41748046875,251.72109985351562,0.5120411515235901,1,6,-1
28,879,1239.871826171875,0.571194052696228,152.889892578125,91.8310775756836,0.9618733525276184,1,6,-1
28,972,1827.430419921875,286.45782470703125,86.5504150390625,272.5281982421875,0.521199643611908,1,6,-1
29,879,1234.1326904296875,0.5658279061317444,153.50146484375,92.10354614257812,0.9605614542961121,1,6,-1
29,972,1816.7249755859375,274.0783996582031,97.216064453125,296.9034118652344,0.7326484322547913,1,6,-1
30,879,1229.66259765625,0.23838526010513306,151.591552734375,93.19837951660156,0.9550735950469971,1,6,-1
30,972,1806.057861328125,263.9895935058594,108.07958984375,317.6266784667969,0.595310389995575,1,6,-1
31,879,1224.3984375,0.10781654715538025,151.1337890625,94.70989990234375,0.9525285959243774,1,6,-1
31,972,1793.708984375,250.4234619140625,120.5111083984375,342.7513427734375,0.6707131862640381,1,6,-1
32,879,1218.006103515625,0.037361424416303635,151.7908935546875,95.67915344238281,0.942493200302124,1,6,-1
32,972,1783.37744140625,239.83010864257812,131.4381103515625,363.5033264160156,0.7626338601112366,1,6,-1
33,879,1213.1937255859375,0.0,149.95849609375,95.79375457763672,0.9489057660102844,1,6,-1
33,972,1773.121337890625,228.43341064453125,142.0565185546875,383.3218994140625,0.623330295085907,1,6,-1
34,879,1207.6541748046875,0.027302350848913193,149.8428955078125,96.12003326416016,0.9490447044372559,1,6,-1
34,972,1763.632568359375,217.48220825195312,151.73095703125,404.4526672363281,0.839446485042572,1,6,-1
35,879,1203.4371337890625,0.08668970316648483,149.3720703125,96.03307342529297,0.9571527242660522,1,6,-1
35,972,1753.935791015625,207.03213500976562,162.0335693359375,424.6933288574219,0.5164209008216858,1,6,-1
36,879,1198.5216064453125,0.22760114073753357,149.757568359375,96.34586334228516,0.9634382724761963,1,6,-1
36,972,1746.132568359375,197.35421752929688,170.832763671875,443.7610168457031,0.5674123167991638,1,6,-1
37,879,1195.569091796875,0.3344867527484894,149.929443359375,97.46522521972656,0.9581335783004761,1,6,-1
38,879,1192.9998779296875,0.3166731297969818,149.9971923828125,98.33085632324219,0.9613041281700134,1,6,-1
39,879,1191.5496826171875,0.3217090964317322,149.312744140625,99.87297821044922,0.9594913125038147,1,6,-1
40,879,1190.114501953125,0.4142085313796997,149.718017578125,101.70100402832031,0.954004168510437,1,6,-1
41,879,1189.060302734375,0.5665565133094788,149.9361572265625,102.7966079711914,0.9495777487754822,1,6,-1
42,879,1187.8118896484375,0.5612926483154297,150.043212890625,103.65772247314453,0.9423227310180664,1,6,-1
43,879,1186.4691162109375,1.0963966846466064,150.232666015625,104.87531280517578,0.9511146545410156,1,6,-1
44,879,1186.3812255859375,1.3670170307159424,149.669921875,106.11682891845703,0.9575383067131042,1,6,-1
45,879,1185.703857421875,1.4899706840515137,148.5889892578125,107.88558197021484,0.9602500200271606,1,6,-1
46,879,1185.4168701171875,1.7454942464828491,148.3095703125,110.20480346679688,0.9588179588317871,1,6,-1
47,879,1184.8482666015625,1.8780252933502197,148.7760009765625,110.43292999267578,0.9602426886558533,1,6,-1
48,879,1184.6676025390625,2.0531857013702393,147.5584716796875,112.53804779052734,0.9688671827316284,1,6,-1
49,879,1183.5400390625,2.129575490951538,147.09130859375,113.40309143066406,0.9680041670799255,1,6,-1
50,879,1183.255615234375,2.2829134464263916,146.6181640625,115.86904907226562,0.9656418561935425,1,6,-1
51,879,1182.25,2.064260482788086,147.3353271484375,118.07186126708984,0.9586268663406372,1,6,-1
52,879,1182.3494873046875,1.9376832246780396,146.9215087890625,119.02951049804688,0.9541758894920349,1,6,-1
53,879,1181.7803955078125,1.9394640922546387,147.5828857421875,121.41271209716797,0.9580873847007751,1,6,-1
54,879,1181.2471923828125,1.7920100688934326,146.5137939453125,122.48731994628906,0.9512982368469238,1,6,-1
55,879,1181.103759765625,1.723353385925293,145.7672119140625,124.31318664550781,0.9541983008384705,1,6,-1
56,879,1180.7276611328125,1.6838769912719727,145.9002685546875,125.91261291503906,0.9548511505126953,1,6,-1
57,879,1181.137939453125,1.7115556001663208,145.0135498046875,128.05453491210938,0.948150634765625,1,6,-1
58,879,1181.288818359375,1.8088111877441406,145.21923828125,129.7591552734375,0.9570562839508057,1,6,-1
59,879,1181.55224609375,1.9118616580963135,145.7320556640625,130.7490997314453,0.9504022002220154,1,6,-1
60,879,1183.2767333984375,1.923457145690918,144.5540771484375,131.24046325683594,0.9523622989654541,1,6,-1
61,879,1185.171630859375,1.9459364414215088,144.4149169921875,132.9289093017578,0.958595871925354,1,6,-1
62,879,1187.0887451171875,1.821111798286438,144.1614990234375,134.45095825195312,0.9639660716056824,1,6,-1
62,975,142.97702026367188,1.6796760559082031,102.34941101074219,38.697509765625,0.8731330037117004,1,6,-1
63,879,1189.002685546875,1.4972494840621948,144.188232421875,135.626953125,0.9615986943244934,1,6,-1
63,975,142.5351104736328,1.576494574546814,106.32740783691406,40.73667526245117,0.8464558124542236,1,6,-1
64,879,1190.6385498046875,1.2084424495697021,143.75,137.25689697265625,0.9588672518730164,1,6,-1
64,975,142.83470153808594,1.6630483865737915,109.1312255859375,42.700435638427734,0.8547584414482117,1,6,-1
65,879,1191.9405517578125,1.4918949604034424,144.33837890625,137.49954223632812,0.9564347267150879,1,6,-1
65,975,142.1306915283203,1.6941128969192505,112.65849304199219,46.34099197387695,0.8631475567817688,1,6,-1
66,879,1192.742431640625,1.7706260681152344,145.05419921875,138.0966033935547,0.9584872126579285,1,6,-1
66,975,141.1572723388672,1.7485686540603638,114.77684020996094,49.14253234863281,0.8963450193405151,1,6,-1
67,879,1193.313232421875,1.920403003692627,145.89501953125,138.88677978515625,0.9608114957809448,1,6,-1
67,975,140.0915069580078,1.7282270193099976,117.71485900878906,54.63121795654297,0.8855156898498535,1,6,-1
68,879,1193.4835205078125,1.9019120931625366,146.1104736328125,140.02256774902344,0.9636179208755493,1,6,-1
68,975,139.30487060546875,1.7602496147155762,119.269775390625,55.295589447021484,0.8799548745155334,1,6,-1
69,879,1193.2989501953125,2.0410242080688477,146.0877685546875,140.66067504882812,0.962878942489624,1,6,-1
69,975,137.97781372070312,1.638552188873291,120.27093505859375,56.005828857421875,0.8809025883674622,1,6,-1
70,879,1192.583984375,2.1805412769317627,146.2325439453125,140.62696838378906,0.960654079914093,1,6,-1
70,975,136.69125366210938,1.6892865896224976,121.51382446289062,57.38302230834961,0.8719080090522766,1,6,-1
71,879,1192.06689453125,2.2874526977539062,145.771728515625,140.47421264648438,0.9611514806747437,1,6,-1
71,975,134.7200927734375,1.5511475801467896,122.02255249023438,61.007205963134766,0.8512925505638123,1,6,-1
72,879,1191.122314453125,2.2613816261291504,144.4029541015625,141.21640014648438,0.959617555141449,1,6,-1
72,975,131.22323608398438,1.570232629776001,124.43275451660156,62.375457763671875,0.8035571575164795,1,6,-1
73,879,1190.2200927734375,2.46932315826416,144.3582763671875,140.89031982421875,0.9595382809638977,1,6,-1
73,975,129.35525512695312,2.204077959060669,123.22828674316406,62.93799591064453,0.6746211647987366,1,6,-1
74,879,1187.9276123046875,2.3811733722686768,145.4263916015625,141.38523864746094,0.953550398349762,1,6,-1
74,975,127.36416625976562,2.306762933731079,122.35792541503906,63.95072937011719,0.8078403472900391,1,6,-1
75,879,1186.681640625,2.147547721862793,145.47021484375,142.625732421875,0.9630470871925354,1,6,-1
75,975,124.75496673583984,2.161262035369873,122.74974822998047,65.7236099243164,0.8744418621063232,1,6,-1
76,879,1185.49267578125,2.1771583557128906,145.3057861328125,142.2041778564453,0.960344672203064,1,6,-1
76,975,122.97966766357422,2.0433342456817627,123.26178741455078,65.54000854492188,0.8640167117118835,1,6,-1
77,879,1184.089599609375,2.300912380218506,144.8292236328125,142.5074462890625,0.9605984091758728,1,6,-1
77,975,120.73448944091797,1.8795725107192993,122.65087127685547,66.10438537597656,0.8718175292015076,1,6,-1
78,879,1183.310546875,2.3317556381225586,144.1431884765625,142.25225830078125,0.9577968716621399,1,6,-1
78,975,118.22258758544922,1.907012939453125,123.1020736694336,66.72245788574219,0.8574177026748657,1,6,-1
79,879,1181.91259765625,2.295818567276001,145.2384033203125,142.0955810546875,0.9653878211975098,1,6,-1
79,975,113.99060821533203,1.8808256387710571,125.9449691772461,66.1937255859375,0.8635678291320801,1,6,-1
80,879,1180.3345947265625,2.3580286502838135,145.34814453125,142.13479614257812,0.9541824460029602,1,6,-1
80,975,112.5432357788086,2.0058557987213135,126.54837799072266,67.39768981933594,0.8733945488929749,1,6,-1
81,879,1180.170654296875,2.0799903869628906,144.2620849609375,143.52987670898438,0.948262095451355,1,6,-1
81,975,111.99832916259766,1.9895519018173218,125.31832122802734,68.67731475830078,0.8956762552261353,1,6,-1
82,879,1178.5355224609375,2.256852388381958,144.728759765625,143.57098388671875,0.9474773406982422,1,6,-1
82,975,108.43191528320312,2.027503490447998,127.65936279296875,68.5751724243164,0.8277400135993958,1,6,-1
83,879,1177.3782958984375,2.178961753845215,145.4404296875,143.5703582763672,0.9504812359809875,1,6,-1
83,975,105.34353637695312,1.8567627668380737,129.1264190673828,69.07231903076172,0.7449157238006592,1,6,-1
84,879,1175.8289794921875,2.0167999267578125,145.5501708984375,143.9182891845703,0.9021217226982117,1,6,-1
84,975,103.2751235961914,1.7172966003417969,130.11312866210938,70.71528625488281,0.7429376840591431,1,6,-1
85,879,1174.84375,1.9841750860214233,144.8126220703125,144.19972229003906,0.9001625180244446,1,6,-1
86,879,1173.49951171875,2.1111111640930176,145.1673583984375,144.1920166015625,0.9231114983558655,1,6,-1
86,975,101.39962005615234,1.9857758283615112,127.38141632080078,70.4140853881836,0.8069317936897278,1,6,-1
87,879,1172.014404296875,1.987471580505371,145.6898193359375,144.27645874023438,0.9232982993125916,1,6,-1
87,975,96.98681640625,2.2632274627685547,128.35052490234375,71.16072845458984,0.7164936065673828,1,6,-1
88,879,1170.712158203125,2.0535919666290283,145.7950439453125,144.41702270507812,0.8195958733558655,1,6,-1
88,975,93.95008087158203,2.421942710876465,129.20272827148438,72.20462036132812,0.5867058038711548,1,6,-1
89,879,1170.2196044921875,2.1072871685028076,145.603515625,145.3664093017578,0.775693416595459,1,6,-1
89,975,91.13788604736328,1.8756040334701538,129.31155395507812,71.80579376220703,0.7342132925987244,1,6,-1
90,879,1168.9937744140625,2.3323891162872314,146.2769775390625,144.98789978027344,0.7665449380874634,1,6,-1
90,975,89.0294418334961,1.6439831256866455,131.5533447265625,73.71027374267578,0.5265631675720215,1,6,-1
91,879,1167.8973388671875,2.4374773502349854,145.623291015625,145.33944702148438,0.8613848090171814,1,6,-1
91,975,87.95369720458984,2.2755045890808105,130.64895629882812,72.73843383789062,0.7439639568328857,1,6,-1
92,879,1167.5826416015625,2.3227596282958984,144.526611328125,145.8760528564453,0.8358542919158936,1,6,-1
92,975,85.98066711425781,2.849780321121216,131.03103637695312,71.83930206298828,0.7307119369506836,1,6,-1
93,879,1166.92578125,2.421952486038208,143.9178466796875,146.2470245361328,0.6924862265586853,1,6,-1
94,879,1166.27294921875,2.8330676555633545,144.5885009765625,146.26004028320312,0.7604908347129822,1,6,-1
94,975,78.6355209350586,1.9987022876739502,134.9775390625,75.69288635253906,0.6296149492263794,1,6,-1
95,879,1165.4649658203125,2.844040632247925,145.0579833984375,146.75299072265625,0.8244737982749939,1,6,-1
96,879,1164.3006591796875,2.587661027908325,145.300048828125,147.3946533203125,0.825774610042572,1,6,-1
96,975,75.59639739990234,2.7466328144073486,134.54116821289062,75.49783325195312,0.5229393243789673,1,6,-1
97,879,1162.530029296875,2.11096453666687,146.1697998046875,148.9530029296875,0.8347170948982239,1,6,-1
98,879,1162.119140625,1.9316486120224,145.337646484375,149.61680603027344,0.7127901315689087,1,6,-1
99,879,1161.4345703125,2.1556167602539062,144.7667236328125,150.52734375,0.8529824614524841,1,6,-1
100,879,1160.3529052734375,2.253204822540283,144.5955810546875,151.7733612060547,0.8967172503471375,1,6,-1
100,975,64.36151885986328,0.6904944181442261,140.20285034179688,83.12935638427734,0.6471131443977356,1,6,-1
101,879,1159.250732421875,2.760044813156128,145.3232421875,151.8388214111328,0.8611528873443604,1,6,-1
101,975,60.12614059448242,0.6200107336044312,142.41494750976562,83.89417266845703,0.677503764629364,1,6,-1
102,879,1158.2850341796875,2.5939574241638184,145.333984375,152.94065856933594,0.9006457328796387,1,6,-1
102,975,57.73615646362305,0.6976147890090942,143.14939880371094,84.7135238647461,0.693001389503479,1,6,-1
103,879,1156.8756103515625,2.7386744022369385,145.28857421875,153.73097229003906,0.7993093729019165,1,6,-1
103,975,54.86252212524414,0.74650639295578,143.9839324951172,86.2380599975586,0.5384924411773682,1,6,-1
104,879,1156.2330322265625,2.553555965423584,144.8514404296875,154.61817932128906,0.781151533126831,1,6,-1
104,975,52.88753890991211,0.9206932187080383,144.8350067138672,87.50448608398438,0.5107560157775879,1,6,-1
105,879,1155.021728515625,2.5239315032958984,144.4091796875,155.28961181640625,0.7989582419395447,1,6,-1
106,879,1153.7886962890625,2.5464577674865723,145.0184326171875,155.63519287109375,0.8688988089561462,1,6,-1
107,879,1152.4176025390625,2.5367696285247803,145.3428955078125,156.5086669921875,0.871734082698822,1,6,-1
108,879,1151.057861328125,2.255544900894165,144.8919677734375,157.4032745361328,0.8943067193031311,1,6,-1
109,879,1149.784423828125,2.221160411834717,144.9996337890625,158.09934997558594,0.8447036147117615,1,6,-1
110,879,1148.31103515625,2.386859655380249,144.6268310546875,158.3594207763672,0.7969880104064941,1,6,-1
110,975,35.55064392089844,1.484616756439209,149.87594604492188,93.90894317626953,0.6821305155754089,1,6,-1
111,879,1147.303955078125,2.62770676612854,144.896240234375,159.66055297851562,0.8226285576820374,1,6,-1
111,975,32.774627685546875,1.4651747941970825,151.3118896484375,96.85330963134766,0.6185892224311829,1,6,-1
112,879,1146.308837890625,2.529113292694092,144.096923828125,160.4662322998047,0.7954201102256775,1,6,-1
112,975,30.718420028686523,1.216575026512146,151.02426147460938,99.69446563720703,0.6918526291847229,1,6,-1
113,879,1145.4595947265625,2.627073287963867,142.6888427734375,161.2311553955078,0.7664284110069275,1,6,-1
113,975,29.012989044189453,1.1967899799346924,150.31893920898438,100.06597900390625,0.5778462290763855,1,6,-1
114,879,1144.42333984375,2.90242075920105,142.45654296875,161.77447509765625,0.7267796993255615,1,6,-1
114,975,25.655548095703125,1.1865490674972534,151.73345947265625,101.7970199584961,0.6036836504936218,1,6,-1
115,879,1143.3525390625,3.1052143573760986,142.4605712890625,162.67759704589844,0.779802680015564,1,6,-1
115,975,21.607378005981445,0.9776051044464111,154.47633361816406,104.12673950195312,0.5243985056877136,1,6,-1
116,879,1141.58642578125,3.705839157104492,143.269287109375,162.7388916015625,0.5770424604415894,1,6,-1
116,975,18.581119537353516,0.9523440599441528,156.57916259765625,105.93067169189453,0.5083684325218201,1,6,-1
117,879,1139.920654296875,4.176200866699219,143.721923828125,163.45465087890625,0.6392688751220703,1,6,-1
118,879,1138.625244140625,4.2484517097473145,143.6363525390625,165.0620880126953,0.7175726890563965,1,6,-1
119,879,1137.6982421875,4.5609450340271,143.652587890625,164.64535522460938,0.7369764447212219,1,6,-1
120,879,1136.6866455078125,5.106979846954346,143.6204833984375,164.73764038085938,0.6411084532737732,1,6,-1
121,879,1136.09228515625,5.561933517456055,143.708984375,165.1446990966797,0.6979361176490784,1,6,-1
122,879,1135.5950927734375,6.769914627075195,142.8560791015625,165.02706909179688,0.568885087966919,1,6,-1
123,879,1134.7330322265625,8.8716402053833,142.994140625,163.9228973388672,0.5370326042175293,1,6,-1
128,975,0.0,1.351793646812439,156.1521759033203,122.66512298583984,0.5237526297569275,1,6,-1
128,879,1131.7122802734375,16.945600509643555,143.08984375,160.54336547851562,0.5054008960723877,1,6,-1
129,879,1131.2879638671875,19.506044387817383,142.4742431640625,159.72036743164062,0.5996195673942566,1,6,-1
130,879,1130.26025390625,20.967849731445312,141.583740234375,159.72982788085938,0.5710390210151672,1,6,-1
131,879,1128.596435546875,21.785324096679688,143.06787109375,160.82676696777344,0.5543041229248047,1,6,-1
143,879,1113.358154296875,34.502777099609375,142.8304443359375,160.53846740722656,0.50633704662323,1,6,-1
146,879,1109.7188720703125,35.97726821899414,142.228515625,160.98919677734375,0.6785204410552979,1,6,-1
147,879,1108.603515625,37.05617904663086,142.0499267578125,160.53448486328125,0.7723568677902222,1,6,-1
148,879,1107.0655517578125,37.10639953613281,142.5543212890625,161.22044372558594,0.6646119356155396,1,6,-1
149,879,1106.07275390625,38.24822998046875,142.749267578125,160.4918975830078,0.6323697566986084,1,6,-1
150,879,1105.2320556640625,39.19403076171875,142.4078369140625,160.29177856445312,0.6630846261978149,1,6,-1
151,879,1103.468017578125,39.46674346923828,142.178955078125,160.17660522460938,0.5682461857795715,1,6,-1
295,980,549.9991455078125,500.90972900390625,129.46038818359375,231.71826171875,0.6947031021118164,1,6,-1
299,980,515.8630981445312,507.5005187988281,129.19744873046875,230.66390991210938,0.6015352606773376,1,6,-1
300,980,506.9324951171875,508.9332275390625,130.3599853515625,230.63897705078125,0.6721304059028625,1,6,-1
308,980,425.4202575683594,517.9642333984375,136.34603881835938,234.63018798828125,0.7989315390586853,1,6,-1
309,980,413.7472839355469,518.2874145507812,137.99765014648438,235.53497314453125,0.7942690253257751,1,6,-1
310,980,403.2983703613281,518.29833984375,139.19125366210938,236.54541015625,0.9068006873130798,1,6,-1
311,980,392.5668640136719,518.40673828125,140.12460327148438,237.3604736328125,0.7894802093505859,1,6,-1
312,980,382.15057373046875,519.2291259765625,140.943115234375,235.283203125,0.8169480562210083,1,6,-1
313,980,371.4432373046875,519.7050170898438,141.73052978515625,235.87432861328125,0.9398301243782043,1,6,-1
314,980,361.2786560058594,520.17236328125,142.02120971679688,237.07232666015625,0.7872499823570251,1,6,-1
315,980,352.3091125488281,521.0072631835938,142.42755126953125,237.8472900390625,0.8526608347892761,1,6,-1
316,980,341.6743469238281,521.8199462890625,143.908935546875,236.737060546875,0.9130039215087891,1,6,-1
317,980,332.3331298828125,522.1583251953125,144.04788208007812,235.04888916015625,0.9413473606109619,1,6,-1
318,980,322.4040832519531,521.8511962890625,144.84829711914062,233.84722900390625,0.9440693259239197,1,6,-1
319,980,313.1395568847656,521.0830078125,144.97689819335938,235.0030517578125,0.8605835437774658,1,6,-1
320,980,304.9082946777344,520.1749877929688,144.14263916015625,235.47430419921875,0.8929140567779541,1,6,-1
321,980,295.2845458984375,519.9281005859375,145.91864013671875,233.5611572265625,0.9275552034378052,1,6,-1
322,980,286.6565246582031,519.8005981445312,145.70327758789062,232.73345947265625,0.9238488078117371,1,6,-1
323,980,277.279052734375,519.4649658203125,146.5201416015625,233.4420166015625,0.953216552734375,1,6,-1
324,980,267.7669677734375,519.4417724609375,147.07568359375,233.5738525390625,0.9457727670669556,1,6,-1
325,980,259.4084777832031,519.6774291992188,146.12423706054688,232.80511474609375,0.9377661347389221,1,6,-1
325,981,844.4091186523438,115.32331848144531,143.845703125,170.9170379638672,0.6855008006095886,1,6,-1
326,980,250.42869567871094,519.72998046875,147.9692840576172,234.2705078125,0.932500958442688,1,6,-1
326,981,841.9864501953125,114.6366958618164,143.84210205078125,170.87197875976562,0.5340970754623413,1,6,-1
327,980,241.74916076660156,521.053466796875,147.7367401123047,233.5574951171875,0.9486533999443054,1,6,-1
328,980,233.3356475830078,522.9786987304688,147.9451141357422,231.52301025390625,0.934980034828186,1,6,-1
328,981,835.912109375,113.83319854736328,144.29681396484375,169.18841552734375,0.5129196643829346,1,6,-1
329,980,224.4937286376953,524.1378173828125,148.8218536376953,231.02783203125,0.9538214802742004,1,6,-1
330,980,216.70108032226562,526.0805053710938,148.28329467773438,232.14892578125,0.9124246835708618,1,6,-1
330,981,832.0895385742188,114.52357482910156,142.64971923828125,169.1838836669922,0.5155829787254333,1,6,-1
331,980,209.7843017578125,528.293212890625,146.29043579101562,232.12506103515625,0.9025676250457764,1,6,-1
331,981,830.0061645507812,114.70799255371094,142.5845947265625,169.6946258544922,0.5742653608322144,1,6,-1
332,981,827.4139404296875,114.9573974609375,142.58953857421875,169.99996948242188,0.6014077067375183,1,6,-1
333,981,824.90625,115.36536407470703,142.73211669921875,169.97052001953125,0.6846683621406555,1,6,-1
333,980,193.62086486816406,533.98486328125,146.8737335205078,229.48089599609375,0.8019102215766907,1,6,-1
334,981,822.6931762695312,116.0517349243164,141.763671875,170.44070434570312,0.6469690203666687,1,6,-1
334,980,186.3492889404297,539.1637573242188,146.5688934326172,224.11724853515625,0.6712363362312317,1,6,-1
335,981,820.0182495117188,118.03302001953125,142.10015869140625,169.3485107421875,0.5932620763778687,1,6,-1
335,980,178.47412109375,541.4103393554688,147.95172119140625,223.8736572265625,0.7376145124435425,1,6,-1
336,981,817.49755859375,119.45498657226562,142.30169677734375,169.12994384765625,0.5493226051330566,1,6,-1
338,981,813.2943725585938,123.73500061035156,143.60919189453125,168.0404815673828,0.5547503232955933,1,6,-1
341,980,143.7226104736328,561.8025512695312,146.88148498535156,221.08001708984375,0.5068960189819336,1,6,-1
343,980,135.4149627685547,568.9439697265625,145.80677795410156,220.60040283203125,0.7157498598098755,1,6,-1
344,981,804.2427368164062,136.87033081054688,141.06298828125,167.441162109375,0.5084454417228699,1,6,-1
347,980,122.90263366699219,585.9780883789062,143.6862030029297,216.92193603515625,0.5186490416526794,1,6,-1
364,980,69.89997863769531,639.05712890625,132.43939208984375,197.87506103515625,0.8063510060310364,1,6,-1
365,980,67.85012817382812,642.0870361328125,131.18374633789062,195.1177978515625,0.7560083270072937,1,6,-1
384,983,741.0587768554688,229.6899871826172,129.4609375,153.9566192626953,0.7123548984527588,1,6,-1
385,983,739.2702026367188,235.12010192871094,129.63226318359375,153.5730743408203,0.6781651973724365,1,6,-1
385,980,35.08058166503906,732.510009765625,209.3287811279297,345.97314453125,0.6394261121749878,1,6,-1
386,980,33.21296691894531,739.7719116210938,208.08253479003906,340.22808837890625,0.8573048710823059,1,6,-1
387,980,31.157766342163086,746.6758422851562,204.15328979492188,333.32415771484375,0.8358206748962402,1,6,-1
387,983,736.76904296875,242.70335388183594,128.3057861328125,154.47373962402344,0.6589762568473816,1,6,-1
388,980,28.638113021850586,754.1499633789062,199.97332763671875,325.85003662109375,0.8995558023452759,1,6,-1
389,980,25.608108520507812,760.9546508789062,195.21629333496094,319.04534912109375,0.9205687046051025,1,6,-1
390,980,23.061546325683594,767.2177124023438,189.76077270507812,312.78228759765625,0.8951826691627502,1,6,-1
390,983,731.986572265625,255.35720825195312,129.6612548828125,152.40679931640625,0.5350222587585449,1,6,-1
391,980,20.290252685546875,773.0537109375,185.3096923828125,306.9462890625,0.6903675198554993,1,6,-1
392,980,16.975902557373047,780.1880493164062,180.1890869140625,299.81195068359375,0.7858759164810181,1,6,-1
393,980,13.749141693115234,786.8942260742188,175.80946350097656,293.10577392578125,0.5673587322235107,1,6,-1
393,983,727.391845703125,266.41046142578125,127.886474609375,152.62310791015625,0.5327375531196594,1,6,-1
394,980,10.510828971862793,791.9674072265625,171.0113983154297,288.0325927734375,0.714720606803894,1,6,-1
395,980,7.462422847747803,797.027099609375,167.31167602539062,282.972900390625,0.8317411541938782,1,6,-1
396,980,3.3596668243408203,803.4107055664062,163.9573516845703,276.58929443359375,0.8983463048934937,1,6,-1
396,983,723.966064453125,276.17913818359375,126.317626953125,152.81112670898438,0.5788088440895081,1,6,-1
397,980,0.9667977094650269,808.3983764648438,159.0399932861328,271.60162353515625,0.9050459265708923,1,6,-1
397,983,722.4714965820312,280.6824951171875,126.60107421875,150.15371704101562,0.5061778426170349,1,6,-1
398,980,0.0,813.7659912109375,154.23341369628906,266.2340087890625,0.8892516493797302,1,6,-1
398,983,721.1708984375,283.2291259765625,126.10833740234375,150.01327514648438,0.5256553888320923,1,6,-1
399,980,0.0,817.835205078125,147.76089477539062,262.164794921875,0.88264399766922,1,6,-1
400,980,0.0,820.801513671875,139.41021728515625,258.9832763671875,0.8810470104217529,1,6,-1
401,980,0.0,825.4844970703125,133.75181579589844,253.9642333984375,0.8396725058555603,1,6,-1
402,980,0.0,828.130615234375,128.4358673095703,250.42626953125,0.722992479801178,1,6,-1
403,980,0.0,830.19775390625,111.44127655029297,209.8497314453125,0.7864485383033752,1,6,-1
404,980,0.0,831.5235595703125,105.8823013305664,208.5821533203125,0.7003371119499207,1,6,-1
405,980,0.07035230845212936,833.2559814453125,105.34735870361328,230.9112548828125,0.7349686026573181,1,6,-1
406,980,0.2721128463745117,834.8560791015625,102.10369110107422,238.1771240234375,0.7308710217475891,1,6,-1
407,980,0.22925563156604767,835.8338012695312,95.1624755859375,231.29595947265625,0.6390607357025146,1,6,-1
408,980,0.3884589374065399,837.1588745117188,92.74219512939453,236.58074951171875,0.7322458624839783,1,6,-1
409,980,0.4488206207752228,837.9262084960938,92.45909118652344,239.03692626953125,0.5958008170127869,1,6,-1
410,980,0.3171687722206116,838.8011474609375,88.09162902832031,239.223388671875,0.6084920167922974,1,6,-1
411,980,0.42144379019737244,838.1759643554688,82.32112121582031,241.19989013671875,0.6921601891517639,1,6,-1
412,980,0.606087327003479,838.3779296875,75.30431365966797,240.6109619140625,0.6550983786582947,1,6,-1
413,980,0.7664418816566467,839.3565063476562,70.36619567871094,238.48260498046875,0.73987877368927,1,6,-1
414,980,0.7105687856674194,839.6597290039062,66.41030883789062,238.46783447265625,0.7177861928939819,1,6,-1
415,980,0.6835097074508667,839.1197509765625,62.21536636352539,239.117431640625,0.6563133001327515,1,6,-1
427,983,660.8898315429688,286.18914794921875,122.44384765625,152.2947998046875,0.6860901117324829,1,6,-1
428,983,651.3399047851562,286.83203125,123.78448486328125,152.26950073242188,0.563815176486969,1,6,-1
429,983,642.8903198242188,289.6995544433594,125.9793701171875,151.87200927734375,0.716616153717041,1,6,-1
430,983,639.1766967773438,290.36431884765625,126.40167236328125,151.76885986328125,0.6865383982658386,1,6,-1
431,983,636.2503051757812,292.14105224609375,126.46026611328125,152.4261474609375,0.5457903146743774,1,6,-1
457,983,608.88232421875,248.73118591308594,130.0982666015625,156.08470153808594,0.6222082376480103,1,12,-1
469,983,593.6857299804688,200.21066284179688,133.145751953125,158.72418212890625,0.7048980593681335,1,6,-1
472,983,589.2645874023438,191.72108459472656,134.135498046875,161.4068145751953,0.547950029373169,1,6,-1
